Rk	Team	Conf	G	Rec	AdjOE	AdjDE	Barthag	EFG%	EFGD%	TOR	TORD	ORB	DRB	FTR	FTRD	2P%	2P%D	3P%	3P%D	3PR	3PRD	Adj T.	WAB
1	Kentucky
   1 seed, CHAMPS	SEC	34	32–2
16–0	119.7
3	88.5
9	.9702
1	53.4
26	41.6
1	17.2
20	18.1
281	38.4
17	31.0
120	40.0
74	25.6
7	52.5
21	38.8
1	37.1
56	32.1
72	27.3
297	30.0
74	66.1
173	+11.3
1
2	Ohio St.
   2 seed, Final Four	B10	34	27–7
13–5	115.5
9	85.5
1	.9695
2	52.5
50	46.3
51	17.4
25	22.5
54	35.7
51	24.9
2	37.0
157	28.6
26	53.8
11	45.3
70	32.6
242	32.2
76	26.1
316	35.5
261	68.1
77	+7.7
8
3	Kansas
   2 seed, Finals	B12	33	27–6
16–2	114.7
14	88.1
8	.9542
3	54.0
14	43.9
10	19.6
135	20.7
145	34.9
68	28.6
48	41.1
54	34.3
130	54.1
9	40.0
2	35.8
98	34.7
185	30.5
225	32.2
147	67.9
86	+8.2
6
4	Michigan St.
   1 seed, Sweet Sixteen	B10	34	27–7
13–5	112.7
21	86.7
3	.9532
4	52.7
43	43.0
6	19.8
151	19.7
190	37.2
23	27.5
26	39.0
102	34.2
124	51.9
31	42.6
13	36.5
73	29.2
9	27.8
287	35.6
265	66.1
173	+8.6
4
5	North Carolina
   1 seed, Elite Eight	ACC	34	29–5
14–2	115.8
8	89.6
12	.9502
5	50.0
136	45.1
28	16.2
9	18.5
260	40.5
7	27.7
30	38.1
125	22.0
1	49.6
103	43.5
29	34.0
175	31.9
63	22.9
339	35.9
275	72.7
7	+8.3
5
6	Missouri
   2 seed, R64	B12	34	30–4
14–4	124.0
1	96.6
83	.9462
6	57.8
2	49.7
204	15.4
3	21.6
95	30.6
227	31.9
159	37.7
138	27.2
14	56.9
1	47.6
165	39.5
13	36.2
260	37.5
73	30.8
94	66.7
137	+8.7
3
7	Syracuse
   1 seed, Elite Eight	BE	33	31–2
17–1	115.4
10	90.1
14	.9449
7	51.9
62	44.0
14	16.0
7	25.2
5	36.6
26	39.3
341	31.8
281	29.8
39	52.0
29	42.9
18	34.5
150	30.6
25	31.3
203	36.1
280	66.2
169	+10.8
2
8	Wisconsin
   4 seed, Sweet Sixteen	B10	33	24–9
12–6	110.6
37	87.4
4	.9379
8	49.7
143	41.8
2	15.1
2	18.5
260	30.4
232	28.1
38	31.1
300	29.9
40	46.6
215	41.3
4	36.1
87	28.9
7	40.4
31	24.0
3	58.8
345	+4.8
14
9	Wichita St.
   5 seed, R64	MVC	31	26–5
16–2	115.9
7	92.6
27	.9297
9	54.2
12	44.7
22	17.9
45	18.7
248	33.5
137	26.3
9	35.2
197	33.4
108	53.5
13	43.5
29	37.0
58	31.4
45	33.1
164	32.4
158	66.8
131	+4.4
17
10	Saint Louis
   9 seed, R32	A10	31	24–7
12–4	111.0
31	89.6
11	.9219
10	52.1
58	44.9
23	17.8
42	23.4
29	31.9
181	29.4
64	35.1
202	37.4
199	50.2
81	43.8
35	36.9
61	32.1
72	36.3
97	25.6
9	62.4
317	+2.8
29
11	Indiana
   4 seed, Sweet Sixteen	B10	33	25–8
11–7	119.1
4	96.5
82	.9184
11	54.7
7	47.7
113	19.1
105	20.3
161	35.5
56	31.2
130	46.6
6	34.2
124	50.8
58	45.5
78	43.3
2	34.9
191	27.7
289	31.7
123	67.8
94	+5.7
12
12	Georgetown
   3 seed, R32	BE	30	22–8
12–6	110.3
40	89.5
10	.9166
12	51.0
86	42.9
4	19.6
135	20.1
166	35.9
46	30.3
88	39.4
84	36.1
173	50.8
58	44.3
45	34.3
161	26.6
1	30.1
233	32.5
159	63.4
289	+4.6
16
13	Duke
   2 seed, R64	ACC	33	27–6
13–3	117.1
6	95.3
61	.9150
13	53.0
35	47.1
85	17.7
38	18.8
240	34.7
79	32.2
174	45.3
13	31.9
69	50.9
53	47.0
137	37.6
45	31.7
51	38.4
59	23.9
2	68.3
71	+8.0
7
14	Florida
   7 seed, Elite Eight	SEC	33	23–10
10–6	120.5
2	98.1
112	.9142
14	54.7
7	49.0
174	16.6
15	19.7
190	33.8
118	31.0
120	33.0
255	30.7
49	51.7
37	46.9
133	39.0
19	35.6
227	44.4
6	31.8
129	65.6
197	+3.0
22
15	Vanderbilt
   5 seed, R32	SEC	34	24–10
10–6	113.9
16	92.7
28	.9142
15	54.0
14	46.6
62	19.8
151	19.2
219	32.1
172	32.0
164	39.6
80	29.1
30	50.8
58	46.9
133	38.9
20	30.7
27	41.3
20	31.4
117	65.9
186	+4.0
20
16	Memphis
   8 seed, R64	CUSA	34	26–8
13–3	112.6
22	92.1
21	.9095
16	54.4
10	43.3
7	18.7
80	20.5
153	31.4
205	32.9
205	41.6
48	38.3
219	54.0
10	41.8
8	36.9
61	31.0
35	26.9
306	31.1
106	68.4
68	+3.0
23
17	Baylor
   3 seed, Elite Eight	B12	33	26–7
12–6	114.4
15	93.6
37	.9090
17	52.6
48	47.2
93	20.6
190	21.3
115	37.6
20	32.9
205	36.5
171	31.7
67	50.8
58	45.5
78	37.7
38	33.9
149	31.9
191	33.0
177	66.7
137	+7.0
9
18	New Mexico
   5 seed, R32	MWC	32	26–6
10–4	109.1
49	89.9
13	.9034
18	52.9
37	44.1
15	20.0
160	21.4
107	34.0
106	27.3
24	39.3
89	32.0
72	50.1
87	42.8
17	38.5
24	30.9
33	36.9
80	36.5
296	66.8
131	+2.9
26
19	Florida St.
   3 seed, R32	ACC	33	24–9
12–4	106.5
76	88.1
7	.8985
19	51.4
75	43.7
9	23.7
324	22.2
66	35.7
51	33.0
211	35.2
197	34.3
130	50.7
64	42.5
12	35.3
119	30.5
22	31.6
194	36.9
305	67.7
96	+4.3
18
20	Louisville
   4 seed, Final Four	BE	35	26–9
10–8	103.7
126	85.9
2	.8975
20	47.6
223	42.9
4	21.4
246	23.2
32	36.2
35	34.3
258	37.0
157	34.8
144	48.1
160	41.3
4	31.1
291	30.8
30	33.2
163	32.0
135	67.5
104	+5.5
13
21	Marquette
   3 seed, Sweet Sixteen	BE	32	25–7
14–4	110.9
34	91.9
20	.8963
21	50.8
99	45.8
39	18.8
84	23.6
23	34.4
88	36.2
309	41.5
49	31.1
53	51.0
51	44.7
58	33.7
195	32.1
72	29.2
257	32.3
153	71.1
16	+6.1
11
22	Michigan
   4 seed, R64	B10	32	23–9
13–5	113.4
17	95.0
57	.8851
22	53.6
21	48.8
163	17.6
35	20.1
166	28.1
280	30.9
117	28.9
327	30.0
41	54.2
8	46.9
133	35.3
119	35.0
198	44.2
8	33.1
183	61.8
325	+6.2
10
23	Alabama
   9 seed, R64	SEC	32	21–11
9–7	105.0
102	88.1
6	.8829
23	49.0
170	43.4
8	20.4
179	21.4
107	33.9
112	31.9
159	36.5
171	38.6
224	51.4
43	43.9
37	28.5
331	28.3
4	27.1
302	32.9
172	63.1
297	+1.6
39
24	Virginia
   10 seed, R64	ACC	31	22–9
9–7	104.3
113	87.6
5	.8813
24	50.9
92	44.3
17	18.6
73	21.1
123	27.9
285	25.4
4	35.8
185	31.1
53	51.1
50	44.3
45	33.7
195	29.5
12	29.5
248	32.0
135	60.4
337	+2.0
35
25	UNLV
   6 seed, R64	MWC	32	24–8
9–5	109.3
47	92.3
24	.8753
25	53.2
29	46.1
44	19.5
130	21.0
128	32.6
159	30.2
85	35.8
185	33.4
108	51.6
40	44.4
47	37.3
53	33.1
114	38.5
55	33.0
177	69.9
29	+2.8
28
Rk	Team	Conf	G	Rec	AdjOE	AdjDE	Barthag	Efg%	EfgD%	TOR	TORD	ORB	DRB	FTR	FTRD	2P%	2P%D	3P%	3P%D	3PR	3PRD	Adj T.	WAB
26	Kansas St.
   8 seed, R32	B12	31	21–10
10–8	107.9
64	91.5
17	.8695
26	49.3
160	45.8
39	21.3
242	23.8
20	40.8
5	33.7
237	42.9
32	41.6
274	48.5
142	44.9
60	34.2
169	31.8
57	29.7
241	31.3
114	67.5
104	+2.1
34
27	Cincinnati
   6 seed, Sweet Sixteen	BE	34	24–10
12–6	108.7
54	92.2
23	.8694
27	48.0
202	46.1
44	16.4
10	21.7
89	36.1
40	34.7
274	29.4
321	25.6
7	46.1
227	45.5
78	34.3
161	31.7
51	34.9
118	30.9
98	64.2
264	+3.0
24
28	California
   12 seed, R68	P12	34	24–10
13–5	109.3
46	92.7
29	.8691
28	51.7
65	46.5
60	18.2
54	19.4
206	32.0
177	27.2
22	34.1
230	26.7
12	50.9
53	45.3
70	36.3
81	32.9
100	22.9
339	29.9
71	66.8
131	+1.8
37
29	Temple
   5 seed, R64	A10	30	23–7
12–3	113.0
20	96.2
75	.8647
29	53.2
29	48.6
157	17.9
45	19.4
206	31.3
210	31.4
137	34.3
220	33.4
108	50.3
79	47.8
169	39.9
10	33.7
140	31.2
206	28.6
42	67.3
112	+4.2
19
30	Purdue
   10 seed, R32	B10	33	21–12
10–8	115.0
12	98.0
109	.8619
30	51.2
82	50.5
233	13.4
1	19.8
182	32.0
177	30.8
112	34.1
230	34.2
124	47.9
166	49.1
215	37.7
38	35.6
227	37.6
72	33.2
186	65.5
202	+1.8
38
31	Gonzaga
   7 seed, R32	WCC	31	25–6
13–3	110.6
38	94.3
45	.8612
31	53.4
26	46.6
62	19.9
157	19.6
198	34.8
72	27.8
31	47.0
5	26.5
11	51.9
31	46.5
110	37.6
45	31.2
39	32.3
183	33.8
204	66.2
169	+2.1
33
32	Connecticut
   9 seed, R64	BE	33	20–13
8–10	110.3
41	94.3
44	.8576
32	50.2
125	44.4
18	19.3
119	16.9
319	36.8
25	34.6
268	34.4
216	24.9
5	50.5
73	40.5
3	33.1
227	34.3
166	29.2
257	35.2
249	64.2
264	+0.47
49
33	Belmont
   14 seed, R64	ASun	33	26–7
16–2	115.2
11	98.6
119	.8560
33	55.7
5	47.8
121	17.6
35	20.7
145	34.6
84	31.9
159	39.2
95	35.8
165	54.7
6	46.6
113	38.1
29	33.7
140	39.9
38	30.9
98	68.1
77	+0.9
45
34	Iowa St.
   8 seed, R32	B12	32	22–10
12–6	111.2
30	95.3
62	.8553
34	52.9
37	48.3
147	18.5
64	17.6
298	32.2
171	26.3
9	38.7
114	25.7
9	50.0
95	49.9
248	38.0
31	29.8
15	42.2
17	31.7
123	67.2
118	+1.9
36
35	Creighton
   8 seed, R32	MVC	33	28–5
14–4	118.4
5	101.8
188	.8504
35	58.3
1	49.3
186	18.1
51	15.3
343	31.6
189	26.1
8	39.2
95	29.4
32	55.5
3	47.5
159	42.5
3	35.6
227	35.0
117	30.9
98	67.4
110	+4.8
15
36	West Virginia
   10 seed, R64	BE	32	19–13
9–9	110.9
33	95.5
63	.8480
36	48.7
181	49.4
194	19.3
119	20.3
161	41.2
4	30.3
88	38.1
125	31.2
57	50.1
87	50.2
259	30.2
315	31.7
51	30.3
228	30.4
81	65.5
202	-0.20
61
37	Harvard
   12 seed, R64	Ivy	29	25–4
12–2	106.9
73	92.6
26	.8399
37	52.5
50	44.9
23	20.5
186	19.8
182	30.9
221	26.7
16	42.7
37	29.1
30	52.2
26	42.9
18	35.5
112	33.6
136	34.4
127	26.8
16	61.2
330	+2.3
30
38	Texas
   11 seed, R64	B12	33	20–13
9–9	110.9
36	96.2
74	.8368
38	48.7
181	46.9
78	18.7
80	20.3
161	38.9
15	34.6
268	43.1
26	41.9
281	48.6
138	44.2
42	32.7
238	35.3
211	31.1
210	30.8
94	65.7
191	+0.8
46
39	N.C. State
   11 seed, Sweet Sixteen	ACC	34	22–12
9–7	111.4
27	96.9
85	.8338
39	50.9
92	47.4
102	18.8
84	18.4
265	35.8
47	30.8
112	36.0
181	32.4
79	50.1
87	45.7
83	35.5
112	33.8
146	26.1
316	33.0
177	68.1
77	+0.45
51
40	La Salle	A10	34	21–13
9–7	107.1
68	93.1
34	.8331
40	53.2
29	46.0
43	18.8
84	22.8
46	27.3
298	34.0
245	29.8
315	34.6
141	49.3
115	45.5
78	40.6
5	31.5
48	33.7
143	27.1
19	68.6
61	-2.0
86
41	Stanford	P12	33	22–11
10–8	105.1
100	91.6
18	.8298
41	50.1
127	46.8
74	20.2
165	21.8
83	35.1
61	28.0
36	38.3
122	38.0
210	47.6
181	45.3
70	36.8
67	33.5
130	32.3
183	30.4
81	67.3
112	-1.4
77
42	Saint Mary's
   7 seed, R64	WCC	30	25–5
14–2	112.0
23	97.7
102	.8275
42	53.6
21	48.4
149	18.1
51	18.5
260	36.0
44	26.3
9	39.6
80	29.0
29	54.7
6	45.9
91	34.4
154	36.8
280	38.5
55	26.8
16	64.5
253	+2.9
27
43	Miami FL	ACC	32	20–12
9–7	110.0
43	96.2
76	.8243
43	50.1
127	47.3
98	17.6
35	19.6
198	32.5
164	32.6
196	33.2
254	32.8
91	48.0
164	46.7
119	35.7
103	32.3
79	37.7
68	34.9
245	64.2
264	-0.20
60
44	VCU
   12 seed, R32	CAA	34	28–6
15–3	106.1
85	93.0
31	.8207
44	47.6
223	47.1
85	17.4
25	27.3
1	33.8
118	34.0
245	37.3
150	37.9
208	45.6
256	46.9
133	33.7
195	31.8
57	38.8
50	30.4
81	66.1
173	+2.3
31
45	Murray St.
   6 seed, R32	OVC	28	27–1
15–1	108.1
60	94.8
53	.8184
45	54.7
7	46.1
44	20.9
215	24.0
16	34.7
79	34.8
277	46.4
9	35.1
152	51.3
45	46.7
119	40.7
4	29.5
12	35.2
111	27.1
19	66.1
173	+3.9
21
46	BYU
   14 seed, R64	WCC	32	24–8
12–4	104.9
104	92.2
22	.8155
46	52.3
53	47.5
106	18.0
49	21.5
101	30.3
237	26.4
13	36.6
167	34.1
121	52.4
23	47.9
173	34.8
140	31.2
39	32.6
176	36.3
291	72.9
6	+0.42
52
47	Middle Tennessee	SB	31	25–6
14–2	106.4
80	93.9
39	.8075
47	53.9
16	44.6
21	20.7
201	22.6
53	34.9
68	33.9
241	47.3
4	41.6
274	53.3
14	43.2
23	37.0
58	31.7
51	24.7
330	31.7
123	66.0
182	+0.8
47
48	St. Bonaventure
   14 seed, R64	A10	31	20–11
10–6	108.8
53	96.1
73	.8068
48	51.0
86	46.9
78	21.5
249	19.0
231	36.3
32	29.6
68	42.8
34	37.6
203	50.9
53	46.1
94	34.1
173	32.4
83	30.1
233	32.9
172	64.5
253	-1.0
72
49	Drexel	CAA	34	28–6
16–2	106.8
74	94.5
47	.8036
49	49.9
139	42.8
3	19.0
97	18.2
277	33.8
118	26.4
13	39.2
95	37.8
206	46.5
217	43.0
22	38.0
31	28.2
3	32.7
175	30.6
87	61.3
327	+1.2
41
50	Long Beach St.
   12 seed, R64	BW	31	23–8
15–1	108.2
58	95.7
65	.8033
50	52.6
48	47.4
102	19.0
97	21.7
89	34.2
97	31.6
152	43.4
23	27.3
15	52.0
29	45.7
83	35.8
98	34.2
162	33.6
149	31.8
129	67.2
118	+1.0
43
Rk	Team	Conf	G	Rec	AdjOE	AdjDE	Barthag	Efg%	EfgD%	TOR	TORD	ORB	DRB	FTR	FTRD	2P%	2P%D	3P%	3P%D	3PR	3PRD	Adj T.	WAB
51	South Florida
   12 seed, R32	BE	33	20–13
12–6	102.2
151	90.5
15	.8011
51	48.6
183	44.1
15	22.6
296	18.5
260	33.9
112	31.0
120	33.7
243	31.6
65	49.4
112	43.4
27	31.1
291	30.4
19	30.3
228	32.1
142	59.8
342	+0.01
59
52	Seton Hall	BE	33	21–12
8–10	104.8
106	93.1
33	.7967
52	50.1
127	46.4
53	19.0
97	21.9
79	32.1
172	30.1
79	32.3
272	34.5
137	47.9
166	46.8
125	36.0
89	30.4
19	34.6
123	34.7
239	66.0
182	+0.16
57
53	Pittsburgh	BE	34	18–16
5–13	113.0
19	100.4
154	.7955
53	51.0
86	49.4
194	21.0
224	17.7
292	41.7
3	31.5
146	31.7
284	32.4
79	50.5
73	49.3
228	34.7
146	33.2
119	32.6
176	32.6
163	63.4
289	-3.0
101
54	Northwestern	B10	32	19–13
8–10	114.9
13	102.3
201	.7923
54	53.8
17	51.5
266	15.8
6	19.9
178	26.3
314	36.3
316	33.8
238	29.4
32	50.6
67	50.5
270	38.6
23	35.6
227	43.9
9	35.2
249	63.5
285	+0.07
58
55	Xavier
   10 seed, Sweet Sixteen	A10	33	21–12
10–6	106.3
81	94.7
49	.7920
55	49.6
147	45.3
31	18.6
73	18.6
255	31.6
189	30.1
79	40.8
65	36.4
181	48.7
133	44.9
60	34.9
138	30.6
25	25.2
326	35.7
268	67.9
86	+0.7
48
56	Saint Joseph's	A10	34	20–14
9–7	109.2
48	97.3
96	.7906
56	53.1
33	45.5
34	18.8
84	15.4
342	29.8
251	31.7
155	36.3
175	27.5
16	52.4
23	42.2
11	36.3
81	35.0
198	33.4
157	31.7
123	66.1
173	-1.7
83
57	Notre Dame
   7 seed, R64	BE	33	22–11
13–5	108.0
62	96.3
77	.7898
57	49.2
165	45.5
34	16.0
7	17.3
310	30.7
226	32.1
168	37.9
131	24.7
4	49.1
122	45.1
67	32.9
233	31.0
35	36.8
83	28.1
35	62.2
321	+2.2
32
58	Mississippi St.	SEC	33	21–12
8–8	111.0
32	99.0
129	.7886
58	51.6
68	48.8
163	17.9
45	15.9
338	31.6
189	28.2
39	32.7
263	23.7
3	50.6
67	47.2
146	35.7
103	34.9
191	34.7
119	30.7
90	65.6
197	-0.5
66
59	Wyoming	MWC	30	19–11
6–8	102.5
144	91.4
16	.7884
59	51.4
75	46.7
70	19.0
97	22.5
54	24.0
333	26.4
13	38.8
111	36.1
173	51.8
35	46.6
113	33.9
182	31.3
41	38.6
53	32.6
163	60.8
335	-2.9
97
60	UCLA	P12	32	18–14
11–7	107.6
66	96.0
70	.7879
60	50.5
115	47.8
121	18.2
54	21.1
123	33.0
150	29.6
68	32.4
268	34.2
124	48.7
133	44.4
47	37.4
49	36.9
289	24.1
335	31.0
104	65.4
210	-3.6
104
61	Minnesota	B10	34	20–14
6–12	107.6
65	96.1
72	.7871
61	51.4
75	47.7
113	22.1
273	20.0
174	36.6
26	31.8
157	39.0
102	37.4
199	50.6
67	44.8
59	35.5
112	35.2
209	29.5
248	36.0
278	64.0
271	-1.1
73
62	Davidson
   13 seed, R64	SC	31	24–7
16–2	110.9
35	99.0
131	.7861
62	51.3
80	47.4
102	17.2
20	17.6
298	35.1
61	26.7
16	36.7
165	40.8
261	51.5
42	46.0
92	34.0
175	34.0
153	38.5
55	27.8
30	68.4
68	-0.32
64
63	Oregon	P12	32	23–9
13–5	111.3
29	99.5
141	.7848
63	53.0
35	48.8
163	19.5
130	19.1
222	33.0
150	31.2
130	38.3
122	31.1
53	51.3
45	48.0
177	37.5
47	33.6
136	34.7
119	30.4
81	67.7
96	+0.9
44
64	Southern Miss
   9 seed, R64	CUSA	31	23–8
11–5	110.2
42	98.7
120	.7821
64	46.3
276	50.4
230	16.4
10	21.3
115	36.6
26	28.5
46	40.2
72	39.6
242	43.3
313	48.8
209	35.5
112	36.1
255	30.0
237	30.2
78	64.7
244	+1.3
40
65	Ohio
   13 seed, Sweet Sixteen	MAC	33	26–7
11–5	104.2
118	93.4
35	.7795
65	49.0
170	47.2
93	19.6
135	26.5
2	35.1
61	33.6
234	36.6
167	43.5
302	48.4
147	48.2
188	33.3
213	30.3
17	38.1
62	35.5
261	67.3
112	+0.45
50
66	Iona
   14 seed, R68	MAAC	33	25–8
15–3	113.2
18	101.6
184	.7761
66	56.5
4	51.1
252	17.4
25	22.2
66	32.1
172	32.3
182	30.3
310	28.8
28	55.7
2	50.1
257	38.7
22	35.4
213	32.3
183	34.1
217	71.1
16	+0.19
56
67	Tennessee	SEC	32	18–14
10–6	105.2
97	94.4
46	.7759
67	49.7
143	46.1
44	20.9
215	17.9
286	33.8
118	30.0
76	38.0
129	35.1
152	48.2
152	43.9
37	35.0
135	34.5
173	35.1
113	28.0
33	65.0
230	-1.4
78
68	San Diego St.
   6 seed, R64	MWC	31	24–7
10–4	104.9
103	94.2
43	.7740
68	50.3
123	46.6
62	18.9
92	18.7
248	31.3
210	27.2
22	36.2
178	28.5
25	50.2
81	44.4
47	33.7
195	33.7
140	29.7
241	36.1
280	66.6
142	+2.9
25
69	Arizona	P12	35	23–12
12–6	105.3
94	94.8
54	.7706
69	51.0
86	44.9
23	19.0
97	18.1
281	30.6
227	30.0
76	44.5
16	32.7
87	47.6
181	45.8
87	37.8
37	28.5
5	37.7
68	30.3
79	65.4
210	+0.31
54
70	Washington	P12	32	22–10
14–4	108.1
59	97.3
97	.7702
70	50.1
127	47.1
85	18.5
64	19.3
215	38.0
18	31.4
137	37.3
150	39.0
233	49.5
108	46.1
94	34.3
161	33.0
108	28.8
272	29.8
70	70.4
25	+0.25
55
71	Villanova	BE	32	13–19
5–13	108.9
52	98.1
111	.7680
71	46.5
270	47.5
106	20.4
179	17.2
314	37.6
20	32.0
164	39.2
95	34.7
143	46.2
223	45.5
78	31.5
278	34.0
153	33.7
143	35.8
272	68.3
71	-5.2
137
72	South Dakota St.
   14 seed, R64	Sum	32	25–7
15–3	111.7
26	100.7
162	.7670
72	53.8
17	49.9
210	15.6
4	19.2
219	30.5
230	28.2
39	39.9
76	29.5
34	50.7
64	50.5
270	39.3
15	32.4
83	37.1
76	31.5
119	66.3
160	-0.41
65
73	Dayton	A10	33	20–13
9–7	111.4
28	100.6
158	.7640
73	50.7
103	50.1
223	19.7
148	19.5
204	36.3
32	31.1
127	33.4
248	37.3
196	50.2
81	50.0
252	34.3
161	33.5
130	40.3
33	31.1
106	65.3
215	-1.6
82
74	Colorado
   11 seed, R32	P12	32	21–11
11–7	104.2
120	94.2
42	.7615
74	49.3
160	47.0
82	19.2
117	18.7
248	29.3
263	28.5
46	43.0
28	32.5
83	48.5
142	45.8
87	34.1
173	32.9
100	31.6
194	34.5
230	65.9
186	-0.28
62
75	Denver	SB	31	22–9
11–5	109.1
50	98.7
122	.7605
75	57.3
3	48.4
149	19.5
130	23.6
23	23.5
338	32.6
196	35.2
197	40.6
257	55.5
3	46.2
100	39.8
11	36.3
262	42.9
11	25.8
10	61.3
327	-3.0
100
Rk	Team	Conf	G	Rec	AdjOE	AdjDE	Barthag	Efg%	EfgD%	TOR	TORD	ORB	DRB	FTR	FTRD	2P%	2P%D	3P%	3P%D	3PR	3PRD	Adj T.	WAB
76	Oregon St.	P12	33	19–14
7–11	110.3
39	99.8
144	.7599
76	52.3
53	51.6
270	19.3
119	23.1
33	34.1
101	33.5
231	43.9
19	38.8
232	51.7
37	48.6
201	35.9
93	39.2
332	29.5
248	29.5
61	71.3
15	-3.9
112
77	Illinois	B10	32	17–15
6–12	102.8
143	93.1
32	.7580
77	49.4
156	49.2
181	20.6
190	20.4
156	31.3
210	29.1
56	30.4
308	36.2
178	51.4
43	45.4
76	30.4
309	38.0
320	35.1
113	33.1
183	65.3
215	-1.2
75
78	Massachusetts	A10	34	23–11
9–7	104.5
110	95.1
58	.7476
78	49.6
147	46.6
62	19.8
151	22.2
66	34.4
88	33.1
218	32.9
258	38.0
210	47.7
176	46.1
94	35.4
118	31.6
50	35.8
106	35.4
257	74.1
3	-0.8
68
79	Virginia Tech	ACC	33	16–17
4–12	105.7
89	96.4
81	.7425
79	47.7
219	46.1
44	18.7
80	19.8
182	33.2
147	33.9
241	33.3
249	35.7
161	44.5
290	48.0
177	36.5
73	28.0
2	31.3
203	31.5
119	63.1
297	-4.7
123
80	Northern Iowa	MVC	32	19–13
9–9	104.7
107	95.7
66	.7375
80	50.1
127	50.0
216	17.4
25	19.3
215	24.7
329	26.0
7	34.7
214	28.1
21	45.7
246	48.3
193	38.0
31	35.4
213	39.3
45	34.1
217	62.8
308	-2.6
93
81	Cleveland St.	Horz	32	21–11
12–6	103.4
132	94.7
51	.7327
81	50.6
110	46.8
74	21.8
265	25.1
6	34.7
79	33.8
239	27.3
337	50.9
338	48.6
138	46.7
119	36.4
76	31.4
45	33.6
149	32.2
147	64.9
234	-2.1
89
82	Georgia St.	CAA	32	21–11
10–7	100.2
188	91.9
19	.7294
82	48.3
193	43.9
10	17.8
42	22.9
42	32.9
154	31.9
159	34.4
216	30.2
43	48.7
133	41.9
9	31.7
270	31.4
45	28.9
270	38.1
315	65.2
220	-5.0
129
83	Oklahoma	B12	31	15–16
5–13	105.5
92	96.9
86	.7280
83	47.3
244	49.5
197	18.9
92	20.3
161	36.2
35	31.1
127	31.1
300	32.2
74	45.8
240	48.6
201	35.2
129	34.1
155	21.9
341	38.5
319	67.1
123	-4.0
115
84	New Mexico St.
   13 seed, R64	WAC	33	24–9
10–4	106.1
86	97.4
98	.7267
84	50.7
103	47.8
121	20.7
201	20.4
156	40.7
6	29.7
73	52.8
1	33.2
99	51.3
45	47.7
166	32.8
237	32.0
69	24.6
333	31.6
121	71.1
16	-1.9
85
85	Colorado St.
   11 seed, R64	MWC	31	20–11
8–6	111.8
25	102.8
207	.7245
85	53.5
23	50.5
233	19.1
105	18.5
260	28.4
276	29.5
67	43.0
28	39.2
237	50.4
78	48.7
207	40.5
7	35.7
236	29.2
257	38.4
317	64.7
244	-0.9
71
86	Mississippi	SEC	34	20–14
8–8	103.1
137	94.8
52	.7238
86	47.2
249	46.8
74	21.0
224	19.7
190	35.8
47	32.4
187	42.5
40	33.4
108	47.1
200	43.5
29	31.6
274	35.1
203	24.8
329	36.4
293	66.5
150	-0.28
63
87	Clemson	ACC	31	16–15
8–8	103.4
131	95.2
59	.7214
87	48.3
193	48.7
160	19.0
97	22.8
46	33.0
150	30.3
88	31.4
293	30.2
43	48.3
150	46.3
105	32.1
260	36.0
249	31.3
203	31.2
111	64.0
271	-5.5
141
88	Missouri St.	MVC	31	15–16
9–9	103.9
123	95.7
67	.7199
88	48.6
183	47.1
85	16.4
10	18.3
271	27.5
293	28.0
36	28.7
329	38.1
216	47.8
171	44.1
40	33.7
195	34.9
191	30.5
225	35.8
272	63.7
280	-5.9
151
89	LSU	SEC	33	18–15
7–9	100.3
186	92.4
25	.7187
89	45.1
309	46.9
78	19.4
127	21.8
83	34.6
84	31.3
133	29.9
314	37.2
194	43.6
310	46.4
107	32.6
242	31.9
63	27.2
300	30.7
90	66.2
169	-2.3
90
90	Akron	MAC	33	21–12
13–3	105.1
101	96.9
88	.7161
90	51.5
69	46.4
53	21.0
224	20.6
149	34.8
72	33.2
222	40.0
74	34.0
120	50.1
87	47.3
149	36.4
76	29.6
14	29.6
246	29.5
61	67.8
94	-1.7
84
91	Iowa	B10	34	18–16
8–10	109.4
44	101.0
173	.7159
91	50.4
119	51.3
259	18.4
60	20.0
174	32.6
159	32.1
168	39.3
89	31.9
69	48.6
138	51.3
299	36.9
61	34.2
162	27.1
302	35.4
257	68.7
56	-2.7
96
92	Marshall	CUSA	34	20–14
9–7	107.1
69	99.0
127	.7124
92	48.1
199	49.2
181	19.6
135	18.4
265	40.5
7	29.9
75	37.9
131	40.5
255	49.3
115	49.9
248	30.4
309	31.7
51	31.5
197	28.4
40	66.0
182	-1.6
80
93	Lehigh
   15 seed, R32	Pat	32	25–7
11–3	106.7
75	98.8
126	.7085
93	50.9
92	47.1
85	16.8
18	21.4
107	31.4
205	29.2
59	37.4
146	33.3
105	49.7
99	45.7
83	35.5
112	33.3
123	36.1
100	32.2
147	68.7
56	-1.1
74
94	Wagner	NEC	31	25–6
15–3	103.7
127	96.4
79	.6991
94	49.9
139	45.1
28	19.4
127	25.0
7	35.5
56	34.2
255	39.0
102	48.2
332	47.9
166	44.6
56	36.0
89	30.9
33	32.0
190	27.9
32	68.3
71	-0.6
67
95	Richmond	A10	32	16–16
7–9	108.3
56	100.9
169	.6929
95	50.1
127	48.1
138	17.7
38	19.9
178	27.9
285	36.4
318	39.4
84	35.6
157	47.7
176	48.0
177	35.8
98	32.3
79	41.3
20	25.3
7	64.1
268	-5.3
138
96	Oral Roberts	Sum	34	27–7
17–1	109.4
45	102.0
193	.6903
96	53.5
23	52.3
293	19.8
151	21.0
128	35.1
61	28.7
49	41.8
44	32.4
79	53.3
14	51.2
294	35.9
93	36.6
272	28.4
276	29.5
61	64.4
259	+1.2
42
97	UCF	CUSA	31	20–11
10–6	104.6
108	97.7
100	.6877
97	47.8
210	47.7
113	19.3
119	19.1
222	36.5
30	32.2
174	39.6
80	32.7
87	49.1
122	48.1
184	30.2
315	31.3
41	32.8
171	34.0
210	64.1
268	-0.8
69
98	Arkansas	SEC	32	18–14
6–10	105.6
91	98.7
123	.6841
98	49.0
170	48.6
157	18.5
64	23.1
33	31.5
198	36.7
324	37.2
152	36.8
188	47.1
200	48.6
201	35.3
119	32.5
89	31.2
206	32.0
135	70.7
20	-3.6
105
99	Tulsa	CUSA	31	17–14
10–6	103.9
125	97.2
93	.6828
99	50.7
103	46.7
70	22.4
290	18.6
255	33.8
118	26.7
16	46.1
10	40.6
257	47.8
171	44.2
42	38.4
26	35.7
236	29.4
253	27.4
26	64.8
237	-5.4
140
100	Bucknell	Pat	33	24–9
12–2	105.2
96	98.5
118	.6808
100	51.5
69	46.1
44	18.4
60	16.3
331	30.2
239	22.9
1	38.6
116	34.5
137	48.9
128	42.9
18	38.8
21	34.5
173	27.5
294	36.5
296	64.1
268	-2.1
88
Rk	Team	Conf	G	Rec	AdjOE	AdjDE	Barthag	Efg%	EfgD%	TOR	TORD	ORB	DRB	FTR	FTRD	2P%	2P%D	3P%	3P%D	3PR	3PRD	Adj T.	WAB
101	Illinois St.	MVC	34	21–13
9–9	106.2
83	99.5
143	.6793
101	51.9
62	47.4
102	18.3
57	17.0
315	27.5
293	27.1
20	38.8
111	30.9
51	48.7
133	44.5
51	37.5
47	35.1
203	42.5
14	36.1
280	64.3
263	-3.7
108
102	Buffalo	MAC	29	19–10
12–4	104.4
111	97.9
105	.6770
102	52.3
53	45.3
31	22.0
270	16.7
326	34.8
72	29.3
60	38.9
110	32.1
73	52.5
21	42.7
15	34.7
146	33.3
123	34.7
119	35.3
252	68.8
51	-2.1
87
103	Montana
   13 seed, R64	BSky	29	23–6
15–1	100.8
174	94.6
48	.6756
103	52.9
37	44.9
23	18.6
73	22.2
66	27.8
289	31.4
137	39.8
77	39.0
233	50.8
58	43.3
25	38.3
28	32.4
83	31.6
194	29.1
54	65.7
191	-1.5
79
104	Nevada	WAC	32	26–6
13–1	104.3
114	97.9
107	.6732
104	51.4
75	46.4
53	20.6
190	18.8
240	35.2
60	30.2
85	43.4
23	28.3
23	48.9
128	45.0
64	37.4
49	32.6
91	34.4
127	34.0
210	64.8
237	+0.32
53
105	Princeton	Ivy	29	18–11
10–4	104.4
112	98.2
113	.6687
105	53.2
29	46.6
62	19.3
119	19.1
222	26.1
317	30.1
79	31.4
293	35.7
161	51.2
49	45.1
67	37.7
38	34.2
162	36.4
95	24.9
5	63.9
273	-3.9
113
106	Washington St.	P12	31	15–16
7–11	108.0
63	101.7
185	.6669
106	52.7
43	50.0
216	20.7
201	18.3
271	30.8
224	30.8
112	42.9
32	35.7
161	52.1
27	47.5
159	35.9
93	36.1
255	33.7
143	37.8
312	64.7
244	-6.6
157
107	Mercer	ASun	33	22–11
13–5	101.5
163	95.6
64	.6661
107	52.8
42	44.4
18	22.9
305	21.1
123	33.3
142	34.3
258	38.4
119	39.6
242	51.9
31	43.4
27	36.3
81	30.8
30	37.0
77	35.9
275	65.0
230	-3.8
109
108	Old Dominion	CAA	34	21–13
13–5	98.6
221	92.9
30	.6658
108	45.3
302	45.9
42	20.5
186	22.9
42	39.6
11	29.6
68	36.0
181	40.3
251	44.4
296	44.9
60	31.5
278	31.8
57	30.8
220	36.1
280	65.7
191	-3.9
111
109	Georgia	SEC	32	15–17
5–11	102.9
141	96.9
87	.6649
109	45.3
302	47.8
121	16.7
17	18.7
248	30.5
230	31.0
120	30.3
310	41.0
264	44.5
290	46.8
125	31.2
289	33.0
108	37.0
77	35.6
265	62.6
312	-3.7
107
110	Oklahoma St.	B12	32	14–18
7–11	104.2
121	98.3
114	.6601
110	48.0
202	47.8
121	17.5
31	18.7
248	23.8
335	34.0
245	38.5
118	35.9
166	46.9
204	47.9
173	33.3
213	31.7
51	35.8
106	30.8
94	66.6
142	-3.8
110
111	Fairfield	MAAC	34	20–14
12–6	99.4
205	93.9
40	.6595
111	50.7
103	45.8
39	22.6
296	23.8
20	34.2
97	32.5
191	32.8
261	38.6
224	49.6
103	43.5
29	35.3
119	34.5
173	34.6
123	27.8
30	64.8
237	-6.3
155
112	George Mason	CAA	33	24–9
14–4	102.0
155	96.3
78	.6577
112	50.7
103	44.5
20	22.2
279	20.9
134	33.9
112	32.9
205	40.9
58	37.6
203	51.0
51	42.6
13	33.2
223	32.2
76	26.3
313	32.3
153	67.9
86	-1.6
81
113	Maryland	ACC	32	17–15
6–10	106.2
82	100.5
155	.6544
113	47.5
230	48.0
133	19.6
135	16.1
334	34.3
94	32.0
164	46.5
8	33.1
97	46.1
227	47.2
146	33.9
182	33.2
119	29.2
257	31.1
106	67.0
125	-2.9
98
114	Texas A&M	B12	31	13–18
4–14	99.0
212	93.8
38	.6493
114	47.6
223	46.4
53	20.9
215	19.1
222	30.8
224	28.7
49	29.4
321	38.7
227	47.2
195	46.1
94	32.4
251	31.3
41	29.0
267	33.3
191	62.9
305	-5.5
142
115	Duquesne	A10	30	15–15
7–9	106.1
84	100.7
160	.6478
115	50.4
119	51.6
270	17.3
23	24.6
9	29.4
260	39.7
344	36.6
167	32.9
93	50.3
79	50.4
267	33.8
190	36.0
249	33.3
160	32.0
135	68.3
71	-4.6
122
116	UC Santa Barbara	BW	29	18–11
12–4	108.6
55	103.1
212	.6430
116	52.1
58	46.4
53	18.1
51	16.8
320	36.1
40	32.6
196	33.8
238	34.3
130	49.5
108	43.5
29	38.1
29	34.4
170	34.1
139	35.1
247	64.5
253	-3.5
103
117	UT Arlington	Slnd	32	23–9
15–1	103.0
139	97.9
106	.6419
117	50.4
119	48.0
133	22.3
284	24.3
13	36.9
24	30.8
112	46.6
6	36.0
170	49.1
122	46.4
107	35.3
119	33.5
130	34.2
134	40.6
331	71.6
13	-2.5
92
118	Valparaiso	Horz	33	21–12
14–4	105.3
95	100.2
150	.6398
118	53.8
17	48.1
138	22.0
270	17.7
292	27.9
285	29.3
60	43.6
21	35.9
166	55.5
3	47.4
150	34.2
169	33.2
119	40.1
35	31.6
121	65.2
220	-3.7
106
119	Weber St.	BSky	29	23–6
14–2	108.9
51	103.8
229	.6350
119	52.7
43	50.0
216	15.7
5	18.0
283	26.1
317	28.4
42	37.2
152	33.3
105	49.9
97	47.1
143	37.9
35	37.1
297	40.0
36	34.2
221	66.6
142	-0.9
70
120	Milwaukee	Horz	33	19–14
11–7	99.5
200	95.0
56	.6319
120	49.3
160	46.1
44	21.2
238	20.9
134	31.7
186	30.3
88	38.1
125	34.4
134	47.6
181	47.1
143	34.4
154	29.1
8	42.8
12	28.8
46	65.7
191	-4.7
124
121	Providence	BE	32	15–17
4–14	108.3
57	103.3
217	.6318
121	47.1
253	47.9
128	18.5
64	16.6
329	36.1
40	35.6
299	39.3
89	29.7
38	45.1
275	46.6
113	35.3
119	33.8
146	24.7
330	32.9
172	66.6
142	-4.9
128
122	Kent St.	MAC	31	20–11
10–6	104.1
122	99.3
138	.6312
122	50.6
110	48.5
153	20.4
179	23.5
27	33.7
124	34.9
279	36.0
181	31.6
65	49.6
103	46.8
125	35.3
119	34.6
181	31.1
210	33.2
186	67.9
86	-3.9
114
123	Rutgers	BE	32	14–18
6–12	100.3
183	96.0
71	.6235
123	47.1
253	48.2
144	22.3
284	23.6
23	36.6
26	35.3
291	31.7
284	46.3
326	45.8
240	46.8
125	33.5
206	33.7
140	28.0
286	36.5
296	66.4
155	-5.8
148
124	Butler	Horz	34	20–14
11–7	97.5
242	93.6
36	.6149
124	45.3
302	47.1
85	20.4
179	21.7
89	34.3
94	27.5
26	40.3
70	45.7
322	47.3
193	46.8
125	27.5
339	31.8
57	32.5
178	33.7
202	65.3
215	-4.8
125
125	Evansville	MVC	31	15–16
9–9	108.1
61	103.9
232	.6115
125	51.0
86	55.5
340	18.4
60	24.3
13	26.8
305	34.2
255	43.0
28	44.2
306	48.2
152	54.6
337	39.3
15	38.0
320	26.3
313	34.3
223	67.7
96	-5.6
144
Rk	Team	Conf	G	Rec	AdjOE	AdjDE	Barthag	Efg%	EfgD%	TOR	TORD	ORB	DRB	FTR	FTRD	2P%	2P%D	3P%	3P%D	3PR	3PRD	Adj T.	WAB
126	Penn	Ivy	32	20–12
11–3	102.4
145	98.8
125	.6035
126	51.5
69	48.8
163	19.6
135	22.0
74	26.9
301	31.8
157	29.8
315	42.0
282	48.4
147	47.5
159	37.9
35	34.1
155	36.8
83	34.7
239	63.3
294	-4.0
116
127	Detroit Mercy
   15 seed, R64	Horz	33	20–13
11–7	106.4
78	102.6
204	.6019
127	48.5
187	50.9
244	19.1
105	22.4
60	35.3
59	33.0
211	44.0
17	38.7
227	50.1
87	48.5
199	29.6
326	37.0
293	27.5
294	34.6
237	67.9
86	-5.1
136
128	Lamar
   16 seed, R68	Slnd	33	21–12
11–5	104.2
119	100.6
159	.5994
128	46.2
281	46.9
78	17.5
31	20.1
166	37.6
20	30.5
96	41.0
56	34.2
124	45.3
268	45.4
76	33.1
227	34.1
155	21.7
344	25.8
10	67.3
112	-4.2
119
129	East Tennessee St.	ASun	30	16–14
10–8	100.5
180	97.1
92	.5959
129	47.8
210	52.1
289	20.4
179	25.7
3	36.4
31	35.2
288	39.3
89	35.1
152	48.2
152	50.8
278	30.8
301	35.8
242	23.2
337	44.6
344	65.5
202	-6.8
161
130	Loyola MD
   15 seed, R64	MAAC	32	24–8
13–5	102.3
149	99.0
128	.5937
130	47.4
238	47.7
113	20.7
201	21.8
83	39.0
13	33.0
211	43.0
28	39.8
247	46.0
232	45.3
70	34.0
175	36.1
255	27.3
297	27.1
19	64.5
253	-1.4
76
131	Indiana St.	MVC	32	17–15
8–10	100.3
184	97.1
91	.5929
131	47.8
210	48.5
153	18.9
92	18.6
255	26.2
316	27.1
20	37.9
131	32.7
87	45.7
246	45.8
87	34.4
154	36.3
262	34.3
132	31.1
106	65.1
226	-4.2
118
132	Vermont
   16 seed, R64	AE	35	24–11
13–3	103.1
136	99.9
147	.5889
132	49.5
151	45.5
34	19.1
105	19.8
182	34.0
106	30.4
94	38.1
125	33.2
99	48.5
142	44.5
51	34.6
149	31.8
57	29.3
256	31.3
114	63.3
294	-5.4
139
133	Auburn	SEC	31	15–16
5–11	97.6
237	94.7
50	.5871
133	46.4
273	47.0
82	20.6
190	21.6
95	31.4
205	32.9
205	36.4
174	38.0
210	46.9
204	44.2
42	30.2
315	34.8
187	31.0
212	35.4
257	65.4
210	-5.1
134
134	Bowling Green	MAC	31	15–16
9–7	101.8
158	98.7
124	.5865
134	49.6
147	50.7
239	20.6
190	23.0
38	34.4
88	32.5
191	26.8
339	36.6
184	49.2
120	49.5
235	33.9
182	35.6
227	26.0
319	30.9
98	64.8
237	-7.2
166
135	Penn St.	B10	32	12–20
4–14	100.0
190	97.1
90	.5844
135	44.9
313	51.7
273	19.2
117	21.5
101	34.4
88	27.9
34	31.8
281	45.3
314	44.0
303	47.4
150	31.1
291	38.2
325	36.6
89	43.8
343	64.5
253	-6.1
154
136	Manhattan	MAAC	33	21–12
12–6	100.2
189	97.5
99	.5771
136	50.4
119	46.5
60	23.1
315	23.1
33	36.2
35	32.1
168	40.7
66	43.1
297	47.9
166	44.5
51	36.5
73	33.3
123	36.7
87	35.3
252	68.4
68	-5.9
149
137	DePaul	BE	31	12–19
3–15	107.0
71	104.2
237	.5769
137	49.5
151	52.5
301	18.5
64	21.7
89	31.4
205	38.8
339	26.4
341	40.9
262	49.2
120	52.3
314	33.5
206	35.4
213	34.2
134	24.3
4	72.7
7	-8.0
178
138	Robert Morris	NEC	35	25–10
13–5	103.2
134	100.5
157	.5763
138	47.7
219	49.7
204	21.0
224	24.0
16	40.0
9	31.0
120	42.8
34	48.5
333	45.3
268	47.5
159	34.9
138	35.6
227	33.7
143	38.1
315	63.8
277	-2.7
95
139	UNC Asheville
   16 seed, R64	BSth	30	21–9
16–2	107.2
67	104.4
246	.5747
139	52.7
43	51.4
260	19.1
105	22.4
60	32.9
154	35.0
282	48.5
3	36.1
173	52.9
19	50.4
267	34.8
140	35.4
213	33.5
152	34.5
230	69.6
35	-3.2
102
140	Utah St.	WAC	32	17–15
8–6	105.5
93	102.8
206	.5745
140	52.7
43	47.2
93	19.3
119	16.8
320	30.3
237	33.2
222	39.7
78	32.8
91	51.6
40	46.0
92	36.9
61	33.0
108	29.2
257	33.1
183	62.2
321	-8.3
181
141	St. John's	BE	32	13–19
6–12	103.1
138	100.4
153	.5744
141	45.6
295	50.2
224	19.6
135	21.5
101	34.4
88	39.3
341	39.5
83	28.7
27	46.7
209	49.9
248	28.2
332	33.9
149	25.6
322	36.7
301	67.3
112	-6.1
152
142	UAB	CUSA	31	15–16
9–7	98.5
225	96.0
69	.5731
142	47.7
219	46.6
62	22.8
301	18.8
240	34.8
72	31.3
133	36.3
175	29.6
36	45.7
246	44.1
40	34.4
154	34.8
187	33.4
157	30.3
79	62.3
319	-5.7
146
143	Charlotte	A10	30	13–17
5–11	98.8
216	96.4
80	.5716
143	46.9
260	48.9
171	20.2
165	20.9
134	30.0
245	30.5
96	39.0
102	34.2
124	45.8
240	48.1
184	32.5
250	33.5
130	35.1
113	37.2
307	68.5
64	-7.0
163
144	Drake	MVC	32	17–15
9–9	99.5
203	97.1
89	.5699
144	49.7
143	47.6
109	19.1
105	19.7
190	25.1
325	28.3
41	41.3
50	43.3
300	47.8
171	48.4
195	35.7
103	30.5
22	32.9
167	30.5
85	66.7
137	-5.1
135
145	Charleston	SC	31	19–12
10–8	101.5
165	99.1
134	.5683
145	49.5
151	47.2
93	19.1
105	20.8
140	29.9
249	35.5
296	38.6
116	25.7
9	48.8
130	46.8
125	33.8
190	32.0
69	41.0
25	32.7
166	67.7
96	-5.8
147
146	UTEP	CUSA	32	15–17
7–9	100.6
176	98.3
115	.5653
146	50.3
123	47.7
113	21.1
232	19.1
222	28.0
282	31.3
133	39.0
102	34.9
146	50.0
95	46.6
113	34.0
175	33.3
123	26.6
310	33.2
186	62.5
314	-7.5
169
147	Nebraska	B10	30	12–18
4–14	100.6
177	98.4
116	.5646
147	49.0
170	52.5
301	21.2
238	19.9
178	27.5
293	28.8
51	28.7
329	33.2
99	49.3
115	51.0
284	32.4
251	36.6
272	39.4
43	38.9
323	62.6
312	-5.0
131
148	East Carolina	CUSA	27	11–16
5–11	102.0
154	99.8
145	.5626
148	49.3
160	50.0
216	20.3
171	21.6
95	29.9
249	32.2
174	35.3
195	38.1
216	47.3
193	50.2
259	34.8
140	32.9
100	40.6
28	30.6
87	66.1
173	-8.5
182
149	Rice	CUSA	30	15–15
8–8	99.7
193	97.8
104	.5565
149	48.8
179	48.1
138	19.3
119	19.8
182	26.6
313	28.8
51	39.3
89	36.4
181	47.7
176	44.5
51	34.2
169	37.0
293	29.7
241	32.2
147	68.7
56	-7.2
165
150	Boise St.	MWC	29	12–17
3–11	104.3
115	102.3
200	.5559
150	49.0
170	53.0
311	18.6
73	19.6
198	32.0
177	25.4
4	36.0
181	39.2
237	47.4
188	50.3
263	34.2
169	38.3
327	40.6
28	37.5
309	65.8
190	-7.7
176
Rk	Team	Conf	G	Rec	AdjOE	AdjDE	Barthag	Efg%	EfgD%	TOR	TORD	ORB	DRB	FTR	FTRD	2P%	2P%D	3P%	3P%D	3PR	3PRD	Adj T.	WAB
151	Loyola Marymount	WCC	30	18–12
11–5	100.4
182	98.7
121	.5509
151	48.0
202	47.5
106	19.6
135	20.5
153	31.1
216	33.9
241	38.0
129	32.3
75	46.0
232	48.2
188	34.8
140	30.7
27	32.5
178	35.7
268	66.9
127	-4.1
117
152	TCU	MWC	31	17–14
7–7	105.1
98	103.4
219	.5469
152	49.5
151	53.5
319	19.6
135	21.6
95	30.1
242	30.5
96	39.0
102	41.5
270	46.7
209	52.4
317	36.3
81	37.4
305	35.9
103	29.6
65	68.8
51	-5.0
130
153	Oakland	Sum	32	17–15
11–7	111.9
24	110.1
317	.5466
153	53.5
23	55.4
339	17.4
25	18.6
255	31.4
205	30.6
104	41.7
46	32.5
83	50.9
53	53.7
333	38.0
31	39.2
332	42.6
13	34.0
210	70.9
19	-7.3
167
154	North Dakota St.	Sum	30	16–14
9–9	105.1
99	103.4
221	.5463
154	54.3
11	49.1
178	18.6
73	18.3
271	27.5
293	28.8
51	39.2
95	41.7
276	53.8
11	46.5
110	36.8
67	36.8
280	32.3
183	29.4
58	66.9
127	-7.6
174
155	American	Pat	32	20–12
10–4	101.0
172	99.5
142	.5434
155	49.3
160	46.3
51	17.5
31	17.4
304	26.7
311	30.5
96	33.8
238	32.7
87	44.1
301	46.1
94	39.4
14	31.0
35	34.3
132	33.7
202	62.8
308	-5.1
133
156	South Carolina	SEC	31	10–21
2–14	102.4
147	101.0
172	.5414
156	46.2
281	51.0
248	20.4
179	22.7
50	36.1
40	37.6
333	26.7
340	40.4
254	44.6
287	48.0
177	32.6
242	37.9
315	36.5
91	33.4
195	62.5
314	-8.9
192
157	Stony Brook	AE	31	21–10
14–2	101.4
167	100.1
149	.5383
157	47.7
219	49.6
200	19.6
135	21.4
107	39.2
12	25.6
6	31.4
293	27.9
19	47.0
202	47.1
143	32.6
242	35.7
236	33.7
143	39.2
326	62.4
317	-4.4
120
158	Idaho	WAC	30	17–13
9–5	105.8
88	104.5
248	.5361
158	53.8
17	48.9
171	20.2
165	16.7
326	31.8
184	32.0
164	41.7
46	31.3
60	51.3
45	47.4
150	39.3
15	34.6
181	32.8
171	34.3
223	63.1
297	-6.7
158
159	USC Upstate	ASun	30	18–12
13–5	101.6
162	100.3
152	.5352
159	49.0
170	51.2
255	21.6
254	23.0
38	39.8
10	32.3
182	34.9
209	42.3
285	47.6
181	50.6
275	34.8
140	35.0
198	30.2
232	31.7
123	67.5
104	-4.8
126
160	Quinnipiac	NEC	32	18–14
10–8	102.1
153	100.9
171	.5324
160	46.2
281	46.6
62	18.5
64	18.4
265	42.4
2	27.9
34	38.2
124	41.5
270	45.2
274	43.8
35	33.3
213	34.9
191	21.8
343	32.9
172	66.7
137	-7.5
171
161	LIU
   16 seed, R64	NEC	33	25–8
16–2	107.0
72	105.8
271	.5316
161	53.3
28	49.1
178	21.5
249	18.4
265	34.8
72	34.0
245	49.8
2	22.3
2	52.3
25	49.0
211	36.8
67	32.8
96	31.2
206	28.0
33	74.3
2	-2.4
91
162	Delaware	CAA	32	18–14
12–6	102.1
152	101.2
176	.5247
162	47.5
230	43.9
10	18.8
84	15.6
341	28.8
270	33.4
230	43.4
23	32.3
75	47.8
171	42.0
10	31.1
291	32.4
83	31.0
212	28.4
40	68.1
77	-6.1
153
163	Cal Poly	BW	31	16–15
8–8	102.9
140	102.0
192	.5239
163	48.9
177	49.3
186	18.0
49	18.8
240	36.2
35	26.3
9	29.0
324	44.8
311	46.9
204	49.2
224	35.0
135	33.0
108	36.0
101	32.2
147	60.0
341	-9.3
202
164	Georgia Tech	ACC	31	11–20
4–12	97.4
244	96.7
84	.5228
164	47.5
230	46.4
53	22.8
301	17.7
292	33.5
137	29.1
56	28.7
329	33.8
118	47.9
166	43.3
25	31.2
289	34.7
185	30.9
215	34.6
237	63.7
280	-9.3
201
165	San Francisco	WCC	32	18–14
8–8	106.4
77	105.8
272	.5150
165	52.9
37	54.2
330	18.5
64	21.8
83	28.7
271	27.6
29	38.4
119	32.3
75	52.9
19	51.9
311	35.3
119	38.9
331	35.3
109	35.2
249	69.0
43	-5.7
145
166	Stephen F. Austin	Slnd	28	16–12
12–4	95.3
282	95.2
60	.5012
166	47.8
210	46.8
74	22.1
273	22.8
46	35.1
61	25.2
3	39.0
102	37.4
199	49.7
99	44.5
51	27.9
335	34.3
166	23.9
336	33.3
191	59.7
343	-7.5
172
167	Youngstown St.	Horz	29	14–15
10–8	104.3
116	104.3
240	.5002
167	50.7
103	49.2
181	17.5
31	19.4
206	27.9
285	35.1
286	30.5
307	32.4
79	46.7
209	46.7
119	37.7
38	36.3
262	40.8
27	32.1
142	65.4
210	-8.5
183
168	Houston	CUSA	29	14–15
7–9	104.6
109	104.9
255	.4918
168	50.8
99	49.0
174	21.5
249	17.3
310	35.4
58	33.7
237	32.9
258	29.5
34	50.2
81	47.0
137	35.1
132	35.7
236	27.2
300	30.0
74	67.5
104	-8.5
184
169	Yale	Ivy	27	17–10
9–5	99.0
210	99.3
139	.4917
169	47.5
230	47.3
98	21.3
242	18.8
240	32.5
164	28.4
42	42.7
37	33.0
96	46.4
218	46.2
100	33.2
223	33.3
123	31.5
197	29.7
68	67.1
123	-3.0
99
170	Tulane	CUSA	29	13–16
3–13	97.4
245	97.8
103	.4895
170	47.3
244	47.9
128	19.8
151	21.9
79	30.4
232	29.4
64	40.4
69	35.6
157	45.9
235	47.2
146	33.4
210	32.9
100	33.7
143	32.8
169	65.4
210	-9.4
205
171	Little Rock	SB	30	14–16
12–4	96.9
255	97.2
95	.4893
171	44.7
315	48.2
144	18.9
92	21.7
89	27.5
293	31.4
137	40.9
58	45.4
316	42.4
334	46.8
125	33.3
213	33.7
140	29.7
241	35.7
268	65.2
220	-8.6
188
172	Western Michigan	MAC	33	13–20
6–10	103.3
133	103.8
227	.4875
172	49.1
168	48.7
160	21.7
260	15.9
338	35.6
54	30.7
107	40.9
58	34.9
146	48.2
152	47.7
166	33.8
190	33.6
136	33.1
164	35.3
252	66.3
160	-10.8
228
173	Cal St. Fullerton	BW	29	19–10
12–4	106.4
79	106.9
281	.4858
173	54.1
13	50.9
244	21.8
265	19.1
222	36.0
44	30.5
96	39.2
95	38.6
224	50.1
87	48.2
188	40.4
8	37.8
311	37.8
66	31.8
129	69.4
37	-4.5
121
174	UTSA	Slnd	30	16–14
10–6	102.3
150	102.9
208	.4837
174	51.5
69	49.9
210	20.2
165	22.5
54	28.1
280	33.5
231	37.1
155	34.4
134	47.2
195	50.3
263	39.1
18	32.9
100	37.8
66	43.0
340	68.1
77	-8.5
185
175	Savannah St.	MEAC	31	19–12
14–2	94.2
289	95.0
55	.4772
175	46.5
270	46.7
70	23.0
311	23.9
19	38.0
18	29.7
73	38.8
111	45.4
316	45.3
268	47.9
173	32.7
238	28.7
6	32.4
181	25.0
6	63.8
277	-5.6
143
Rk	Team	Conf	G	Rec	AdjOE	AdjDE	Barthag	Efg%	EfgD%	TOR	TORD	ORB	DRB	FTR	FTRD	2P%	2P%D	3P%	3P%D	3PR	3PRD	Adj T.	WAB
176	Western Illinois	Sum	31	16–15
9–9	96.3
264	97.2
94	.4729
176	51.0
86	50.8
242	18.9
92	21.2
118	23.3
341	27.5
26	33.3
249	32.9
93	47.6
181	49.5
235	40.0
9	35.5
219	27.8
287	33.9
208	58.9
344	-7.4
168
177	Miami OH	MAC	29	8–21
5–11	101.1
171	102.2
195	.4689
177	50.7
103	50.6
236	21.7
260	18.9
236	26.9
301	32.3
182	31.3
299	36.0
170	48.5
142	49.9
248	35.8
98	34.9
191	42.1
18	29.9
71	60.7
336	-12.1
257
178	Toledo	MAC	33	17–16
7–9	102.8
142	104.1
234	.4644
178	50.9
92	49.3
186	20.7
201	21.1
123	31.8
184	36.7
324	39.3
89	31.0
52	48.8
130	49.1
215	37.0
58	33.2
119	31.2
206	36.2
287	66.8
131	-10.7
227
179	North Texas	SB	29	15–14
9–7	97.9
229	99.2
136	.4621
179	47.0
258	46.6
62	20.8
212	20.7
145	33.7
124	30.5
96	34.4
216	34.6
141	46.4
218	45.7
83	32.4
251	32.4
83	26.5
311	31.9
133	68.8
51	-8.0
177
180	Air Force	MWC	27	11–16
3–11	98.5
224	100.0
148	.4564
180	51.1
83	48.4
149	20.6
190	21.5
101	19.8
345	31.5
146	39.4
84	38.2
218	51.8
35	48.4
195	33.3
213	32.3
79	40.0
36	41.6
337	62.3
319	-7.6
173
181	Ball St.	MAC	29	14–15
6–10	99.2
209	100.7
163	.4563
181	48.4
189	47.8
121	20.9
215	22.0
74	33.6
128	33.0
211	39.7
78	33.3
105	47.4
188	44.4
47	33.3
213	35.9
247	37.7
68	36.1
280	63.1
297	-9.7
214
182	Columbia	Ivy	28	13–15
4–10	99.5
202	101.2
175	.4527
182	48.8
179	47.9
128	19.6
135	19.0
231	28.6
273	26.9
19	32.2
274	36.3
179	45.9
235	45.0
64	36.3
81	36.7
276	34.2
134	29.0
51	63.4
289	-9.1
197
183	George Washington	A10	31	10–21
5–11	99.6
197	101.3
179	.4498
183	46.2
281	50.6
236	20.6
190	21.4
107	35.8
47	35.5
296	28.5
332	36.3
179	45.4
263	48.0
177	32.6
242	37.8
311	23.0
338	30.0
74	63.8
277	-9.5
208
184	Florida Atlantic	SB	29	10–19
7–9	99.9
191	101.8
187	.4480
184	46.7
266	48.3
147	18.5
64	21.0
128	32.7
158	34.8
277	28.9
327	43.2
299	44.9
282	46.4
107	33.3
213	36.3
262	35.2
111	23.6
1	64.8
237	-10.6
224
185	Wake Forest	ACC	31	13–18
4–12	101.5
164	103.4
218	.4475
185	47.9
207	50.2
224	19.1
105	18.2
277	25.8
320	33.6
234	40.9
58	30.8
50	46.9
204	48.6
201	33.3
213	35.5
219	30.9
215	34.4
228	67.2
118	-8.1
179
186	Fresno St.	WAC	31	11–20
3–11	99.9
192	101.8
189	.4468
186	46.0
287	50.4
230	16.5
13	21.9
79	29.1
265	34.6
268	36.1
179	45.7
322	45.5
259	51.0
284	31.4
282	32.7
94	34.1
139	33.5
196	63.0
301	-12.4
262
187	Green Bay	Horz	28	13–15
10–8	98.9
215	100.8
167	.4438
187	47.1
253	48.4
149	22.3
284	19.4
206	33.5
137	32.5
191	32.3
272	34.3
130	44.5
290	45.3
70	35.7
103	37.3
301	28.6
274	28.8
46	67.0
125	-6.8
160
188	Coastal Carolina	BSth	27	15–12
12–6	101.2
169	103.2
214	.4428
188	51.5
69	47.0
82	20.5
186	17.0
315	34.1
101	31.5
146	31.4
293	33.7
115	51.7
37	43.6
34	33.8
190	35.7
236	25.5
323	34.8
242	65.0
230	-7.1
164
189	North Florida	ASun	31	15–16
10–8	100.9
173	103.0
210	.4396
189	51.5
69	50.0
216	22.9
305	20.0
174	33.6
128	34.6
268	37.2
152	36.0
170	50.5
73	49.1
215	35.8
98	34.8
187	32.3
183	27.4
26	66.6
142	-6.7
159
190	Norfolk St.
   15 seed, R32	MEAC	32	24–8
13–3	97.8
231	99.9
146	.4394
190	49.7
143	45.4
33	21.4
246	19.7
190	33.6
128	33.0
211	43.7
20	37.2
194	50.9
53	45.3
70	31.4
282	30.5
22	31.4
199	32.0
135	68.0
84	-2.7
94
191	Northeastern	CAA	31	14–17
9–9	98.7
218	100.9
168	.4373
191	48.2
197	49.2
181	24.1
330	22.1
71	34.1
101	34.5
264	37.9
131	40.2
250	46.3
221	49.1
215	34.8
140	33.1
114	30.7
221	30.7
90	64.6
250	-8.3
180
192	Louisiana	SB	31	15–16
10–6	93.6
296	95.8
68	.4322
192	47.2
249	45.2
30	23.0
311	19.4
206	32.8
156	31.0
120	42.6
39	40.5
255	46.7
209	42.9
18	32.3
256	34.1
155	29.4
253	27.3
22	69.8
30	-8.5
186
193	Charleston Southern	BSth	28	16–12
11–7	102.0
156	104.6
251	.4282
193	50.5
115	53.1
315	18.6
73	22.4
60	33.1
149	30.7
107	35.3
195	34.5
137	47.4
188	52.3
314	37.2
55	36.4
269	36.8
83	34.8
242	70.4
25	-6.4
156
194	Wofford	SC	31	17–14
12–6	100.3
185	103.0
209	.4252
194	49.6
147	49.3
186	18.4
60	17.4
304	31.6
189	27.4
25	27.9
335	32.5
83	49.5
108	48.1
184	33.2
223	34.5
173	37.7
68	32.7
166	61.9
324	-7.5
170
195	Tennessee Tech	OVC	31	17–14
9–7	101.4
166	104.1
235	.4251
195	50.8
99	51.0
248	22.0
270	21.4
107	33.9
112	32.1
168	42.8
34	38.0
210	49.6
103	49.1
215	36.0
89	36.8
280	29.0
267	32.0
135	68.6
61	-6.8
162
196	St. Francis NY	NEC	30	15–15
12–6	96.5
259	99.2
135	.4229
196	50.2
125	48.1
138	23.0
311	21.2
118	32.6
159	29.4
64	35.0
205	46.0
324	48.2
152	49.2
224	35.6
110	30.3
17	39.9
38	28.1
35	69.0
43	-10.3
220
197	Louisiana Tech	WAC	32	16–16
6–8	99.5
204	102.2
198	.4211
197	48.4
189	49.3
186	18.6
73	21.4
107	30.0
245	34.0
245	31.5
289	42.4
288	47.6
181	49.3
228	33.1
227	32.9
100	38.2
61	28.7
44	67.9
86	-9.0
194
198	Albany	AE	34	19–15
9–7	107.1
70	110.3
318	.4164
198	51.1
83	52.3
293	19.1
105	19.7
190	35.1
61	32.4
187	36.7
165	28.0
20	49.1
122	50.5
270	36.4
76	37.2
300	35.6
108	34.0
210	66.1
173	-8.6
187
199	SMU	CUSA	30	11–19
4–12	96.3
263	99.3
137	.4143
199	49.4
156	50.3
227	20.8
212	23.1
33	24.2
332	33.0
211	35.8
185	36.8
188	48.4
147	52.0
312	33.7
195	32.0
69	47.2
1	41.5
335	60.4
337	-11.3
246
200	Florida Gulf Coast	ASun	31	14–17
8–10	102.4
146	105.6
269	.4127
200	52.3
53	50.3
227	21.5
249	20.6
149	33.8
118	36.2
309	34.2
225	38.5
221	50.1
87	48.0
177	37.3
53	36.0
249	37.2
75	38.6
322	67.5
104	-9.2
199
Rk	Team	Conf	G	Rec	AdjOE	AdjDE	Barthag	Efg%	EfgD%	TOR	TORD	ORB	DRB	FTR	FTRD	2P%	2P%D	3P%	3P%D	3PR	3PRD	Adj T.	WAB
201	Boston University	AE	32	16–16
12–4	97.7
236	100.8
165	.4101
201	48.1
199	47.3
98	21.0
224	20.1
166	32.1
172	32.2
174	34.0
235	31.5
63	48.3
150	46.2
100	31.9
264	32.8
96	36.9
80	35.4
257	64.7
244	-9.1
196
202	Tennessee St.	OVC	31	18–13
11–5	98.1
227	101.3
178	.4099
202	49.1
168	51.4
260	21.8
265	22.9
42	32.8
156	30.9
117	40.9
58	37.3
196	48.0
164	49.8
242	34.3
161	36.0
249	33.3
160	36.5
296	66.3
160	-5.0
132
203	IU Indy	Sum	30	12–18
7–11	105.9
87	109.4
310	.4079
203	49.0
170	53.1
315	17.7
38	19.8
182	34.0
106	35.0
282	35.1
202	38.7
227	47.4
188	52.6
319	35.2
129	36.3
262	28.6
274	28.7
44	66.6
142	-11.0
234
204	Western Kentucky
   16 seed, R64	SB	34	16–18
7–9	95.7
274	99.0
133	.4040
204	44.4
321	47.1
85	22.4
290	21.3
115	34.4
88	32.4
187	40.7
66	38.7
227	43.8
306	46.5
110	30.3
313	32.6
91	33.0
166	26.0
13	68.8
51	-10.2
218
205	Central Connecticut	NEC	29	13–16
10–8	98.7
220	102.2
197	.4001
205	47.8
210	51.0
248	20.9
215	24.4
12	33.3
142	36.6
323	32.4
268	33.7
115	46.1
227	50.0
252	34.4
154	35.3
211	31.0
212	31.8
129	67.9
86	-9.8
215
206	Hofstra	CAA	32	10–22
3–15	97.5
240	101.0
174	.3995
206	44.9
313	51.4
260	20.6
190	23.0
38	33.5
137	31.7
155	43.1
26	39.6
242	43.0
322	50.9
281	33.3
213	35.0
198	26.9
306	32.3
153	66.6
142	-14.4
297
207	San Diego	WCC	29	11–18
7–9	100.7
175	104.3
244	.3981
207	50.9
92	51.9
284	19.9
157	20.8
140	25.7
322	33.5
231	35.2
197	36.1
173	48.8
130	49.6
237	36.6
72	37.8
311	33.3
160	31.9
133	66.4
155	-10.9
231
208	Hawaii	WAC	30	14–16
6–8	101.8
159	105.6
266	.3950
208	50.5
115	48.9
171	21.4
246	17.4
304	34.1
101	34.1
252	43.5
22	35.6
157	50.8
58	47.4
150	33.0
231	34.6
181	27.6
291	32.1
142	70.7
20	-9.5
209
209	Southern Illinois	MVC	30	8–22
5–13	97.7
234	101.5
183	.3911
209	45.6
295	52.5
301	20.9
215	22.0
74	32.5
164	31.1
127	35.8
185	53.1
342	46.6
215	49.6
237	28.6
329	39.8
342	28.4
276	28.6
42	65.9
186	-12.4
263
210	Cornell	Ivy	27	11–16
7–7	95.6
275	99.5
140	.3896
210	47.3
244	48.0
133	19.6
135	22.3
64	25.3
323	31.6
152	32.0
277	41.5
270	45.1
275	48.7
207	33.7
195	31.3
41	40.9
26	37.6
310	68.9
48	-8.7
189
211	Portland St.	BSky	30	15–15
10–6	105.7
90	109.9
314	.3893
211	53.1
33	51.4
260	20.2
165	16.0
336	32.4
169	31.5
146	45.2
14	30.1
42	53.2
16	51.2
294	35.2
129	34.5
173	30.3
228	31.1
106	67.2
118	-9.0
193
212	Eastern Washington	BSky	30	13–17
8–8	99.4
207	103.5
222	.3865
212	47.4
238	50.9
244	17.2
20	22.3
64	31.1
216	32.2
174	35.4
194	59.0
345	43.9
304	48.6
201	35.0
135	36.8
280	41.2
23	33.9
208	68.5
64	-10.0
216
213	Lipscomb	ASun	30	12–18
8–10	99.4
208	103.5
224	.3857
213	49.4
156	51.4
260	20.7
201	20.5
153	30.9
221	35.2
288	33.8
238	31.3
60	46.1
227	51.8
309	36.9
61	33.8
146	34.7
119	36.3
291	69.8
30	-9.7
213
214	Arkansas St.	SB	33	13–20
6–10	99.6
196	103.8
228	.3838
214	47.8
210	51.2
255	21.3
242	20.0
174	34.1
101	30.7
107	41.2
53	27.8
18	44.6
287	47.8
169	37.7
38	39.7
341	26.9
306	29.1
54	63.0
301	-11.0
237
215	Rhode Island	A10	31	7–24
4–12	101.6
160	106.0
274	.3810
215	44.5
317	53.6
321	20.9
215	19.0
231	39.0
13	31.4
137	34.3
220	35.7
161	45.7
246	53.8
334	27.8
337	35.5
219	31.4
199	34.3
223	67.7
96	-14.1
293
216	Jacksonville St.	OVC	30	13–17
8–8	95.8
272	100.2
151	.3726
216	45.8
291	47.6
109	19.8
151	22.8
46	33.6
128	32.8
201	40.5
68	49.9
336	48.5
142	47.5
159	26.4
345	31.9
63	30.7
221	25.9
12	64.4
259	-11.7
251
217	South Alabama	SB	28	16–12
8–8	98.6
222	103.3
216	.3706
217	46.8
263	47.3
98	24.2
333	18.8
240	42.6
1	33.2
222	37.7
138	31.3
60	45.4
263	45.0
64	34.0
175	34.5
173	25.2
326	34.7
239	65.6
197	-5.9
150
218	Seattle	ind	25	10–15
3–0	97.6
238	102.2
196	.3701
218	48.5
187	49.9
210	19.9
157	20.1
166	33.7
124	29.6
68	25.7
344	44.3
308	48.2
152	47.8
169	32.6
242	35.8
242	33.4
157	36.4
293	75.2
1	-10.2
219
219	UNC Wilmington	CAA	30	10–20
5–12	99.6
195	104.4
245	.3685
219	46.6
269	48.8
163	20.7
201	16.7
326	34.0
106	33.3
228	33.6
246	37.3
196	45.4
263	50.0
252	32.9
233	30.8
30	30.9
215	32.9
172	66.9
127	-11.8
254
220	Arizona St.	P12	31	10–21
6–12	98.9
213	103.7
225	.3678
220	51.7
65	49.6
200	25.7
342	17.8
288	29.6
255	30.1
79	41.3
50	38.3
219	50.2
81	46.6
113	36.4
76	36.8
280	34.5
125	35.3
252	63.7
280	-11.3
247
221	Holy Cross	Pat	30	15–15
9–5	97.2
251	101.9
191	.3651
221	47.5
230	48.0
133	20.6
190	17.3
310	29.4
260	30.4
94	32.4
268	31.1
53	46.3
221	49.1
215	33.5
206	30.7
27	31.4
199	34.8
242	66.7
137	-8.8
191
222	Rider	MAAC	32	13–19
10–8	102.3
148	107.5
284	.3627
222	52.2
57	50.6
236	21.7
260	18.4
265	28.2
279	34.9
279	40.9
58	33.4
108	49.5
108	48.5
199	37.7
38	35.8
242	38.1
62	39.1
325	68.8
51	-11.6
249
223	Cal St. Bakersfield	ind	30	15–15
2–0	100.5
178	105.6
267	.3620
223	50.9
92	53.1
315	22.2
279	22.9
42	34.7
79	32.8
201	34.3
220	49.5
335	49.4
112	54.0
335	36.2
86	34.3
166	31.9
191	36.2
287	66.3
160	-8.7
190
224	USC	P12	32	6–26
1–17	89.4
325	94.0
41	.3599
224	42.6
337	48.5
153	17.4
25	24.5
10	23.7
337	35.7
300	26.9
338	33.2
99	43.3
313	47.4
150	27.1
343	34.1
155	28.3
281	29.7
68	61.0
333	-14.1
294
225	North Carolina Central	MEAC	28	13–15
10–6	95.8
271	100.8
164	.3587
225	50.0
136	47.6
109	23.4
321	24.0
16	29.4
260	35.0
282	45.7
12	41.8
279	49.7
99	47.8
169	33.6
204	31.5
48	32.9
167	33.2
186	66.3
160	-9.6
211
Rk	Team	Conf	G	Rec	AdjOE	AdjDE	Barthag	Efg%	EfgD%	TOR	TORD	ORB	DRB	FTR	FTRD	2P%	2P%D	3P%	3P%D	3PR	3PRD	Adj T.	WAB
226	Boston College	ACC	31	9–22
4–12	95.5
279	100.5
156	.3567
226	48.1
199	49.5
197	22.3
284	18.0
283	22.4
343	32.7
199	33.7
243	28.4
24	46.0
232	48.1
184	33.9
182	34.9
191	43.0
10	34.0
210	65.2
220	-11.4
248
227	Furman	SC	29	13–16
8–10	97.5
239	102.7
205	.3560
227	47.6
223	48.5
153	21.7
260	19.0
231	33.3
142	31.3
133	37.9
131	39.3
240	45.4
263	49.3
228	34.0
175	31.0
35	37.5
73	31.2
111	64.7
244	-10.6
223
228	Stetson	ASun	28	8–20
6–12	99.4
206	104.7
253	.3552
228	50.9
92	51.8
277	24.3
334	19.0
231	33.0
150	34.5
264	34.3
220	32.6
86	50.5
73	51.3
299	34.3
161	35.4
213	39.7
42	30.5
85	71.5
14	-12.3
260
229	James Madison	CAA	32	12–20
5–13	100.3
187	105.6
265	.3548
229	49.2
165	49.3
186	19.4
127	20.3
161	29.1
265	36.5
321	31.4
293	42.4
288	45.5
259	47.0
137	36.7
71	36.3
262	38.1
62	30.7
90	66.5
150	-12.5
267
230	Texas Tech	B12	31	8–23
1–17	93.9
292	99.0
132	.3528
230	48.6
183	48.0
133	26.0
344	19.1
222	26.8
305	33.0
211	40.1
73	47.9
331	46.8
208	46.7
119	35.7
103	33.6
136	27.1
302	33.8
204	65.1
226	-11.1
241
231	Sacred Heart	NEC	32	14–18
8–10	101.2
168	106.7
279	.3515
231	51.9
62	50.7
239	22.1
273	20.1
166	31.3
210	32.7
199	34.9
209	35.0
149	50.2
81	49.1
215	36.9
61	35.8
242	31.9
191	35.9
275	67.6
102	-12.5
268
232	FIU	SB	28	8–20
5–11	97.7
232	103.2
213	.3488
232	46.4
273	49.8
208	22.3
284	21.1
123	32.5
164	35.8
302	39.0
102	47.7
330	44.9
282	50.1
257	33.4
210	32.8
96	29.5
248	37.4
308	64.7
244	-13.2
279
233	Wright St.	Horz	31	12–19
7–11	92.5
305	97.7
101	.3477
233	45.7
293	52.3
293	21.8
265	25.5
4	25.0
326	30.0
76	37.4
146	45.6
320	42.6
331	54.0
335	34.3
161	33.3
123	35.1
113	40.9
334	63.5
285	-10.8
229
234	Campbell	BSth	31	16–15
11–7	101.9
157	107.7
289	.3472
234	52.9
37	49.3
186	20.7
201	17.3
310	31.5
198	32.1
168	44.0
17	43.0
296	51.9
31	49.6
237	37.1
56	32.6
91	25.7
321	36.4
293	68.7
56	-9.3
203
235	Northwestern St.	Slnd	29	13–16
8–8	95.5
280	100.9
170	.3459
235	47.2
249	47.7
113	20.5
186	22.7
50	31.9
181	39.6
343	42.4
41	39.1
235	47.5
187	47.0
137	31.1
291	33.0
108	33.8
142	26.2
14	70.1
27	-9.7
212
236	Austin Peay	OVC	31	11–20
8–8	99.5
201	105.4
262	.3420
236	48.2
197	52.8
308	21.2
238	21.5
101	34.3
94	36.1
307	41.3
50	35.4
156	48.6
138	51.1
288	31.3
286	37.8
311	24.2
334	31.0
104	68.9
48	-11.7
252
237	Siena	MAAC	31	14–17
8–10	95.5
277	101.2
177	.3392
237	46.7
266	47.2
93	21.3
242	17.8
288	33.2
147	32.2
174	34.2
225	25.1
6	47.0
202	42.7
15	30.7
305	36.7
276	28.1
284	36.2
287	65.5
202	-11.0
233
238	Southeast Missouri St.	OVC	29	13–16
9–7	103.4
130	109.8
313	.3340
238	52.1
58	49.3
186	20.0
160	15.8
340	34.0
106	30.8
112	34.4
216	41.5
270	50.6
67	46.3
105	37.4
49	37.9
315	28.4
276	28.3
38	65.7
191	-11.1
240
239	Elon	SC	29	13–16
9–9	96.4
261	102.4
202	.3336
239	47.5
230	48.6
157	19.5
130	17.8
288	27.3
298	32.4
187	32.6
265	34.1
121	45.1
275	48.2
188	34.5
150	33.0
108	36.0
101	32.5
159	69.5
36	-9.6
210
240	Morehead St.	OVC	30	15–15
10–6	97.3
246	103.4
220	.3329
240	50.0
136	52.8
308	24.5
335	24.5
10	34.8
72	31.2
130	37.4
146	42.4
288	48.1
160	53.0
326	35.6
110	35.0
198	37.0
77	42.5
338	61.1
332	-9.1
195
241	Southern Utah	Sum	29	12–17
8–10	97.2
250	103.2
215	.3325
241	49.8
141	52.0
286	20.9
215	19.3
215	31.6
189	28.9
54	37.1
155	46.8
328	50.7
64	51.2
294	30.4
309	35.8
242	17.6
345	32.6
163	63.9
273	-10.9
232
242	Western Carolina	SC	33	15–18
8–10	99.0
211	105.2
259	.3322
242	47.6
223	52.0
286	19.6
135	21.2
118	33.7
124	34.2
255	31.6
287	43.3
300	44.7
286	50.9
281	35.3
119	36.2
260	35.9
103	33.3
191	66.5
150	-11.1
239
243	High Point	BSth	29	11–18
8–10	103.9
124	110.6
321	.3277
243	51.3
80	50.9
244	19.3
119	17.5
300	31.7
186	34.6
268	37.9
131	40.6
257	45.3
268	50.8
278	40.6
5	34.2
162	38.8
50	38.0
313	64.6
250	-12.8
273
244	Utah Valley	GWC	29	16–13
9–1	96.8
256	103.1
211	.3261
244	46.1
286	47.6
109	19.1
105	17.5
300	34.2
97	28.4
42	35.2
197	30.3
46	45.7
246	48.6
201	31.4
282	30.4
19	30.5
225	33.8
204	66.0
182	-7.6
175
245	Lafayette	Pat	31	13–18
7–7	104.3
117	111.1
326	.3249
245	52.4
52	53.0
311	19.0
97	18.3
271	23.8
335	32.9
205	34.3
220	37.9
208	48.1
160	50.9
281	38.5
24	38.4
328	44.5
5	32.2
147	66.4
155	-11.0
235
246	Morgan St.	MEAC	29	9–20
6–10	98.1
228	104.5
250	.3248
246	47.6
223	48.2
144	22.9
305	20.9
134	34.9
68	37.0
327	41.0
56	39.2
237	48.2
152	46.8
125	30.7
305	34.1
155	30.0
237	32.5
159	66.9
127	-14.6
300
247	McNeese St.	Slnd	30	14–16
10–6	98.6
223	105.2
260	.3211
247	46.3
276	49.0
174	18.3
57	19.6
198	32.3
170	31.5
146	34.2
225	39.6
242	45.7
246	48.2
188	32.0
261	33.9
149	28.9
270	30.9
98	64.9
234	-9.2
198
248	Niagara	MAAC	33	14–19
8–10	101.6
161	108.8
304	.3126
248	46.9
260	53.0
311	18.5
64	23.3
30	33.6
128	35.8
302	37.0
157	50.7
337	45.5
259	52.3
314	32.6
242	36.1
255	39.3
45	40.6
331	68.2
76	-11.6
250
249	Jacksonville	ASun	30	8–22
6–12	97.9
230	104.9
256	.3098
249	46.3
276	52.3
293	22.2
279	21.0
128	36.3
32	35.0
282	35.0
205	54.1
344	45.7
246	51.8
309	31.9
264	35.6
227	28.1
284	31.2
111	66.8
131	-12.9
276
250	Northern Colorado	BSky	26	8–18
5–11	103.5
129	111.1
327	.3065
250	55.1
6	54.0
327	24.1
330	17.5
300	33.5
137	27.8
31	41.8
44	40.0
249	49.6
103	50.3
263	45.1
1	39.3
336	30.9
215	43.0
340	67.2
118	-12.2
258
Rk	Team	Conf	G	Rec	AdjOE	AdjDE	Barthag	Efg%	EfgD%	TOR	TORD	ORB	DRB	FTR	FTRD	2P%	2P%D	3P%	3P%D	3PR	3PRD	Adj T.	WAB
251	Presbyterian	BSth	28	13–15
8–10	100.4
181	107.8
291	.3064
251	51.7
65	51.8
277	20.9
215	17.0
315	30.2
239	30.9
117	39.4
84	31.7
67	52.1
27	51.2
294	34.0
175	35.6
227	34.4
127	27.6
29	61.2
330	-10.1
217
252	Santa Clara	WCC	28	6–22
0–16	103.1
135	110.8
322	.3045
252	47.0
258	52.4
298	16.8
18	17.7
292	29.8
251	34.0
245	34.8
212	51.0
339	43.0
322	51.3
299	35.9
93	36.8
280	36.5
91	29.0
51	66.5
150	-14.4
298
253	North Dakota	GWC	28	13–15
6–4	95.3
283	102.4
203	.3027
253	49.8
141	49.1
178	21.6
254	19.7
190	28.0
282	30.1
79	37.7
138	36.6
184	49.3
115	46.1
94	33.9
182	37.0
293	36.4
95	31.3
114	67.7
96	-9.3
200
254	Winthrop	BSth	30	10–20
8–10	94.1
290	101.4
180	.2970
254	45.4
300	51.8
277	19.0
97	21.6
95	32.0
177	29.0
55	31.4
293	44.2
306	45.0
281	48.9
210	30.8
301	37.9
315	29.0
267	36.7
301	63.0
301	-13.9
289
255	Troy	SB	27	9–18
5–11	103.6
128	111.9
333	.2919
255	47.8
210	54.6
334	17.8
42	21.0
128	33.6
128	37.6
333	25.8
343	33.2
99	45.8
240	52.0
312	33.9
182	39.4
339	41.3
20	36.9
305	68.5
64	-11.7
253
256	Gardner Webb	BSth	30	10–20
6–12	94.6
288	102.3
199	.2911
256	45.8
291	49.4
194	21.1
232	19.6
198	34.6
84	30.3
88	35.1
202	41.4
269	46.1
227	49.6
237	30.2
315	32.7
94	34.4
127	32.3
153	65.0
230	-14.5
299
257	Marist	MAAC	32	14–18
7–11	97.7
233	105.6
268	.2898
257	47.4
238	51.5
266	21.7
260	19.4
206	31.1
216	32.8
201	42.3
42	26.7
12	44.5
290	50.0
252	35.7
103	36.8
280	32.8
171	29.0
51	68.7
56	-11.3
245
258	Purdue Fort Wayne	Sum	29	10–19
5–13	97.4
243	105.4
263	.2880
258	50.1
127	53.6
321	21.0
224	19.4
206	30.6
227	28.4
42	36.8
162	42.2
284	49.9
97	51.2
294	33.8
190	38.8
330	29.9
239	34.5
230	69.3
40	-12.6
270
259	Appalachian St.	SC	29	11–18
7–11	98.2
226	106.4
275	.2857
259	50.1
127	48.8
163	21.1
232	16.2
332	30.4
232	32.5
191	38.4
119	39.7
246	49.3
115	49.2
224	34.4
154	31.9
63	35.3
109	28.2
37	66.4
155	-12.3
261
260	Fordham	A10	28	10–18
3–12	93.7
295	101.5
181	.2856
260	42.2
341	48.8
163	20.3
171	18.9
236	36.2
35	35.1
286	32.0
277	35.6
157	42.7
329	46.2
100	27.4
341	35.5
219	29.1
264	36.5
296	67.4
110	-9.4
204
261	Bradley	MVC	32	7–25
2–16	93.5
297	101.5
182	.2790
261	44.4
321	51.4
260	20.3
171	19.2
219	26.3
314	31.5
146	36.3
175	32.3
75	44.2
300	50.0
252	30.0
321	36.1
255	29.2
257	33.5
196	68.9
48	-14.6
301
262	Delaware St.	MEAC	27	13–14
12–4	99.7
194	108.4
302	.2756
262	47.8
210	47.9
128	16.6
15	21.4
107	30.4
232	41.6
345	31.6
287	35.0
149	45.9
235	47.4
150	34.4
154	32.9
100	32.5
178	28.3
38	60.9
334	-9.4
206
263	UC Irvine	BW	29	10–19
6–10	95.1
285	103.5
223	.2754
263	48.3
193	47.9
128	21.1
232	18.2
277	30.0
245	33.2
222	32.0
277	36.8
188	45.1
275	44.0
39	35.7
103	37.1
297	37.9
65	33.3
191	69.7
34	-12.1
255
264	Bethune Cookman	MEAC	33	16–17
11–5	99.5
199	108.3
298	.2748
264	48.4
189	51.7
273	20.6
190	23.8
20	34.2
97	37.3
328	37.0
157	43.1
297	46.7
209	51.1
288	35.3
119	35.5
219	27.6
291	28.8
46	63.0
301	-11.1
238
265	Pacific	BW	28	9–19
6–10	97.0
253	105.6
270	.2731
265	46.5
270	51.1
252	18.8
84	20.4
156	29.5
257	34.9
279	35.0
205	34.5
137	45.7
246	49.0
211	31.9
264	36.0
249	38.5
55	42.6
339	62.7
311	-13.3
282
266	Chattanooga	SC	29	8–21
5–13	96.0
267	104.8
254	.2654
266	46.3
276	50.0
216	19.7
148	17.4
304	31.2
215	29.1
56	37.4
146	30.2
43	45.3
268	49.8
242	32.0
261	33.5
130	38.9
48	48.9
345	68.5
64	-14.7
303
267	UMKC	Sum	30	10–20
4–14	98.9
214	108.0
293	.2650
267	51.4
75	52.6
305	20.3
171	18.9
236	25.8
320	34.7
274	29.6
318	40.6
257	47.7
176	52.6
319	37.7
38	35.1
203	42.3
16	27.3
22	64.2
264	-12.9
277
268	Central Michigan	MAC	31	10–21
5–11	95.8
273	104.7
252	.2646
268	45.3
302	50.0
216	18.8
84	22.5
54	31.6
189	35.3
291	32.8
261	46.8
328	42.8
327	47.0
137	33.4
210	36.9
289	34.2
134	36.1
280	65.1
226	-13.7
286
269	Georgia Southern	SC	28	13–15
12–6	95.5
278	104.5
249	.2620
269	50.8
99	51.8
277	22.4
290	22.5
54	29.0
267	32.5
191	32.9
258	37.8
206	50.6
67	53.5
332	34.3
161	32.4
83	29.1
264	35.3
252	66.3
160	-9.5
207
270	Mississippi Valley St.
   16 seed, R68	SWAC	34	21–13
17–1	95.1
286	104.1
233	.2618
270	46.3
276	49.6
200	20.6
190	23.5
27	33.3
142	32.3
182	35.0
205	42.1
283	44.9
282	45.8
87	32.4
251	38.1
323	38.4
59	33.0
177	70.1
27	-4.8
127
271	Portland	WCC	30	6–24
3–13	97.5
241	106.7
278	.2602
271	47.4
238	52.3
293	22.9
305	16.8
320	31.5
198	32.8
201	34.0
235	45.6
320	47.2
195	51.0
284	31.9
264	36.7
276	29.8
240	31.7
123	68.1
77	-14.0
291
272	Maine	AE	28	11–17
6–10	96.7
258	105.9
273	.2591
272	47.9
207	47.1
85	19.7
148	19.1
222	31.0
219	35.3
291	25.9
342	35.9
166	48.2
152	44.6
56	31.5
278	35.4
213	30.1
233	29.5
61	67.5
104	-12.5
265
273	VMI	BSth	30	14–16
8–10	101.2
170	111.0
323	.2571
273	50.6
110	54.0
327	18.2
54	20.8
140	26.8
305	36.4
318	39.1
101	36.8
188	53.2
16	54.8
340	31.6
274	34.8
187	44.3
7	28.9
49	74.0
4	-10.7
225
274	Texas St.	Slnd	26	9–17
5–11	98.8
217	108.3
299	.2565
274	49.2
165	51.5
266	19.5
130	23.0
38	30.0
245	36.2
309	32.6
265	44.9
313	46.2
223	50.7
276	36.4
76	35.6
227	36.8
83	29.2
56	72.7
7	-12.7
271
275	Eastern Kentucky	OVC	30	14–16
7–9	98.7
219	108.3
296	.2564
275	49.4
156	51.8
277	17.3
23	20.4
156	27.6
291	34.1
252	31.5
289	42.6
293	50.1
87	53.3
330	32.2
258	32.5
89	39.8
41	33.0
177	62.8
308	-11.2
242
Rk	Team	Conf	G	Rec	AdjOE	AdjDE	Barthag	Efg%	EfgD%	TOR	TORD	ORB	DRB	FTR	FTRD	2P%	2P%D	3P%	3P%D	3PR	3PRD	Adj T.	WAB
276	Coppin St.	MEAC	27	11–16
9–7	104.9
105	115.1
340	.2558
276	52.0
61	53.3
318	18.8
84	17.9
286	30.2
239	35.3
291	33.7
243	28.1
21	49.4
112	53.1
327	36.8
67	35.7
236	45.6
4	39.7
328	69.0
43	-10.5
222
277	Samford	SC	28	9–19
8–10	100.5
179	110.4
320	.2525
277	51.1
83	51.2
255	20.2
165	18.9
236	28.6
273	36.2
309	29.8
315	33.1
97	53.2
16	49.0
211	32.4
251	36.3
262	46.6
2	41.5
335	62.9
305	-13.6
285
278	UNC Greensboro	SC	31	12–19
10–8	96.9
254	106.5
276	.2517
278	45.9
289	52.7
306	21.0
224	22.1
71	34.8
72	34.3
258	31.9
280	45.3
314	43.7
309	51.4
303	33.6
204	36.7
276	33.5
152	35.6
265	71.8
11	-11.2
244
279	UC Riverside	BW	29	12–17
7–9	89.7
323	99.0
130	.2434
279	44.1
325	44.9
23	20.7
201	18.7
248	28.6
273	33.8
239	29.6
318	37.1
193	43.1
319	43.2
23	31.4
282	31.9
63	25.5
323	35.1
247	63.4
289	-10.8
230
280	Eastern Michigan	MAC	31	13–18
9–7	89.0
329	98.4
117	.2400
280	42.5
338	47.7
113	22.9
305	23.3
30	31.6
189	36.7
324	35.7
189	39.4
241	40.7
340	47.7
166	30.8
301	31.9
63	32.2
188	39.9
330	60.3
340	-10.5
221
281	Liberty	BSth	29	11–18
9–9	99.5
198	110.3
319	.2343
281	48.0
202	52.2
290	17.9
45	17.0
315	31.9
181	31.9
159	34.2
225	31.2
57	48.1
160	52.5
318	31.6
274	34.5
173	21.9
341	34.4
228	65.5
202	-13.4
284
282	Hampton	MEAC	33	12–21
5–10	90.7
316	100.7
161	.2320
282	45.2
308	45.5
34	20.7
201	22.0
74	32.6
159	35.7
300	38.7
114	37.4
199	46.4
218	41.6
6	28.6
329	35.5
219	34.5
125	33.6
199	68.0
84	-16.5
316
283	South Dakota	Sum	26	8–18
5–13	97.1
252	107.8
290	.2318
283	50.5
115	52.5
301	19.1
105	16.8
320	25.0
326	30.3
88	32.2
274	29.6
36	49.1
122	50.5
270	35.5
112	38.0
320	34.0
141	30.9
98	69.0
43	-12.9
275
284	NJIT	GWC	28	11–17
5–5	96.2
266	106.9
280	.2296
284	47.3
244	49.7
204	18.7
80	20.4
156	28.7
271	33.1
218	30.7
305	44.8
311	44.4
296	49.1
215	34.5
150	33.9
149	39.4
43	36.0
278	64.9
234	-12.5
266
285	New Hampshire	AE	28	12–16
7–9	90.6
318	100.8
166	.2272
285	46.4
273	45.5
34	20.1
163	19.7
190	28.3
278	30.2
85	33.9
237	40.9
262	43.3
313	46.2
100	33.9
182	29.2
9	40.3
33	26.8
16	65.3
215	-12.3
259
286	Pepperdine	WCC	28	9–19
4–12	93.3
298	103.9
231	.2269
286	44.5
317	48.8
163	21.6
254	16.0
336	33.9
112	29.3
60	36.6
167	41.3
267	43.1
319	47.4
150	31.9
264	34.4
170	29.4
253	34.3
223	61.7
326	-12.1
256
287	Sam Houston St.	Slnd	28	9–19
7–9	88.0
333	97.9
108	.2258
287	45.6
295	47.7
113	24.1
330	21.7
89	29.0
267	30.6
104	41.1
54	38.0
210	45.9
235	46.6
113	29.9
323	33.1
114	32.2
188	34.3
223	63.5
285	-13.0
278
288	Illinois Chicago	Horz	28	7–21
3–15	96.4
260	107.4
282	.2255
288	45.7
293	51.8
277	22.6
296	18.0
283	34.0
106	31.4
137	33.0
255	43.7
303	43.6
310	49.7
241	32.9
233	37.9
315	36.9
80	29.4
58	65.1
226	-14.4
296
289	Sacramento St.	BSky	26	8–18
5–11	97.3
247	108.4
300	.2232
289	50.6
110	51.9
284	20.8
212	17.7
292	30.1
242	29.6
68	37.6
143	40.3
251	49.7
99	50.4
267	35.1
132	36.6
272	30.6
224	34.1
217	65.7
191	-13.9
290
290	San Jose St.	WAC	30	8–22
1–13	97.2
248	108.4
301	.2223
290	45.1
309	51.5
266	16.5
13	18.3
271	29.5
257	34.4
261	32.4
268	33.2
99	42.6
331	50.8
278	32.7
238	35.1
203	38.9
48	36.2
287	65.3
215	-15.6
310
291	North Carolina A&T	MEAC	29	9–20
7–9	93.3
299	104.3
243	.2169
291	47.4
238	49.9
210	21.6
254	22.2
66	29.3
263	37.9
335	36.8
162	35.9
166	45.3
268	49.4
232	33.9
182	33.7
140	36.3
97	43.3
342	69.4
37	-13.9
288
292	Montana St.	BSky	27	10–17
7–9	95.9
270	107.6
287	.2105
292	46.9
260	53.6
321	20.4
179	20.8
140	31.3
210	31.4
137	35.6
191	39.8
247	44.3
299	51.1
288	34.7
146	38.6
329	34.4
127	35.5
261	67.3
112	-12.4
264
293	Loyola Chicago	Horz	29	6–23
1–17	93.3
300	104.9
257	.2051
293	45.9
289	51.0
248	23.8
325	19.6
198	32.5
164	32.1
168	37.7
138	32.9
93	45.6
256	49.8
242	31.1
291	35.5
219	26.3
313	34.0
210	60.4
337	-16.2
313
294	Army	Pat	29	11–18
5–9	92.5
306	104.2
239	.2016
294	48.9
177	51.7
273	21.9
269	22.1
71	23.9
334	30.5
96	37.0
157	36.6
184	46.2
223	51.5
306	35.1
132	34.6
181	41.6
19	38.4
317	69.8
30	-13.3
281
295	Dartmouth	Ivy	29	4–25
1–13	90.2
319	101.7
186	.2008
295	44.3
323	48.7
160	21.5
249	19.1
222	27.3
298	27.8
31	36.1
179	38.5
221	41.9
336	45.2
69	33.1
227	37.6
309	30.7
221	32.1
142	63.6
283	-19.2
332
296	Mount St. Mary's	NEC	29	8–21
6–12	91.9
308	103.7
226	.1984
296	47.6
223	49.6
200	25.4
339	20.6
149	34.7
79	34.4
261	30.0
313	38.7
227	47.7
176	49.8
242	31.7
270	32.8
96	32.9
167	32.8
169	63.6
283	-15.2
306
297	Monmouth	NEC	32	12–20
10–8	95.1
284	107.5
285	.1967
297	47.1
253	55.3
338	20.0
160	24.7
8	29.6
255	37.9
335	32.5
267	42.5
292	45.8
240	54.6
337	33.3
213	37.6
309	31.4
199	38.9
323	69.0
43	-12.6
269
298	Texas Southern	SWAC	33	15–18
12–6	89.9
321	101.8
190	.1922
298	46.8
263	46.7
70	25.4
339	24.1
15	33.6
128	34.4
261	45.0
15	34.1
121	45.5
259	44.9
60	33.0
231	33.1
114	33.5
152	38.0
313	66.2
169	-11.2
243
299	William & Mary	CAA	31	5–26
4–14	95.9
268	109.0
308	.1864
299	47.2
249	51.6
270	20.3
171	15.2
344	25.0
326	31.4
137	33.3
249	34.8
144	46.7
209	51.1
288	32.0
261	35.1
203	41.2
23	34.1
217	63.5
285	-18.0
325
300	Utah	P12	30	5–25
3–15	92.7
304	105.6
264	.1823
300	46.0
287	54.0
327	22.3
284	17.4
304	23.3
341	32.3
182	33.3
249	33.7
115	45.7
246	51.3
299	31.0
299	39.5
340	35.9
103	34.0
210	62.0
323	-14.6
302
Rk	Team	Conf	G	Rec	AdjOE	AdjDE	Barthag	Efg%	EfgD%	TOR	TORD	ORB	DRB	FTR	FTRD	2P%	2P%D	3P%	3P%D	3PR	3PRD	Adj T.	WAB
301	Idaho St.	BSky	29	8–21
7–9	96.3
262	109.9
315	.1803
301	47.4
238	55.0
337	21.1
232	22.5
54	31.0
219	34.5
264	34.1
230	44.5
309	45.1
275	52.7
322	34.5
150	39.3
336	34.2
134	36.1
280	65.5
202	-14.9
304
302	Southeastern Louisiana	Slnd	26	9–17
5–11	85.5
341	98.1
110	.1707
302	43.7
330	46.4
53	23.5
323	20.7
145	31.6
189	31.0
120	40.3
70	39.1
235	43.9
304	47.0
137	28.7
328	29.8
15	27.3
297	27.5
28	63.9
273	-12.8
272
303	Eastern Illinois	OVC	27	10–17
5–11	95.3
281	109.4
309	.1705
303	47.3
244	51.8
277	20.3
171	20.1
166	31.5
198	34.6
268	30.8
302	35.1
152	46.2
223	50.3
263	33.7
195	36.8
280	27.0
305	32.0
135	64.4
259	-12.8
274
304	Saint Francis	NEC	29	6–23
5–13	94.0
291	108.6
303	.1602
304	50.6
110	52.4
298	24.5
335	21.2
118	28.0
282	38.5
337	34.9
209	33.8
118	50.6
67	51.1
288	33.7
195	36.6
272	28.2
283	33.0
177	63.9
273	-16.4
315
305	Cal St. Northridge	BW	26	5–21
3–13	96.2
265	111.2
328	.1590
305	42.7
334	54.3
332	20.1
163	21.6
95	34.6
84	36.2
309	36.8
162	49.0
334	41.3
338	53.2
328	30.4
309	37.3
301	33.5
152	39.7
328	69.2
42	-15.7
311
306	Radford	BSth	30	4–26
2–16	90.0
320	104.2
236	.1571
306	43.6
331	50.4
230	20.7
201	21.8
83	31.5
198	36.0
304	30.6
306	51.4
340	42.3
335	48.3
193	30.6
307	37.3
301	36.7
87	27.3
22	65.5
202	-20.2
337
307	Saint Peter's	MAAC	31	5–26
4–14	89.2
327	103.8
230	.1487
307	45.3
302	50.5
233	23.8
325	22.7
50	30.1
242	37.4
331	29.0
324	45.5
319	44.4
296	48.4
195	31.5
278	36.5
270	29.7
241	33.6
199	64.5
253	-19.0
330
308	SIU Edwardsville	OVC	25	8–17
6–10	93.9
293	109.5
311	.1461
308	50.1
127	50.2
224	22.9
305	18.6
255	26.8
305	34.1
252	37.5
144	34.9
146	45.6
256	51.4
303	39.7
12	31.8
57	32.4
181	32.1
142	68.6
61	-13.3
280
309	Howard	MEAC	30	9–21
6–9	89.6
324	104.5
247	.1458
309	42.4
339	49.9
210	25.0
338	20.9
134	34.9
68	33.2
222	46.1
10	53.3
343	40.4
341	49.8
242	31.9
264	33.4
129	27.5
294	33.5
196	66.5
150	-13.8
287
310	Brown	Ivy	30	7–23
2–12	93.2
302	108.9
305	.1436
310	47.1
253	52.2
290	19.1
105	17.7
292	24.7
329	30.6
104	28.3
333	27.7
17	42.9
326	49.0
211	35.9
93	39.2
332	38.8
50	32.8
169	65.2
220	-17.0
318
311	Colgate	Pat	30	8–22
2–12	96.8
257	113.2
337	.1418
311	49.5
151	52.0
286	22.1
273	15.1
345	26.0
319	29.3
60	35.5
192	36.6
184	45.4
263	49.4
232	38.4
26	37.9
315	33.6
149	34.5
230	66.4
155	-15.8
312
312	Hartford	AE	31	9–22
7–9	89.1
328	104.2
238	.1413
312	48.6
183	51.2
255	23.1
315	23.1
33	21.7
344	31.6
152	30.8
302	42.9
295	50.5
73	49.4
232	31.0
299	36.5
270	46.6
2	34.2
221	65.9
186	-16.9
317
313	Canisius	MAAC	30	5–25
1–17	94.9
287	111.4
330	.1373
313	46.2
281	51.7
273	21.6
254	18.4
265	33.9
112	36.5
321	29.1
323	35.0
149	44.6
287	51.7
308	32.9
233	34.5
173	33.5
152	36.8
304	66.6
142	-19.0
329
314	UT Rio Grande Valley	GWC	28	7–21
5–5	91.7
311	107.9
292	.1335
314	47.5
230	50.8
242	23.1
315	19.9
178	24.7
329	35.5
296	34.2
225	33.4
108	43.0
322	50.7
276	36.1
87	34.1
155	39.9
38	29.6
65	64.6
250	-15.3
307
315	Kennesaw St.	ASun	30	2–28
0–18	95.9
269	112.9
336	.1332
315	47.5
230	57.0
344	21.2
238	19.3
215	28.9
269	37.3
328	31.5
289	34.4
134	45.9
235	57.4
345	33.5
206	37.5
307	36.5
91	34.9
245	63.4
289	-19.2
333
316	Houston Christian	GWC	27	7–20
3–7	91.9
309	109.0
307	.1230
316	45.1
309	53.6
321	21.6
254	21.9
79	31.6
189	36.2
309	39.4
84	46.3
326	43.8
306	52.7
322	32.3
256	37.1
297	26.5
311	29.9
71	71.9
10	-15.4
308
317	Texas A&M Corpus Chris	Slnd	30	6–24
4–12	87.9
334	104.3
242	.1224
317	44.0
327	49.0
174	22.8
301	20.1
166	29.7
253	33.1
218	37.9
131	43.7
303	43.3
313	47.4
150	30.6
307	34.9
191	29.1
264	31.4
117	66.1
173	-18.0
324
318	Southern	SWAC	28	14–14
13–5	88.3
332	105.3
261	.1173
318	45.4
300	43.9
10	21.1
232	19.4
206	23.4
339	36.2
309	37.7
138	41.8
279	44.5
290	41.7
7	31.7
270	32.9
100	29.5
248	28.9
49	65.2
220	-10.7
226
319	Louisiana Monroe	SB	28	3–25
2–14	93.9
294	111.9
332	.1171
319	46.7
266	52.9
310	20.3
171	16.6
329	26.9
301	31.4
137	29.0
324	38.0
210	43.1
319	50.2
259	36.0
89	38.2
325	32.8
171	38.5
319	64.4
259	-18.0
326
320	Florida A&M	MEAC	31	8–23
6–10	91.3
314	108.9
306	.1156
320	44.5
317	50.3
227	22.5
295	21.0
128	35.8
47	38.5
337	27.8
336	42.4
288	42.7
329	49.3
228	32.6
242	35.2
209	28.4
276	30.0
74	69.4
37	-17.9
323
321	Northern Illinois	MAC	30	4–26
3–13	89.3
326	106.7
277	.1148
321	42.3
340	52.4
298	25.4
339	18.8
240	35.1
61	30.1
79	31.8
281	45.4
316	39.6
343	49.2
224	31.3
286	38.1
323	36.5
91	40.7
333	63.3
294	-19.9
335
322	Central Arkansas	Slnd	26	6–20
3–13	91.8
310	110.0
316	.1111
322	45.5
298	54.6
334	20.3
171	21.2
118	32.1
172	37.3
328	30.8
302	44.0
305	45.1
275	55.7
342	31.1
291	34.4
170	26.8
309	27.3
22	73.0
5	-15.1
305
323	The Citadel	SC	28	4–24
3–15	91.2
315	109.5
312	.1087
323	47.8
210	53.7
325	22.1
273	18.3
271	28.4
276	32.2
174	33.3
249	30.6
48	47.2
195	55.7
342	32.7
238	33.5
130	30.1
233	35.8
272	64.8
237	-18.9
328
324	Navy	Pat	28	2–26
0–14	89.7
322	108.1
295	.1050
324	45.3
302	54.5
333	23.3
318	22.0
74	30.9
221	30.7
107	33.5
247	41.3
267	47.4
188	53.4
331	27.9
335	37.5
307	38.6
53	36.7
301	61.3
327	-20.5
340
325	UC Davis	BW	30	4–26
3–13	92.4
307	111.4
329	.1043
325	48.4
189	52.2
290	23.4
321	16.8
320	26.7
311	36.1
307	31.7
284	37.0
192	43.2
318	51.4
303	37.4
49	35.9
247	40.4
31	32.7
166	66.3
160	-19.7
334
Rk	Team	Conf	G	Rec	AdjOE	AdjDE	Barthag	Efg%	EfgD%	TOR	TORD	ORB	DRB	FTR	FTRD	2P%	2P%D	3P%	3P%D	3PR	3PRD	Adj T.	WAB
326	Nebraska Omaha	ind	16	1–15
0–3	95.6
276	115.5
343	.1015
326	47.9
207	55.6
342	18.3
57	16.2
332	23.4
339	35.4
295	28.2
334	30.4
47	48.7
133	51.1
288	31.1
291	43.1
345	36.6
89	33.2
186	71.8
11	-11.0
236
327	Alabama St.	SWAC	29	10–19
9–9	86.2
340	104.3
241	.1008
327	42.7
334	48.1
138	22.6
296	23.6
23	32.6
159	33.1
218	34.1
230	41.7
276	41.4
337	49.8
242	30.1
320	29.4
11	36.3
97	29.6
65	64.8
237	-14.1
292
328	Prairie View A&M	SWAC	29	11–18
10–8	84.2
344	102.1
194	.0981
328	42.7
334	47.8
121	23.0
311	22.4
60	33.6
128	30.5
96	33.8
238	42.8
294	41.1
339	47.5
159	31.3
286	32.2
76	28.3
281	32.3
153	70.5
24	-13.4
283
329	Nicholls St.	Slnd	28	8–20
6–10	97.2
249	118.1
344	.0966
329	48.0
202	54.8
336	22.2
279	18.2
277	26.9
301	37.5
332	36.5
171	41.2
266	49.1
122	52.8
324	30.8
301	39.2
332	39.0
47	33.6
199	66.8
131	-14.1
295
330	Tennessee Martin	OVC	29	2–27
0–16	93.1
303	113.4
338	.0935
330	44.1
325	55.5
340	23.3
318	19.8
182	33.3
142	36.0
304	34.7
214	40.3
251	44.8
285	56.1
344	28.2
332	36.0
249	26.1
316	26.7
15	66.3
160	-20.5
339
331	Arkansas Pine Bluff	SWAC	33	11–22
9–9	91.5
312	111.7
331	.0917
331	45.5
298	50.7
239	22.4
290	21.5
101	31.5
198	35.2
288	42.1
43	42.3
285	45.8
240	47.9
173	30.0
321	37.3
301	28.4
276	34.5
230	66.3
160	-16.2
314
332	Bryant	NEC	30	2–28
1–17	93.3
301	114.3
339	.0881
332	46.8
263	54.2
330	22.1
273	17.5
300	27.6
291	34.5
264	29.5
320	33.5
114	47.8
171	53.2
328	30.3
313	37.4
305	42.4
15	35.7
268	66.1
173	-21.7
344
333	Chicago St.	GWC	28	3–25
2–8	87.2
336	107.6
288	.0821
333	43.9
328	52.7
306	23.8
325	19.8
182	29.7
253	33.2
222	30.3
310	41.1
265	43.8
306	51.0
284	29.3
327	36.9
289	30.3
228	38.5
319	70.7
20	-18.1
327
334	Maryland Eastern Shore	MEAC	29	6–23
4–12	85.2
343	105.1
258	.0819
334	42.0
342	49.5
197	25.8
343	19.4
206	35.7
51	32.9
205	31.5
289	42.3
285	42.6
331	50.2
259	27.2
342	32.1
72	32.9
167	35.5
261	68.1
77	-17.2
319
335	Alcorn St.	SWAC	28	7–21
6–12	87.3
335	108.1
294	.0788
335	44.5
317	48.1
138	23.3
318	21.8
83	26.8
305	39.1
340	37.5
144	44.6
310	44.5
290	47.4
150	29.7
324	33.1
114	25.8
320	29.2
56	68.3
71	-17.3
320
336	Longwood	ind	27	6–21
0–2	97.7
235	121.1
345	.0780
336	48.3
193	57.8
345	17.7
38	16.1
334	25.3
323	32.2
174	25.5
345	31.5
63	47.2
195	55.6
341	33.2
223	40.7
343	40.5
30	39.2
326	70.7
20	-15.5
309
337	UMBC	AE	30	4–26
3–13	90.7
317	112.6
335	.0768
337	43.5
332	53.0
311	21.0
224	18.7
248	31.7
186	33.3
228	32.2
274	46.0
324	43.0
322	52.9
325	29.7
324	35.5
219	29.2
257	34.5
230	69.3
40	-21.0
343
338	Fairleigh Dickinson	NEC	29	3–26
2–16	86.6
337	107.5
286	.0765
338	44.7
315	49.7
204	22.2
279	18.8
240	29.5
257	34.0
245	32.7
263	38.5
221	45.7
246	46.7
119	27.7
338	37.0
293	24.7
330	33.8
204	67.6
102	-20.5
341
339	Towson	CAA	32	1–31
1–17	86.4
339	107.4
283	.0753
339	40.1
344	51.1
252	28.6
345	16.8
320	38.5
16	34.7
274	40.9
58	36.4
181	40.0
342	48.4
195	27.0
344	36.9
289	25.3
325	37.7
311	62.9
305	-20.9
342
340	Northern Arizona	BSky	27	3–24
1–15	88.8
330	111.1
324	.0710
340	44.2
324	56.9
343	22.7
300	20.9
134	31.5
198	33.9
241	30.4
308	31.9
69	42.8
327	54.6
337	31.7
270	41.0
344	29.6
246	32.5
159	65.5
202	-19.2
331
341	Jackson St.	SWAC	30	6–24
5–13	86.5
338	108.3
297	.0702
341	41.8
343	49.8
208	23.8
325	20.8
140	33.6
128	36.0
304	33.0
255	41.7
276	39.6
343	49.1
215	32.2
258	34.3
166	24.9
328	30.8
94	62.5
314	-17.4
321
342	Alabama A&M	SWAC	26	5–21
5–13	88.4
331	111.1
325	.0677
342	45.1
309	49.2
181	23.9
329	20.6
149	30.4
232	33.6
234	35.5
192	52.9
341	44.1
301	48.0
177	31.6
274	35.1
203	30.9
215	25.4
8	67.9
86	-17.4
322
343	South Carolina St.	MEAC	29	3–26
0–16	91.4
313	115.1
341	.0658
343	43.1
333	53.8
326	22.4
290	17.8
288	35.6
54	36.4
318	34.8
212	36.1
173	43.4
312	51.6
307	28.2
332	39.3
336	27.6
291	30.6
87	69.8
30	-20.4
338
344	Binghamton	AE	31	2–29
1–15	85.2
342	112.5
334	.0397
344	43.9
328	53.5
319	22.8
301	19.5
204	26.8
305	30.7
107	34.1
230	37.7
205	43.3
313	52.6
319	30.2
315	36.8
280	27.7
289	34.5
230	65.6
197	-24.3
345
345	Grambling St.	SWAC	28	4–24
4–14	81.9
345	115.2
342	.0193
345	39.8
345	49.9
210	24.5
335	17.4
304	27.8
289	36.3
316	35.7
189	31.2
57	39.3
345	50.5
270	27.5
339	32.3
79	28.8
272	29.4
58	65.6
197	-19.9
336