Rk	Team	Conf	G	Rec	AdjOE	AdjDE	Barthag	EFG%	EFGD%	TOR	TORD	ORB	DRB	FTR	FTRD	2P%	2P%D	3P%	3P%D	3PR	3PRD	Adj T.	WAB
1	Florida
   3 seed, Elite Eight	SEC	33	26–7
14–4	117.6
6	85.6
3	.9749
1	55.8
6	42.7
5	17.7
47	22.4
45	34.0
95	28.6
56	29.1
325	30.2
51	54.9
7	41.5
6	38.0
24	30.1
22	40.5
30	33.1
174	62.7
296	+4.2
19
2	Indiana
   1 seed, Sweet Sixteen	B10	33	27–6
14–4	122.5
1	89.9
17	.9721
2	55.2
8	44.0
18	19.1
124	21.2
101	39.7
6	31.5
154	46.0
7	27.7
21	52.2
25	43.0
32	41.1
2	30.6
33	32.1
193	32.9
165	68.1
78	+7.7
3
3	Louisville
   1 seed, CHAMPS	BE	34	29–5
14–4	112.6
21	83.5
1	.9686
3	49.5
120	44.0
18	18.7
99	27.6
2	38.4
14	33.7
253	38.8
92	33.7
120	49.5
87	42.7
26	33.1
209	31.2
49	30.3
257	33.5
190	67.5
104	+9.0
1
4	Gonzaga
   1 seed, R32	WCC	32	30–2
16–0	119.4
3	90.3
20	.9615
4	55.5
7	44.2
24	17.1
26	20.9
120	37.4
23	30.2
98	41.0
48	29.5
44	55.9
5	42.1
10	36.4
60	31.8
70	31.1
230	38.0
314	65.2
210	+7.8
2
5	Kansas
   1 seed, Sweet Sixteen	B12	34	29–5
14–4	112.3
22	86.0
5	.9554
5	53.4
27	41.5
1	19.9
167	18.7
243	34.3
85	28.8
59	39.7
75	33.1
101	52.7
18	39.0
1	36.7
54	30.7
38	29.6
267	36.2
291	67.7
94	+7.5
5
6	Duke
   2 seed, Elite Eight	ACC	32	27–5
14–4	118.0
4	91.3
30	.9502
6	54.4
12	45.7
59	15.6
4	20.9
120	29.4
243	32.9
214	37.7
118	31.4
69	51.1
43	46.3
123	40.6
5	29.3
10	33.3
162	26.8
21	68.1
78	+7.6
4
7	Ohio St.
   2 seed, Elite Eight	B10	33	26–7
13–5	113.4
15	89.3
14	.9397
7	50.8
79	45.2
41	16.6
15	20.7
133	32.2
147	27.6
35	34.2
224	28.4
28	50.0
68	43.6
41	35.1
110	32.0
78	31.1
230	35.7
269	65.0
216	+7.2
6
8	Michigan
   4 seed, Finals	B10	32	25–7
12–6	120.4
2	95.0
67	.9385
8	54.4
12	47.9
142	14.3
1	18.9
230	32.5
138	29.6
72	28.7
329	22.9
1	53.5
11	46.9
147	37.5
36	33.2
132	34.0
148	35.0
240	64.8
228	+6.2
11
9	Wisconsin
   5 seed, R64	B10	34	23–11
12–6	108.4
50	85.7
4	.9371
9	49.2
134	43.0
8	15.6
4	18.0
278	32.6
135	26.7
15	29.9
315	25.6
9	48.5
129	42.7
26	33.4
188	29.2
8	39.7
37	24.8
7	62.1
314	+4.6
17
10	Syracuse
   4 seed, Final Four	BE	35	26–9
11–7	113.4
14	89.9
16	.9358
10	49.2
134	43.6
13	19.1
124	23.4
22	39.8
5	34.4
276	35.3
192	35.5
160	48.8
112	42.9
30	33.4
188	29.8
16	31.0
234	39.8
332	65.7
189	+5.1
13
11	Georgetown
   2 seed, R64	BE	31	25–6
14–4	106.8
72	84.6
2	.9357
11	51.4
63	42.8
6	20.1
179	22.6
40	30.6
209	31.3
146	37.0
140	33.6
116	50.4
53	41.3
4	35.8
78	30.5
31	32.6
181	34.1
203	62.1
314	+6.5
9
12	Pittsburgh
   8 seed, R64	BE	32	24–8
12–6	114.1
12	91.3
29	.9287
12	52.2
45	44.7
32	17.9
55	22.2
55	40.8
4	29.8
82	37.5
124	34.9
146	51.6
36	43.6
41	36.0
73	31.2
49	26.1
317	35.2
246	60.0
342	+3.1
25
13	Michigan St.
   3 seed, Sweet Sixteen	B10	32	24–8
13–5	110.4
33	89.1
12	.9218
13	50.7
83	45.0
35	20.5
203	19.7
187	35.5
55	28.3
49	36.7
150	32.6
88	50.4
53	44.8
73	34.4
142	30.2
23	27.3
299	33.8
197	64.6
237	+6.7
8
14	Creighton
   7 seed, R32	MVC	34	27–7
13–5	118.0
5	95.5
81	.9187
14	59.1
1	45.9
65	18.8
105	16.2
325	29.2
251	27.0
18	33.6
237	25.8
11	56.4
3	45.4
90	42.1
1	31.3
54	39.6
38	33.1
174	65.3
206	+3.6
22
15	VCU
   5 seed, R32	A10	34	26–8
12–4	113.4
16	92.0
33	.9172
15	51.3
68	50.0
231	17.1
26	28.6
1	37.0
29	34.7
292	30.6
299	41.0
279	50.4
53	49.7
255	35.2
104	33.6
158	36.2
80	33.0
170	68.3
69	+2.7
27
16	Miami FL
   2 seed, Sweet Sixteen	ACC	33	27–6
15–3	110.9
27	90.0
19	.9168
16	52.3
43	45.6
54	16.9
21	18.4
263	30.8
203	27.9
41	35.2
198	28.8
31	51.5
38	43.8
47	35.8
78	32.6
101	34.9
121	34.9
237	63.2
282	+6.4
10
17	Minnesota
   11 seed, R32	B10	32	20–12
8–10	112.7
20	92.0
34	.9122
17	49.1
142	45.4
48	21.7
266	20.1
166	44.1
1	32.9
214	41.9
35	35.3
157	49.1
100	42.6
24	32.6
229	33.9
168	29.6
267	34.3
214	64.0
264	+2.1
33
18	Arizona
   6 seed, Sweet Sixteen	P12	32	25–7
12–6	113.0
18	92.4
37	.9097
18	51.9
51	47.0
107	19.5
141	20.5
142	35.4
56	27.2
26	37.4
129	32.1
78	50.3
56	44.0
51	36.3
67	36.0
272	37.9
55	30.4
81	67.0
123	+4.6
16
19	Oklahoma St.
   5 seed, R64	B12	32	24–8
13–5	107.9
58	88.4
8	.9075
19	48.9
146	44.5
30	18.1
68	21.5
83	31.8
160	30.7
119	40.8
51	35.1
152	49.6
84	42.5
20	31.6
267	32.2
83	31.2
225	34.2
208	67.3
113	+3.2
24
20	Saint Louis
   4 seed, R32	A10	33	27–6
13–3	107.9
57	88.6
9	.9061
20	50.7
83	45.6
54	17.6
42	23.4
22	28.1
288	28.3
49	44.7
17	35.6
164	50.0
68	44.3
60	34.7
126	32.8
111	34.3
139	26.8
21	64.7
235	+3.9
20
21	Marquette
   3 seed, Elite Eight	BE	31	23–8
14–4	113.3
17	94.1
57	.8943
21	50.7
83	46.2
74	21.0
238	19.9
178	37.8
20	33.2
235	41.4
40	31.5
71	52.8
16	45.3
84	30.1
317	31.8
70	26.9
304	35.5
261	64.9
222	+4.5
18
22	Kansas St.
   4 seed, R64	B12	33	26–7
14–4	112.1
23	93.7
50	.8865
22	49.2
134	47.4
121	18.2
72	22.4
45	38.5
13	34.0
261	31.8
275	36.9
197	46.8
204	46.5
129	35.9
76	33.1
124	33.2
164	28.9
44	63.2
282	+5.4
12
23	Saint Mary's
   11 seed, R64	WCC	33	27–6
14–2	115.3
10	96.5
94	.8863
23	54.3
16	47.2
114	18.3
77	17.8
286	36.9
31	24.8
4	37.4
129	36.9
197	52.9
14	44.0
51	37.7
31	36.8
297	37.9
55	28.7
40	65.0
216	+2.7
28
24	Cincinnati
   10 seed, R64	BE	33	22–11
9–9	105.1
104	88.1
6	.8830
24	46.2
272	43.1
9	19.5
141	20.1
166	38.8
10	29.9
90	36.2
165	32.1
78	45.3
262	42.2
12	31.7
263	30.0
20	37.3
59	30.2
77	65.5
195	+1.7
36
25	San Diego St.
   7 seed, R32	MWC	30	20–10
9–7	105.5
95	88.7
10	.8802
25	48.5
172	44.1
23	17.9
55	18.3
269	31.5
178	28.0
44	36.0
172	29.7
45	48.4
133	42.4
18	32.4
239	31.9
73	32.4
185	32.3
143	67.0
123	+0.49
47
Rk	Team	Conf	G	Rec	AdjOE	AdjDE	Barthag	Efg%	EfgD%	TOR	TORD	ORB	DRB	FTR	FTRD	2P%	2P%D	3P%	3P%D	3PR	3PRD	Adj T.	WAB
26	Iowa	B10	33	21–12
9–9	107.5
63	90.4
21	.8795
26	46.5
264	43.3
10	18.8
105	19.6
194	36.7
34	30.8
125	41.7
37	30.5
55	47.7
169	43.1
34	29.2
324	29.1
6	30.5
250	33.6
192	67.9
86	+0.03
52
27	Notre Dame
   7 seed, R64	BE	34	25–9
11–7	114.5
11	96.3
91	.8795
27	52.3
43	46.5
82	17.4
37	16.2
325	34.1
91	29.8
82	32.2
268	24.7
4	50.5
50	45.7
97	37.3
39	32.2
83	31.9
202	29.0
46	61.6
320	+3.8
21
28	Missouri
   9 seed, R64	SEC	33	23–10
11–7	112.9
19	95.2
70	.8777
28	51.3
68	45.9
65	19.3
133	17.5
293	39.5
7	28.3
49	35.1
201	28.8
31	51.4
40	44.0
51	34.0
159	32.9
115	31.3
220	35.1
242	67.6
98	+1.3
41
29	UNLV
   5 seed, R64	MWC	33	24–9
10–6	105.6
94	89.0
11	.8771
29	49.3
129	44.0
18	20.3
193	18.6
247	33.5
108	27.2
26	36.5
156	29.7
45	49.4
89	42.6
24	32.7
223	31.3
54	34.7
129	32.1
134	69.3
42	+1.8
35
30	Colorado St.
   8 seed, R32	MWC	31	23–8
11–5	115.5
8	97.4
112	.8760
30	48.9
146	48.2
152	16.7
17	16.9
314	41.8
2	23.3
1	43.3
24	36.6
187	48.4
133	46.6
138	33.4
188	33.9
168	27.3
299	37.6
312	64.8
228	+2.0
34
31	North Carolina
   8 seed, R32	ACC	33	23–10
12–6	110.7
32	93.5
44	.8750
31	49.5
120	48.0
146	17.1
26	21.2
101	35.1
63	30.9
131	28.0
335	26.7
16	46.9
198	45.9
110	37.0
49	34.9
226	30.7
241	32.6
154	71.4
8	+2.6
29
32	Virginia	ACC	33	22–11
11–7	106.4
76	90.0
18	.8734
32	51.6
58	44.0
18	17.9
55	20.8
127	28.4
279	27.4
31	30.6
299	32.5
87	48.9
104	42.5
20	38.5
18	31.2
49	30.7
241	34.4
218	60.5
338	-1.4
65
33	Memphis
   6 seed, R32	CUSA	34	30–4
16–0	107.3
68	90.8
25	.8719
33	53.2
29	45.6
54	20.8
224	22.0
61	36.2
41	30.6
113	37.9
111	35.0
149	51.8
33	43.5
40	37.9
26	33.5
151	28.3
291	30.5
83	69.5
37	+4.7
15
34	N.C. State
   8 seed, R64	ACC	34	24–10
11–7	115.6
7	98.1
126	.8674
34	54.1
17	46.6
86	17.9
55	16.9
314	34.9
68	33.0
221	41.2
46	28.1
25	52.5
20	47.4
168	39.3
11	29.9
18	23.7
335	32.2
139	68.2
74	+2.2
32
35	Wichita St.
   9 seed, Final Four	MVC	34	26–8
12–6	107.8
60	91.6
32	.8668
35	50.2
99	46.0
69	19.8
156	20.4
147	38.0
18	25.3
6	35.8
176	37.4
207	50.1
66	44.0
51	33.7
172	33.0
119	35.2
110	36.2
291	64.8
228	+2.3
31
36	New Mexico
   3 seed, R64	MWC	34	29–5
13–3	106.4
77	90.6
23	.8637
36	48.7
157	45.5
51	17.6
42	19.5
200	28.9
265	27.8
37	45.8
8	25.2
7	46.2
228	41.7
7	35.4
92	34.3
198	35.0
116	39.1
328	65.5
195	+7.0
7
37	Iowa St.
   10 seed, R32	B12	33	22–11
11–7	115.5
9	98.5
134	.8617
37	53.6
22	47.8
136	18.6
97	18.5
255	34.6
76	28.9
63	33.1
251	32.4
84	52.1
32	48.6
210	37.0
49	30.7
38	43.9
7	33.2
181	69.6
34	+0.7
44
38	Illinois
   7 seed, R32	B10	32	20–12
8–10	110.1
34	94.0
56	.8607
38	47.9
205	49.0
188	17.6
42	21.9
68	33.4
113	33.2
235	31.2
290	36.6
187	47.6
173	47.8
185	32.1
253	34.2
187	40.9
28	35.4
257	66.4
148	+2.4
30
39	Butler
   6 seed, R32	A10	33	25–8
11–6	109.4
42	93.7
48	.8562
39	51.0
75	46.9
98	20.5
203	17.3
302	36.2
41	26.0
10	38.1
105	36.5
183	50.7
48	45.6
93	34.3
143	33.1
124	35.7
96	30.8
91	64.4
245	+4.8
14
40	UCLA
   6 seed, R64	P12	34	25–9
13–5	110.9
28	95.0
68	.8553
40	49.5
120	47.1
110	15.7
6	20.0
173	30.2
227	34.0
261	32.9
254	24.4
3	49.1
100	46.9
147	33.9
165	31.9
73	23.8
334	30.9
95	69.5
37	+3.3
23
41	Oregon
   12 seed, Sweet Sixteen	P12	34	26–8
12–6	103.8
117	89.2
13	.8508
41	49.1
142	46.3
78	21.3
251	22.3
51	36.1
44	27.8
37	39.0
88	32.7
90	49.4
89	44.2
58	32.3
242	34.3
198	27.4
298	29.6
64	69.2
48	+2.9
26
42	Colorado
   10 seed, R64	P12	32	21–11
10–8	105.8
88	91.0
27	.8485
42	48.6
163	46.1
72	19.9
167	19.4
206	33.9
97	30.5
108	41.4
40	24.7
4	47.2
187	44.9
76	34.7
126	32.3
88	28.7
283	35.9
278	65.6
192	+1.4
40
43	Baylor	B12	32	18–14
9–9	110.9
29	95.5
79	.8475
43	51.4
63	45.9
65	17.8
51	18.9
230	34.5
80	32.6
197	34.8
206	33.6
116	50.5
50	44.7
71	35.3
97	32.6
101	34.4
137	28.7
40	67.6
98	-2.5
74
44	Stanford	P12	33	19–14
9–9	108.3
52	93.5
45	.8443
44	47.7
215	46.9
98	17.1
26	19.2
213	32.2
147	28.4
55	33.9
230	33.3
108	44.7
283	45.8
103	36.0
73	33.3
140	32.5
184	25.6
11	68.1
78	-2.2
69
45	Middle Tennessee
   11 seed, R68	SB	34	28–6
19–1	105.1
106	90.7
24	.8434
45	51.1
72	44.4
26	20.7
216	23.6
19	36.5
37	29.0
65	41.4
40	42.8
305	49.2
93	43.9
50	37.7
31	30.3
26	26.2
315	31.7
122	64.9
222	+1.0
43
46	La Salle
   13 seed, Sweet Sixteen	A10	31	22–9
11–5	110.8
31	95.7
85	.8423
46	52.1
49	49.4
201	17.3
33	21.8
74	29.3
248	33.0
221	31.3
286	28.8
31	49.7
81	50.7
277	37.6
34	30.3
26	35.9
86	24.7
6	66.4
148	+0.47
48
47	Connecticut	BE	30	20–10
10–8	108.7
47	94.0
55	.8417
47	50.0
106	45.3
43	18.2
72	20.1
166	28.5
273	36.0
318	36.9
144	31.0
65	49.5
87	44.4
63	34.0
159	31.5
62	34.1
145	31.0
98	65.3
206	+1.5
39
48	Villanova
   9 seed, R64	BE	32	19–13
10–8	105.0
107	91.2
28	.8359
48	47.3
233	46.9
98	22.9
311	21.9
68	32.8
129	29.7
78	51.3
1	40.5
274	45.6
252	42.3
15	33.7
172	36.8
297	35.3
106	35.7
269	67.8
91	+0.30
51
49	Oklahoma
   10 seed, R64	B12	31	20–11
11–7	109.5
41	95.1
69	.8347
49	47.9
205	47.4
121	17.6
42	19.7
187	33.6
105	31.4
150	36.1
167	31.5
71	47.5
176	46.5
129	32.6
229	32.7
106	26.4
312	34.5
226	66.9
130	+0.38
49
50	Kentucky	SEC	33	21–12
12–6	109.7
38	95.5
78	.8314
50	52.6
38	43.9
17	19.4
137	17.6
287	34.7
74	31.2
142	41.7
37	30.2
51	52.9
14	42.0
8	34.6
133	32.4
93	29.3
273	28.4
37	67.5
104	-0.13
54
Rk	Team	Conf	G	Rec	AdjOE	AdjDE	Barthag	Efg%	EfgD%	TOR	TORD	ORB	DRB	FTR	FTRD	2P%	2P%D	3P%	3P%D	3PR	3PRD	Adj T.	WAB
51	Belmont
   11 seed, R64	OVC	30	24–6
14–2	108.9
46	94.9
64	.8298
51	56.8
2	47.4
121	19.8
156	25.0
9	30.4
217	33.9
257	32.4
265	36.9
197	57.1
1	46.2
121	37.6
34	32.9
115	39.5
41	36.9
305	67.4
109	+0.35
50
52	Southern Miss	CUSA	33	24–9
12–4	109.6
40	95.7
83	.8265
52	54.0
18	48.6
166	22.4
299	24.5
16	38.4
14	31.8
161	37.0
140	41.6
290	52.2
25	47.9
190	38.7
14	33.0
119	31.6
211	46.7
347	64.8
228	-0.29
55
53	Mississippi
   12 seed, R32	SEC	34	26–8
12–6	109.7
37	95.9
87	.8251
53	49.3
129	46.6
86	15.8
8	21.7
78	33.8
101	31.9
166	39.3
85	31.3
68	49.3
92	46.4
126	33.0
214	31.3
54	33.2
164	35.8
273	71.1
13	+1.7
37
54	Denver	WAC	31	22–9
16–2	107.9
56	94.5
60	.8220
54	56.5
3	47.2
114	18.5
87	26.4
3	22.5
345	34.4
276	31.4
283	41.1
280	56.5
2	46.3
123	37.8
29	33.4
148	43.9
7	24.5
5	59.0
346	-2.5
75
55	Boise St.
   13 seed, R68	MWC	30	19–11
9–7	111.7
24	97.9
121	.8204
55	51.8
53	51.4
277	18.4
80	20.0
173	30.3
220	24.4
3	33.7
234	42.2
297	48.4
133	51.0
286	38.7
14	34.8
219	35.1
112	37.3
310	66.2
162	-0.11
53
56	Maryland	ACC	35	23–12
8–10	105.9
84	92.8
41	.8198
56	51.7
55	43.5
11	21.9
275	15.5
337	37.1
27	27.7
36	34.8
206	29.7
45	52.2
25	42.4
18	33.8
167	30.4
29	30.6
245	34.4
218	67.2
115	-1.3
63
57	Bucknell
   11 seed, R64	Pat	32	27–5
12–2	105.6
93	93.2
43	.8088
57	49.9
109	42.6
4	15.1
2	14.3
346	29.6
239	24.2
2	36.6
153	28.7
30	48.6
124	41.0
3	36.0
73	30.9
41	24.3
328	30.8
91	63.3
279	+1.2
42
58	Alabama	SEC	33	21–12
12–6	102.6
137	90.8
26	.8031
58	48.2
191	45.6
54	19.9
167	22.5
43	32.1
151	33.0
221	33.9
230	33.6
116	47.4
179	45.5
91	33.2
201	30.6
33	31.5
212	31.4
114	61.6
320	-1.4
64
59	Temple
   9 seed, R32	A10	32	23–9
11–5	110.0
36	97.5
116	.7998
59	49.2
134	48.7
171	16.2
9	20.2
156	31.2
189	31.9
166	35.5
186	33.9
123	48.7
116	46.8
144	33.4
188	35.5
249	37.2
60	29.6
64	67.1
119	+1.6
38
60	California
   12 seed, R32	P12	31	20–11
12–6	105.6
91	93.7
49	.7986
60	48.2
191	44.5
30	18.8
105	16.6
320	32.8
129	30.6
113	31.3
286	30.7
59	48.9
104	42.0
8	30.4
311	33.6
158	23.4
338	29.4
57	66.4
148	+0.5
46
61	BYU	WCC	32	21–11
10–6	107.5
62	95.4
75	.7977
61	50.1
101	48.4
163	17.2
31	19.8
181	32.3
144	27.5
34	36.3
162	37.8
222	50.3
56	47.6
176	33.1
209	33.3
140	27.7
294	35.6
265	71.6
7	-2.4
72
62	Dayton	A10	31	17–14
7–9	111.0
26	98.8
140	.7931
62	53.0
31	49.2
196	21.7
266	21.0
111	35.2
61	30.4
106	39.7
75	37.5
210	51.1
43	47.4
168	38.4
19	35.3
241	28.6
284	32.9
165	66.4
148	-4.5
107
63	Akron
   12 seed, R64	MAC	31	25–6
14–2	105.4
99	93.8
52	.7919
63	51.4
63	44.0
18	20.4
200	20.5
142	37.8
20	30.2
98	36.8
147	35.5
160	52.2
25	42.2
12	33.2
201	32.2
83	36.7
66	29.6
64	66.6
141	+0.6
45
64	Providence	BE	32	18–14
9–9	106.1
79	94.5
59	.7914
64	45.8
284	45.7
59	19.1
124	20.2
156	37.3
25	33.2
235	37.3
134	32.7
90	45.2
267	46.6
138	31.3
279	28.9
4	30.9
236	29.5
61	66.1
171	-2.7
79
65	Purdue	B10	33	16–17
8–10	105.4
101	93.9
53	.7909
65	46.3
270	45.1
38	19.2
130	16.8
318	36.9
31	29.6
72	33.3
245	32.9
95	45.6
252	43.6
41	32.6
229	32.5
98	23.3
339	30.0
73	66.7
138	-3.8
98
66	Illinois St.	MVC	33	18–15
8–10	108.2
53	96.6
95	.7860
66	51.8
53	48.4
163	18.7
99	21.0
111	29.5
241	31.4
150	34.4
218	34.0
125	51.7
35	47.3
166	34.7
126	33.4
148	36.4
74	35.8
273	70.4
21	-5.1
116
67	Stony Brook	AE	31	24–7
14–2	103.2
130	92.6
38	.7773
67	49.5
120	43.8
15	18.4
80	20.8
127	32.2
147	27.3
29	37.9
111	26.3
15	48.0
153	42.1
10	35.3
97	30.9
41	30.6
245	39.7
331	64.4
245	-1.9
68
68	Davidson
   14 seed, R64	SC	32	25–7
17–1	110.8
30	99.5
148	.7768
68	53.3
28	45.5
51	17.0
24	18.9
230	29.2
251	27.9
41	38.7
95	36.5
183	52.2
25	44.5
65	36.6
56	32.3
88	38.5
50	26.2
16	65.4
200	-1.2
62
69	Santa Clara	WCC	31	20–11
9–7	109.2
44	98.2
127	.7738
69	50.5
90	47.5
128	18.4
80	21.3
93	33.5
108	33.4
245	36.6
153	41.7
291	48.1
151	44.9
76	36.3
67	35.9
264	38.2
53	29.6
64	67.6
98	-3.2
87
70	Stephen F. Austin	Slnd	28	23–5
16–2	98.1
217	88.2
7	.7737
70	50.5
90	42.2
3	20.5
203	22.6
40	34.1
91	25.9
8	40.4
59	35.5
160	50.9
46	41.4
5	32.8
220	29.7
14	23.9
332	26.9
23	60.8
333	-0.32
56
71	Tennessee	SEC	33	20–13
11–7	107.1
70	96.4
92	.7709
71	47.9
205	46.2
74	20.1
179	17.4
298	36.5
37	28.8
59	42.2
32	34.4
134	48.2
146	45.6
93	31.6
267	31.9
73	31.3
220	27.8
31	63.5
276	-0.9
59
72	Xavier	A10	31	17–14
10–7	105.0
109	94.7
62	.7667
72	50.1
101	46.7
89	20.4
200	18.6
247	34.3
85	29.0
65	41.4
40	33.3
108	49.2
93	45.8
103	35.0
114	32.1
81	25.3
322	38.5
324	63.1
288	-3.9
100
73	Arkansas	SEC	32	19–13
10–8	105.9
86	95.5
80	.7661
73	48.4
175	49.2
196	16.3
10	24.6
14	31.7
166	33.5
248	35.1
201	44.4
318	50.0
68	46.9
147	30.0
319	35.9
264	32.6
181	32.8
160	71.3
9	-2.4
71
74	Saint Joseph's	A10	32	18–14
8–8	107.5
61	97.1
103	.7623
74	50.6
87	46.1
72	18.7
99	16.2
325	31.7
166	33.2
235	36.2
165	23.8
2	50.0
68	45.6
93	34.2
147	31.4
61	39.3
42	32.7
158	63.0
293	-3.2
86
75	Arizona St.	P12	34	22–12
9–9	106.1
80	95.8
86	.7622
75	52.2
45	46.2
74	18.4
80	18.1
272	28.3
283	30.1
93	35.4
189	25.6
9	52.7
18	44.1
57	34.2
147	33.8
162	36.6
67	32.0
131	65.9
180	-1.7
67
Rk	Team	Conf	G	Rec	AdjOE	AdjDE	Barthag	Efg%	EfgD%	TOR	TORD	ORB	DRB	FTR	FTRD	2P%	2P%D	3P%	3P%D	3PR	3PRD	Adj T.	WAB
76	Ohio	MAC	34	24–10
14–2	105.4
100	95.3
73	.7605
76	53.6
22	47.5
128	18.5
87	25.5
7	27.4
298	34.4
276	31.3
286	45.9
331	54.3
9	46.5
129	35.1
110	33.1
124	40.0
33	29.8
70	67.9
86	-2.3
70
77	Northern Iowa	MVC	31	18–13
11–7	103.7
118	93.9
54	.7584
77	51.1
72	48.8
180	19.7
153	19.6
194	25.1
332	26.3
13	33.5
239	25.2
7	48.7
116	48.0
192	36.2
70	33.6
158	42.4
17	34.0
202	62.7
296	-2.5
78
78	Valparaiso
   14 seed, R64	Horz	32	25–7
13–3	107.8
59	97.7
119	.7562
78	56.1
4	46.0
69	22.0
282	19.2
213	31.6
174	27.3
29	42.3
31	37.4
207	56.1
4	44.5
65	37.5
36	33.6
158	39.8
34	26.2
16	65.8
185	-0.6
57
79	Washington	P12	34	18–16
9–9	106.8
73	96.8
97	.7555
79	48.2
191	48.2
152	19.8
156	18.4
263	37.3
25	31.3
146	33.8
233	32.3
83	47.0
195	47.0
154	34.3
143	34.2
187	27.3
299	28.9
44	65.7
189	-2.9
82
80	Richmond	A10	33	19–14
8–8	109.3
43	99.2
146	.7531
80	52.6
38	49.1
192	18.4
80	22.7
38	26.9
307	35.8
316	43.5
23	43.1
310	49.2
93	48.4
204	38.1
21	34.0
175	42.8
13	27.0
25	64.0
264	-3.8
97
81	North Dakota St.	Sum	32	22–10
12–4	103.2
129	93.8
51	.7502
81	52.8
33	44.4
26	18.1
68	18.1
272	30.0
235	25.1
5	28.4
330	35.4
158	52.3
23	42.3
15	35.8
78	32.4
93	36.6
67	32.9
165	60.8
333	-3.4
90
82	Georgia Tech	ACC	31	16–15
6–12	99.2
203	90.4
22	.7423
82	46.8
250	45.4
48	19.3
133	19.0
224	32.6
135	28.3
49	28.0
335	33.0
98	46.4
223	43.8
47	31.8
261	32.3
88	30.4
253	32.8
160	66.4
148	-4.7
110
83	Evansville	MVC	32	18–14
10–8	104.5
112	95.4
77	.7399
83	48.6
163	49.7
214	17.1
26	21.9
68	28.6
271	29.8
82	29.7
316	34.5
136	45.8
241	48.6
210	37.3
39	34.6
213	28.2
292	32.5
149	66.0
176	-4.5
108
84	Rutgers	BE	31	15–16
5–13	107.2
69	98.3
132	.7300
84	48.7
157	47.9
142	21.3
251	19.6
194	35.8
51	34.4
276	32.4
265	39.8
264	47.0
195	47.7
181	35.7
82	32.2
83	24.9
326	35.8
273	64.5
242	-4.1
103
85	Weber St.	BSky	31	25–6
18–2	106.7
74	98.0
123	.7272
85	56.0
5	43.7
14	19.0
121	16.6
320	30.2
227	25.9
8	39.8
73	34.5
136	53.5
11	43.7
46	41.0
3	29.2
8	31.5
212	22.5
1	64.9
222	-2.5
76
86	Massachusetts	A10	33	21–12
9–7	106.0
81	97.5
114	.7242
86	49.5
120	47.4
121	20.3
193	18.9
230	32.4
141	32.6
197	35.8
176	35.0
149	48.9
104	46.9
147	33.6
178	32.4
93	36.2
80	32.6
154	71.2
11	-0.9
60
87	Princeton	Ivy	26	16–10
10–4	107.4
65	99.0
144	.7183
87	53.9
20	48.2
152	20.3
193	20.8
127	30.6
209	28.6
56	34.6
211	37.6
212	49.9
74	47.0
154	41.0
3	34.2
187	34.0
148	27.4
28	60.6
336	-4.8
111
88	Oregon St.	P12	32	14–18
4–14	108.6
48	100.1
158	.7182
88	49.7
113	48.5
165	19.6
148	17.6
287	34.4
81	32.4
188	37.0
140	30.1
49	47.8
164	47.1
160	36.4
60	34.4
201	27.5
295	31.4
114	68.8
54	-7.3
157
89	Iona
   15 seed, R64	MAAC	33	20–13
11–7	113.8
13	105.0
255	.7158
89	52.5
41	51.5
282	16.9
21	19.5
200	32.8
129	33.4
245	32.7
258	32.1
78	50.5
50	49.1
231	37.3
39	37.3
311	36.4
74	35.3
253	71.0
15	-5.7
128
90	St. John's	BE	32	17–15
8–10	99.7
192	92.1
35	.7156
90	44.8
308	45.3
43	16.6
15	20.2
156	30.3
220	35.3
303	29.3
322	28.3
26	45.7
244	43.1
34	27.7
339	33.1
124	22.1
342	33.2
181	67.6
98	-3.4
93
91	Detroit Mercy	Horz	31	18–13
12–4	111.3
25	102.8
213	.7137
91	50.8
79	53.2
322	15.5
3	22.9
32	31.8
160	31.2
142	35.8
176	35.6
164	51.1
43	52.2
311	33.5
181	36.7
295	33.7
158	34.1
203	70.4
21	-3.6
95
92	New Mexico St.
   13 seed, R64	WAC	33	23–10
14–4	103.3
128	95.4
76	.7124
92	50.0
106	45.3
43	21.8
273	18.7
243	36.4
40	29.8
82	47.9
3	30.8
63	50.3
56	43.0
32	32.6
229	33.8
162	23.7
335	29.8
70	65.2
210	-2.9
80
93	Texas	B12	33	16–17
7–11	99.9
188	92.3
36	.7123
93	45.7
289	42.9
7	21.4
255	19.1
218	34.6
76	33.8
256	40.4
59	41.9
296	46.0
235	42.8
28	30.1
317	28.9
4	30.6
245	31.3
110	66.1
171	-4.2
104
94	Washington St.	P12	32	13–19
4–14	105.2
103	97.4
111	.7067
94	49.6
117	49.6
208	19.1
124	19.4
206	31.6
174	28.2
47	34.1
226	31.7
76	47.9
159	47.9
190	34.7
126	34.8
219	39.8
34	38.5
324	62.2
308	-8.1
184
95	Louisiana Tech	WAC	32	26–6
16–2	99.8
191	92.7
40	.6994
95	46.7
254	45.1
38	17.5
39	24.7
11	34.0
95	33.5
248	35.7
184	36.8
194	45.7
244	45.0
79	32.3
242	30.3
26	37.2
60	28.0
33	70.4
21	-0.8
58
96	Lehigh	Pat	30	20–10
10–4	107.4
66	100.0
154	.6951
96	53.0
31	47.6
131	16.4
12	20.4
147	26.9
307	34.0
261	36.4
159	28.6
29	49.8
79	49.2
233	39.4
9	29.8
16	34.7
129	35.9
278	67.4
109	-3.3
88
97	LSU	SEC	31	19–12
9–9	104.3
114	97.2
104	.6925
97	49.2
134	47.0
107	20.5
203	21.6
79	34.4
81	34.8
294	33.4
242	38.0
228	46.9
198	46.9
147	35.6
85	31.5
62	35.8
91	30.8
91	69.3
42	-2.4
73
98	Seton Hall	BE	33	15–18
3–15	103.5
123	96.8
98	.6818
98	51.3
68	46.7
89	23.8
333	19.4
206	31.0
192	32.8
208	34.5
214	39.1
250	48.6
124	44.6
69	36.7
54	34.0
175	41.7
23	31.7
122	65.1
212	-5.6
126
99	Texas A&M	SEC	33	18–15
7–11	103.7
120	97.1
101	.6808
99	48.8
154	47.5
128	21.0
238	21.9
68	34.9
68	33.5
248	32.9
254	35.7
166	47.1
190	46.0
114	35.6
85	33.5
151	26.6
307	36.1
288	61.2
324	-5.0
114
100	Indiana St.	MVC	32	17–15
9–9	101.2
158	95.0
65	.6757
100	48.2
191	46.5
82	19.6
148	18.2
270	26.6
313	29.8
82	42.1
33	38.7
245	48.4
133	45.6
93	32.0
258	32.4
93	33.8
153	31.0
98	65.3
206	-3.4
91
Rk	Team	Conf	G	Rec	AdjOE	AdjDE	Barthag	Efg%	EfgD%	TOR	TORD	ORB	DRB	FTR	FTRD	2P%	2P%D	3P%	3P%D	3PR	3PRD	Adj T.	WAB
101	Vanderbilt	SEC	33	16–17
8–10	100.3
178	94.2
58	.6743
101	48.4
175	46.0
69	19.5
141	18.5
255	27.9
293	29.5
69	35.1
201	33.5
112	45.3
262	45.7
97	35.0
114	31.1
46	43.9
7	34.2
208	60.9
331	-6.1
135
102	USC	P12	32	14–18
9–9	101.1
160	95.0
66	.6733
102	47.2
237	46.9
98	19.5
141	17.6
287	29.2
251	29.5
69	30.0
314	37.6
212	45.7
244	44.7
71	34.2
147	34.5
209	26.6
307	31.5
118	67.1
119	-5.3
119
103	Utah	P12	31	13–18
5–13	103.6
121	97.4
108	.6720
103	48.7
157	46.9
98	20.0
172	16.9
314	27.5
296	31.8
161	31.1
293	30.6
58	46.6
212	44.8
73	35.5
89	33.9
168	31.8
204	34.5
226	62.2
308	-6.6
143
104	George Washington	A10	30	13–17
7–9	98.6
212	92.6
39	.6713
104	46.6
257	47.4
121	23.4
328	21.3
93	38.2
17	30.8
125	40.4
59	32.7
90	47.7
169	44.6
69	27.9
337	36.0
272	18.1
346	29.2
54	68.0
83	-7.2
154
105	Clemson	ACC	31	13–18
5–13	99.5
196	93.5
47	.6702
105	47.2
237	46.8
94	18.4
80	20.4
147	32.0
155	31.8
161	33.1
251	32.9
95	47.1
190	44.4
63	31.7
263	34.8
219	30.2
259	30.5
83	62.3
305	-7.6
171
106	Wyoming	MWC	31	18–13
4–12	101.2
159	95.3
72	.6664
106	49.7
113	48.2
152	18.5
87	21.4
88	23.9
341	31.7
158	39.9
71	33.2
103	50.8
47	48.1
197	32.2
246	32.3
88	42.5
16	30.2
77	60.8
333	-3.3
89
107	Northwestern	B10	32	13–19
4–14	103.7
119	97.7
120	.6636
107	47.5
225	48.2
152	17.3
33	19.0
224	25.9
324	36.0
318	33.9
230	37.8
222	44.7
283	46.5
129	34.1
157	34.6
213	43.1
11	31.1
104	61.4
322	-5.6
125
108	Air Force	MWC	28	15–13
8–8	109.6
39	103.4
230	.6614
108	55.1
9	51.7
291	18.5
87	19.2
213	23.3
343	32.2
183	31.4
283	36.2
176	53.7
10	53.7
337	38.1
21	32.4
93	42.2
20	40.0
334	64.5
242	-2.9
81
109	Harvard
   14 seed, R32	Ivy	27	18–9
11–3	106.0
83	100.1
160	.6576
109	55.0
11	49.0
188	21.1
243	21.1
105	26.1
322	31.5
154	50.4
2	30.7
59	52.4
22	49.0
227	40.1
7	32.7
106	33.8
153	28.5
38	64.9
222	-2.5
77
110	Boston College	ACC	33	16–17
7–11	108.0
55	102.1
197	.6555
110	51.0
75	51.1
266	17.7
47	17.9
282	28.1
288	30.7
119	39.7
75	29.1
38	49.7
81	48.7
216	35.3
97	37.5
316	38.9
46	32.3
143	64.1
257	-5.3
120
111	UTEP	CUSA	32	18–14
10–6	102.0
145	96.7
96	.6511
111	50.6
87	46.6
86	19.7
153	19.7
187	28.0
291	33.0
221	42.6
30	34.8
141	49.6
84	44.9
76	35.1
110	34.0
175	32.1
193	28.8
43	61.4
322	-5.5
122
112	Georgia	SEC	32	15–17
9–9	99.8
189	94.6
61	.6503
112	46.9
245	45.0
35	23.0
315	18.5
255	32.1
151	30.5
108	45.0
13	37.9
226	43.5
311	42.3
15	35.7
82	32.9
115	33.8
153	37.5
311	62.3
305	-6.2
136
113	South Dakota St.
   13 seed, R64	Sum	31	22–9
13–3	110.0
35	104.2
245	.6498
113	53.5
26	50.9
260	16.3
10	17.1
310	29.0
260	26.0
10	33.5
239	24.7
4	50.2
61	49.6
250	39.4
9	35.5
249	36.3
78	35.1
242	64.1
257	-3.0
85
114	Wright St.	Horz	33	21–12
10–6	96.2
255	91.4
31	.6441
114	49.3
129	46.4
79	20.1
179	24.7
11	26.5
314	28.8
59	32.7
258	44.6
319	47.8
164	46.7
140	34.9
118	30.7
38	33.4
161	35.6
265	63.2
282	-5.7
129
115	UCF	CUSA	28	17–11
8–7	106.0
82	100.9
171	.6388
115	51.5
61	48.7
171	20.7
216	18.7
243	34.3
85	32.8
208	41.0
48	25.9
13	51.4
40	49.5
242	34.5
136	31.3
54	35.7
96	32.9
165	66.0
176	-3.9
101
116	Canisius	MAAC	32	19–13
11–7	108.9
45	103.7
234	.6382
116	52.8
33	50.1
234	19.9
167	20.0
173	34.6
76	33.0
221	34.5
214	32.4
84	48.9
104	50.5
274	38.7
14	32.9
115	42.3
18	36.2
291	66.4
148	-5.5
124
117	Florida St.	ACC	34	18–16
9–9	105.0
110	100.0
155	.6355
117	49.9
109	49.7
214	22.0
282	20.6
137	30.9
197	36.6
328	40.4
59	34.8
141	48.9
104	47.1
160	34.8
120	36.8
297	32.0
198	32.4
147	65.9
180	-3.0
84
118	Eastern Kentucky	OVC	32	23–9
12–4	108.3
51	103.2
223	.6339
118	53.8
21	50.9
260	17.9
55	25.8
5	28.5
273	38.0
342	34.8
206	42.9
307	55.2
6	53.2
329	34.7
126	31.1
46	45.1
3	34.5
226	65.0
216	-3.8
96
119	Pacific
   15 seed, R64	BW	32	20–12
13–5	105.7
90	101.0
174	.6290
119	50.8
79	49.7
214	17.7
47	20.1
166	29.4
243	30.6
113	38.2
103	39.2
252	47.1
190	48.3
202	39.1
13	34.7
218	31.8
204	38.2
318	63.3
279	-5.0
113
120	St. Bonaventure	A10	29	14–15
7–9	107.5
64	102.6
207	.6289
120	51.6
58	51.6
288	20.0
172	21.5
83	32.3
144	34.2
270	39.9
71	41.3
283	49.0
103	49.4
239	37.5
36	37.0
306	35.8
91	36.4
297	66.5
143	-5.9
131
121	Florida Gulf Coast
   15 seed, Sweet Sixteen	ASun	32	22–10
13–5	101.9
146	97.4
109	.6288
121	51.4
63	47.1
110	20.9
232	22.4
45	33.2
120	32.7
205	34.5
214	32.9
95	52.3
23	47.0
154	33.1
209	31.5
62	34.8
125	38.0
314	68.9
52	-3.9
99
122	Kent St.	MAC	33	20–13
9–7	106.6
75	101.8
192	.6286
122	49.4
127	48.7
171	19.0
121	21.0
111	34.4
81	33.2
235	43.3
24	40.6
275	46.8
204	49.6
250	36.4
60	31.3
54	34.5
135	34.1
203	66.9
130	-6.6
142
123	West Virginia	B12	32	13–19
6–12	103.0
133	98.4
133	.6269
123	45.6
293	51.1
266	19.8
156	21.8
74	37.1
27	34.0
261	40.8
51	40.0
268	44.9
276	48.0
192	31.6
267	38.1
329	30.6
245	33.1
174	64.7
235	-6.9
149
124	Fresno St.	MWC	28	9–19
5–11	97.3
231	93.0
42	.6262
124	43.5
329	45.4
48	18.5
87	20.2
156	29.2
251	34.9
295	37.3
134	47.1
336	39.9
342	46.7
140	33.7
172	28.1
2	33.8
153	29.5
61	62.2
308	-8.8
192
125	Charlotte	A10	33	21–12
8–8	99.5
195	95.2
71	.6247
125	47.1
240	46.9
98	22.3
296	20.2
156	36.5
37	31.1
136	44.8
15	39.3
255	49.2
93	45.3
84	26.8
344	33.3
140	23.6
337	36.2
291	67.8
91	-1.5
66
Rk	Team	Conf	G	Rec	AdjOE	AdjDE	Barthag	Efg%	EfgD%	TOR	TORD	ORB	DRB	FTR	FTRD	2P%	2P%D	3P%	3P%D	3PR	3PRD	Adj T.	WAB
126	Nebraska	B10	33	15–18
5–13	100.1
185	95.9
88	.6202
126	45.4
297	48.6
166	17.3
33	18.0
278	26.1
322	30.7
119	28.4
330	38.9
248	45.1
270	48.0
192	30.7
302	33.4
148	30.8
238	31.3
110	62.2
308	-3.4
92
127	Loyola MD	MAAC	33	22–11
12–6	103.3
127	99.0
143	.6189
127	47.2
237	46.4
79	18.5
87	21.3
93	36.9
31	36.0
318	40.9
50	41.4
285	47.4
179	46.8
144	31.0
291	30.2
23	25.2
323	29.4
57	63.7
273	-4.7
109
128	Utah St.	WAC	30	20–10
11–7	106.9
71	103.2
220	.6009
128	52.0
50	47.8
136	20.9
232	15.0
344	37.4
23	27.0
18	40.5
58	30.7
59	51.6
36	46.0
114	35.3
97	33.8
162	31.3
220	38.0
314	61.7
318	-4.0
102
129	Drake	MVC	31	14–17
7–11	105.2
102	101.5
182	.5999
129	52.2
45	51.4
277	19.8
156	18.8
237	24.5
337	28.7
58	37.5
124	38.5
240	48.9
104	50.2
269	37.9
26	35.6
254	41.6
24	35.9
278	68.9
52	-6.9
150
130	George Mason	CAA	33	19–14
10–8	102.4
142	98.9
141	.5992
130	48.9
146	47.1
110	20.1
179	21.8
74	34.8
71	34.0
261	33.3
245	45.7
328	47.3
184	44.8
73	35.4
92	34.2
187	27.3
299	36.0
283	66.3
157	-7.6
169
131	Charleston	SC	34	24–10
14–4	101.3
154	98.2
128	.5885
131	50.2
99	45.0
35	20.6
210	15.5
337	33.3
116	27.2
26	38.5
97	26.9
17	49.4
89	45.0
79	34.5
136	30.0
20	33.2
164	29.2
54	64.4
245	-3.6
94
132	Vermont	AE	33	21–12
11–5	101.1
161	98.0
124	.5881
132	48.6
163	46.7
89	20.6
210	20.6
137	34.3
85	28.8
59	44.8
15	33.8
122	48.7
116	45.3
84	32.2
246	32.7
106	30.2
259	36.1
288	62.2
308	-5.8
130
133	Robert Morris	NEC	34	24–10
14–4	103.5
122	100.4
165	.5872
133	50.9
78	50.7
252	19.2
130	24.6
14	31.5
178	32.0
175	37.2
137	45.2
324	46.7
210	51.1
287	37.9
26	33.3
140	41.0
26	34.6
232	64.8
228	-5.7
127
134	Northwestern St.
   14 seed, R64	Slnd	27	19–8
15–3	105.0
108	102.0
196	.5841
134	49.3
129	47.6
131	19.0
121	22.0
61	35.3
58	37.0
332	40.8
51	40.6
275	50.2
61	46.5
129	31.4
275	34.0
175	29.7
266	25.4
9	73.2
1	-3.0
83
135	Tulane	CUSA	33	19–14
6–10	105.8
87	102.7
208	.5839
135	47.7
215	51.5
282	18.9
113	20.8
127	36.1
44	27.9
41	46.5
6	33.6
116	45.4
259	51.8
305	34.7
126	34.0
175	34.0
148	34.6
232	65.0
216	-7.5
163
136	South Florida	BE	31	12–19
3–15	100.0
186	97.2
105	.5811
136	44.6
311	47.3
117	17.7
47	19.6
194	30.3
220	34.5
285	29.2
323	30.5
55	43.2
316	48.5
208	31.3
279	29.9
18	36.5
70	33.7
194	60.4
339	-6.8
147
137	Mercer	ASun	33	22–11
14–4	100.6
171	97.9
122	.5793
137	50.3
97	46.4
79	19.6
148	22.1
60	29.6
239	32.2
183	36.1
167	40.1
270	48.6
124	43.6
41	35.3
97	34.2
187	40.1
32	36.7
301	62.7
296	-5.5
121
138	Green Bay	Horz	33	17–16
10–6	101.4
153	98.7
139	.5758
138	47.9
205	47.7
134	20.8
224	18.0
278	32.8
129	26.7
15	40.2
67	33.9
123	47.3
184	45.8
103	33.0
214	34.0
175	27.5
295	35.6
265	64.3
251	-7.7
174
139	Niagara	MAAC	33	19–14
13–5	105.7
89	103.0
216	.5754
139	48.3
182	51.7
291	16.4
12	22.5
43	32.5
138	33.0
221	38.0
110	40.6
275	47.9
159	50.0
263	32.7
223	36.5
287	37.2
60	35.8
273	69.4
40	-6.7
144
140	San Francisco	WCC	29	13–16
7–9	105.1
105	102.4
203	.5725
140	52.7
35	49.8
221	18.1
68	17.4
298	23.9
341	29.8
82	34.6
211	32.4
84	48.0
153	49.2
233	40.1
7	34.1
182	38.2
53	33.6
192	66.8
135	-7.8
176
141	Wake Forest	ACC	31	13–18
6–12	99.4
199	97.2
106	.5641
141	48.5
172	50.8
256	20.7
216	20.5
142	27.7
294	30.8
125	43.7
21	35.5
160	47.1
190	49.5
242	34.5
136	35.9
264	29.5
270	29.6
64	69.2
48	-7.4
158
142	Penn St.	B10	31	10–21
2–16	100.5
175	98.2
130	.5637
142	44.2
320	49.4
201	18.9
113	17.5
293	30.9
197	27.1
24	37.1
139	51.1
342	44.1
303	48.0
192	29.6
321	34.4
201	31.5
212	38.3
320	65.3
206	-7.4
160
143	Oral Roberts	Slnd	32	18–14
13–5	104.7
111	102.6
206	.5576
143	50.1
101	49.2
196	20.8
224	18.6
247	36.6
36	31.8
161	37.7
118	26.9
17	49.2
93	47.8
185	35.2
104	35.2
238	23.9
332	28.3
36	65.8
185	-7.8
177
144	Murray St.	OVC	29	19–10
10–6	103.4
126	101.4
179	.5575
144	52.4
42	48.1
149	20.5
203	20.2
156	32.5
138	31.8
161	39.0
88	33.5
112	52.2
25	47.0
154	35.1
110	33.5
151	41.8
21	32.1
134	66.2
162	-4.8
112
145	DePaul	BE	32	11–21
2–16	104.3
113	102.3
201	.5574
145	47.4
229	51.5
282	19.8
156	21.5
83	31.7
166	35.7
314	31.7
276	36.2
176	48.3
139	50.4
272	29.9
320	36.5
287	26.6
307	25.5
10	72.9
2	-9.4
196
146	Boston University	AE	30	17–13
11–5	102.6
138	100.7
169	.5534
146	52.2
45	47.4
121	18.8
105	21.5
83	25.9
324	31.2
142	26.5
341	33.2
103	49.9
74	47.8
185	37.0
49	31.1
46	39.3
42	32.6
154	66.2
162	-6.7
146
147	UAB	CUSA	32	15–17
7–9	99.8
190	98.2
129	.5461
147	48.4
175	50.7
252	21.8
273	22.4
45	33.5
108	30.8
125	29.4
321	38.6
243	47.9
159	49.0
227	32.8
220	36.1
278	33.2
164	32.8
160	71.2
11	-8.0
179
148	Fairfield	MAAC	35	19–16
9–9	96.3
253	94.8
63	.5453
148	47.7
215	44.4
26	21.5
258	21.6
79	33.5
108	32.2
183	28.9
326	45.6
327	47.8
164	43.2
36	31.6
267	32.0
78	34.1
145	24.3
3	61.9
316	-8.1
182
149	SMU	CUSA	31	14–17
5–11	100.1
181	98.6
137	.5451
149	47.9
205	47.4
121	22.9
311	21.4
88	34.8
71	32.6
197	40.7
55	39.5
259	46.9
198	44.3
60	34.6
133	34.4
201	20.0
345	42.3
343	64.1
257	-11.5
228
150	Albany
   15 seed, R64	AE	34	24–10
9–7	101.1
162	99.6
152	.5422
150	49.8
111	47.9
142	21.2
247	19.9
178	31.7
166	28.3
49	40.3
63	27.4
19	47.4
179	47.1
160	36.4
60	33.1
124	33.0
172	34.9
237	63.3
279	-4.3
106
Rk	Team	Conf	G	Rec	AdjOE	AdjDE	Barthag	Efg%	EfgD%	TOR	TORD	ORB	DRB	FTR	FTRD	2P%	2P%D	3P%	3P%D	3PR	3PRD	Adj T.	WAB
151	Virginia Tech	ACC	32	13–19
4–14	105.9
85	104.5
248	.5398
151	47.5
225	50.1
234	17.5
39	15.5
337	30.7
205	33.2
235	36.8
147	38.1
231	47.7
169	48.8
221	31.4
275	34.8
219	31.2
225	37.0
306	67.4
109	-7.2
155
152	UC Irvine	BW	34	19–15
11–7	99.6
194	98.2
131	.5384
152	48.1
198	44.2
24	18.5
87	16.4
322	30.8
203	31.3
146	30.4
305	37.5
210	47.6
173	42.2
12	32.7
223	32.8
111	35.3
106	29.3
56	65.9
180	-8.0
180
153	Montana
   13 seed, R64	BSky	29	23–6
19–1	103.2
131	101.9
194	.5380
153	54.0
18	48.3
158	18.9
113	18.5
255	25.1
332	30.6
113	41.3
44	35.1
152	52.5
20	47.8
185	37.8
29	33.1
124	35.5
103	30.5
83	63.8
271	-1.2
61
154	Bradley	MVC	33	17–16
7–11	101.3
156	100.1
157	.5345
154	48.0
201	50.4
244	18.0
66	22.2
55	30.3
220	32.3
187	30.1
310	35.0
149	48.2
146	49.6
250	31.6
267	34.6
213	28.5
286	36.7
301	66.8
135	-7.4
159
155	Arkansas St.	SB	30	18–12
12–8	97.1
236	95.9
89	.5340
155	45.7
289	46.7
89	18.9
113	23.1
29	33.5
108	30.3
103	44.2
19	35.7
166	45.6
252	45.0
79	30.7
302	33.5
151	36.4
74	31.1
104	65.4
200	-7.6
168
156	Rhode Island	A10	29	8–21
3–13	100.1
183	99.4
147	.5205
156	46.0
277	48.7
171	18.8
105	19.6
194	28.4
279	35.5
309	35.9
175	40.0
268	44.6
289	47.5
171	32.2
246	34.2
187	36.9
64	33.0
170	63.1
288	-11.5
226
157	North Carolina Central	MEAC	28	19–9
15–1	97.6
225	97.0
100	.5162
157	49.3
129	45.6
54	23.0
315	22.9
32	30.6
209	31.1
136	45.5
11	38.8
246	48.8
112	45.7
97	33.6
178	30.4
29	31.4
216	35.4
257	64.3
251	-5.1
117
158	Western Michigan	MAC	32	20–12
10–6	100.7
167	100.1
159	.5161
158	48.4
175	47.3
117	22.1
286	18.8
237	36.0
47	29.6
72	47.2
4	34.9
146	48.3
139	44.0
51	32.3
242	35.5
249	32.3
189	35.4
257	65.5
195	-5.9
132
159	East Carolina	CUSA	26	15–11
9–6	105.5
96	105.1
259	.5101
159	51.1
72	50.1
234	18.5
87	18.8
237	28.0
291	35.3
303	39.5
80	34.3
131	49.9
74	48.9
225	35.4
92	35.9
264	38.9
46	25.1
8	68.7
56	-5.0
115
160	Drexel	CAA	31	13–18
9–9	100.5
174	100.2
162	.5092
160	46.7
254	48.7
171	18.9
113	18.8
237	33.3
116	26.0
10	33.5
239	43.4
314	44.9
276	47.5
171	33.5
181	34.2
187	32.7
180	31.0
98	61.9
316	-11.7
237
161	Delaware	CAA	33	19–14
13–5	102.6
141	102.2
199	.5090
161	46.3
270	46.5
82	18.7
99	15.9
331	33.1
123	32.0
175	42.0
34	33.0
98	46.2
228	44.2
58	30.9
295	34.4
201	25.4
321	31.1
104	67.5
104	-6.0
133
162	Bryant	NEC	31	19–12
12–6	107.3
67	107.1
293	.5057
162	54.4
12	51.8
295	19.2
130	17.6
287	30.5
212	29.7
78	37.0
140	30.2
51	54.9
7	51.1
287	35.6
85	35.2
238	36.0
85	39.3
329	66.5
143	-6.3
137
163	UT Arlington	WAC	33	19–14
11–7	95.9
264	95.7
82	.5049
163	46.4
268	45.8
61	22.1
286	22.8
35	36.2
41	31.1
136	36.4
159	43.9
316	44.3
298	44.3
60	34.2
147	31.9
73	30.4
253	42.2
342	66.9
130	-6.4
139
164	Army	Pat	30	15–15
8–6	103.5
124	103.4
228	.5024
164	51.7
55	48.7
171	20.7
216	18.6
247	31.7
166	29.7
78	36.9
144	36.8
194	49.2
93	46.0
114	37.1
44	35.8
260	39.6
38	35.5
261	68.3
69	-9.9
200
165	Youngstown St.	Horz	30	15–15
7–9	101.9
148	101.9
193	.5011
165	48.9
146	48.8
180	16.9
21	18.5
255	26.4
316	31.3
146	36.6
153	35.7
166	46.5
217	46.7
140	35.5
89	35.8
260	35.0
116	29.1
51	68.5
61	-9.1
193
166	Charleston Southern	BSth	29	16–13
12–4	101.3
157	101.3
178	.5001
166	48.6
163	48.3
158	17.9
55	19.5
200	33.6
105	28.9
63	29.7
316	29.0
36	45.6
252	46.3
123	35.2
104	34.4
201	43.0
12	37.2
309	67.7
94	-7.6
167
167	Houston	CUSA	31	19–12
7–9	106.2
78	106.2
275	.4990
167	51.4
63	48.6
166	18.3
77	17.9
282	33.3
116	31.4
150	39.5
80	33.5
112	50.2
61	49.5
242	36.3
67	31.2
49	28.5
286	33.1
174	70.4
21	-7.2
156
168	Rider	MAAC	33	19–14
12–6	97.0
237	97.1
102	.4978
168	49.7
113	45.5
51	23.3
325	21.0
111	30.5
212	31.4
150	39.7
75	38.1
231	48.4
133	46.4
126	34.8
120	29.1
6	34.3
139	33.7
194	66.3
157	-7.5
164
169	Manhattan	MAAC	32	14–18
9–9	93.4
291	93.5
46	.4958
169	46.8
250	46.2
74	25.7
345	23.1
29	31.8
160	32.4
188	45.8
8	46.6
332	44.7
283	43.2
36	33.7
172	34.9
226	35.7
96	32.8
160	62.4
302	-10.6
210
170	Towson	CAA	30	17–13
13–5	100.8
163	101.1
177	.4925
170	48.3
182	45.2
41	22.2
289	16.2
325	39.2
9	31.9
166	40.3
63	37.6
212	48.7
116	42.8
28	31.4
275	33.9
168	30.4
253	29.8
70	66.3
157	-6.7
145
171	Loyola Chicago	Horz	30	14–16
5–11	100.8
165	101.6
184	.4778
171	50.4
95	49.0
188	20.9
232	18.4
263	30.5
212	26.9
17	35.3
192	30.5
55	48.3
139	48.1
197	36.5
57	33.9
168	32.2
191	31.8
126	63.2
282	-10.3
206
172	San Diego	WCC	32	14–18
7–9	100.6
172	101.4
180	.4761
172	48.3
182	49.7
214	20.6
210	20.4
147	30.3
220	34.3
271	37.8
115	37.7
218	46.5
217	50.8
279	34.8
120	31.3
54	33.0
172	29.0
46	63.9
268	-8.6
189
173	Western Illinois	Sum	29	20–9
13–3	94.8
278	95.7
84	.4730
173	51.6
58	45.8
61	19.4
137	19.4
206	24.7
336	27.4
31	39.8
73	28.3
26	48.9
104	43.2
36	38.7
14	34.2
187	29.2
278	32.2
139	58.0
347	-4.2
105
174	Nevada	MWC	30	11–19
3–13	102.7
136	103.8
237	.4706
174	47.3
233	51.8
295	18.7
99	18.7
243	28.9
265	32.0
175	41.8
36	40.2
271	47.8
164	49.5
242	30.9
295	37.4
314	35.8
91	34.2
208	67.0
123	-9.1
194
175	Western Kentucky
   16 seed, R64	SB	34	19–15
10–10	99.5
197	100.6
167	.4685
175	49.1
142	47.9
142	22.4
299	20.7
133	34.8
71	31.1
136	37.9
111	37.0
201	48.7
116	47.4
168	33.2
201	32.8
111	36.4
74	31.7
122	66.0
176	-8.1
185
Rk	Team	Conf	G	Rec	AdjOE	AdjDE	Barthag	Efg%	EfgD%	TOR	TORD	ORB	DRB	FTR	FTRD	2P%	2P%D	3P%	3P%D	3PR	3PRD	Adj T.	WAB
176	Southern Illinois	MVC	30	13–17
6–12	100.4
176	101.6
186	.4651
176	48.0
201	53.1
321	19.4
137	24.2
17	31.7
166	31.9
166	34.1
226	42.5
302	48.1
151	51.8
305	31.8
261	36.9
303	26.7
306	35.1
242	63.1
288	-8.2
186
177	James Madison
   16 seed, R64	CAA	35	21–14
11–7	98.2
214	99.5
149	.4649
177	47.6
221	48.3
158	17.3
33	21.3
93	29.5
241	30.8
125	37.8
115	39.3
255	46.3
226	46.5
129	33.4
188	34.6
213	32.4
185	33.9
199	64.3
251	-8.6
190
178	Toledo	MAC	28	15–13
10–6	101.9
147	103.2
224	.4638
178	48.3
182	48.6
166	17.9
55	21.3
93	28.8
268	34.4
276	37.5
124	35.9
173	47.4
179	46.7
140	33.5
181	34.4
201	32.1
193	38.1
317	67.9
86	-7.7
172
179	Cal Poly	BW	30	16–14
12–6	103.9
116	105.4
260	.4595
179	48.7
157	52.9
317	15.7
6	19.6
194	31.2
189	28.2
47	33.3
245	38.6
243	44.8
281	52.2
311	37.1
44	36.3
282	35.9
86	34.3
214	59.8
344	-7.2
153
180	Southern
   16 seed, R64	SWAC	29	20–9
15–3	96.1
259	97.5
117	.4592
180	49.1
142	41.6
2	16.8
19	20.3
155	26.7
312	31.1
136	40.3
63	35.2
155	46.2
228	40.4
2	36.4
60	29.6
12	34.4
137	30.1
74	65.1
212	-5.5
123
181	Long Beach St.	BW	31	17–14
14–4	102.9
135	104.4
246	.4571
181	50.1
101	50.9
260	20.8
224	19.5
200	32.1
151	36.1
324	36.3
162	32.1
78	49.7
81	47.5
171	34.0
159	38.2
331	35.8
91	35.1
242	67.3
113	-5.3
118
182	Buffalo	MAC	32	12–20
7–9	101.3
155	102.9
215	.4560
182	50.4
95	47.2
114	23.7
331	17.1
310	35.1
63	32.5
192	38.5
97	36.8
194	50.0
68	46.1
118	34.2
147	33.2
132	34.8
125	31.2
107	65.4
200	-13.4
269
183	Georgia St.	CAA	30	14–16
10–8	102.9
134	104.5
250	.4553
183	50.0
106	51.1
266	18.0
66	20.9
120	29.4
243	32.7
205	34.9
205	37.0
201	48.0
153	48.7
216	35.7
82	36.6
291	36.3
78	39.6
330	64.1
257	-10.7
211
184	Northeastern	CAA	33	20–13
14–4	104.2
115	105.8
267	.4548
184	51.0
75	52.2
305	19.8
156	22.3
51	31.4
182	35.7
314	38.8
92	29.1
38	48.3
139	53.4
331	37.1
44	33.2
132	35.9
86	33.1
174	63.9
268	-6.5
141
185	Texas Southern	SWAC	31	17–14
16–2	102.6
140	104.5
247	.4476
185	51.9
51	45.3
43	17.9
55	17.5
293	31.4
182	33.0
221	31.2
290	29.8
48	50.7
48	44.5
65	35.6
85	31.7
67	44.1
6	27.7
30	64.2
256	-7.6
165
186	Tennessee St.	OVC	31	16–15
11–5	100.6
170	102.6
205	.4454
186	48.9
146	49.8
221	21.9
275	19.9
178	34.7
74	32.6
197	40.0
68	39.5
259	48.3
139	49.8
257	33.4
188	33.2
132	33.7
158	34.5
226	68.3
69	-7.1
151
187	Tulsa	CUSA	32	16–16
8–8	96.9
238	98.9
142	.4436
187	48.6
163	47.8
136	21.7
266	18.9
230	30.1
230	29.6
72	43.6
22	41.3
283	48.2
146	45.8
103	32.9
219	34.2
187	33.8
153	36.4
297	67.9
86	-7.6
166
188	USC Upstate	ASun	31	14–17
9–9	101.4
152	103.4
229	.4431
188	49.5
120	49.8
221	20.0
172	20.1
166	35.4
56	30.2
98	34.3
221	35.4
158	48.6
124	48.7
216	34.3
143	34.5
209	31.8
204	36.0
283	66.2
162	-11.1
214
189	Idaho	WAC	29	11–18
7–11	108.4
49	110.7
327	.4413
189	52.7
35	51.7
291	21.2
247	14.2
347	33.1
123	29.2
67	37.6
122	30.8
63	51.4
40	50.5
274	36.8
53	36.0
272	34.0
148	34.7
236	63.4
277	-11.4
221
190	Auburn	SEC	32	9–23
3–15	97.1
234	99.2
145	.4401
190	46.0
277	49.7
214	19.7
153	19.8
181	29.2
251	29.9
90	35.3
192	43.0
309	45.7
244	48.3
202	31.1
290	34.5
209	33.1
170	38.8
326	67.1
119	-13.3
268
191	Illinois Chicago	Horz	32	17–15
7–9	96.5
250	98.6
138	.4393
191	45.9
280	46.8
94	19.1
124	19.7
187	28.3
283	30.7
119	35.7
184	34.8
141	43.5
311	45.1
82	33.4
188	33.3
140	36.5
70	34.4
218	64.4
245	-8.7
191
192	Columbia	Ivy	26	10–16
4–10	99.4
198	101.7
188	.4366
192	47.6
221	49.3
199	17.8
51	20.1
166	29.0
260	27.0
18	33.7
234	42.4
301	44.5
293	46.5
129	35.4
92	37.3
311	36.1
83	29.0
46	61.7
318	-11.5
229
193	Lafayette	Pat	33	18–15
10–4	102.6
139	105.0
258	.4326
193	52.7
35	52.3
308	18.7
99	20.6
137	25.1
332	32.6
197	28.2
333	31.5
71	49.6
84	51.2
294	38.4
19	36.4
286	39.0
44	32.3
143	65.8
185	-8.1
181
194	Oakland	Sum	31	14–17
10–6	105.5
97	108.0
302	.4314
194	49.2
134	57.0
347	17.2
31	20.5
142	31.0
192	29.2
67	40.7
55	34.0
125	47.7
169	58.5
347	34.7
126	36.5
287	36.2
80	39.8
332	69.3
42	-8.3
187
195	South Carolina	SEC	32	14–18
4–14	100.8
166	103.2
222	.4313
195	46.6
257	50.5
246	22.8
308	21.0
111	38.3
16	32.9
214	35.2
198	45.8
329	45.8
241	50.4
272	32.1
253	33.8
162	33.2
164	31.5
118	66.7
138	-10.0
201
196	William & Mary	CAA	29	12–17
7–11	105.4
98	108.1
303	.4302
196	53.6
22	48.9
186	20.0
172	16.1
329	28.5
273	32.4
188	37.6
122	30.1
49	52.2
25	49.3
236	37.2
42	32.0
78	38.5
50	33.0
170	63.6
275	-11.9
243
197	Quinnipiac	NEC	31	15–16
11–7	100.7
169	103.4
226	.4242
197	46.5
264	49.3
199	20.2
188	15.7
333	41.3
3	25.8
7	41.1
47	42.2
297	45.4
259	45.9
110	33.5
181	37.8
324	22.2
341	31.6
121	66.6
141	-11.3
220
198	Elon	SC	31	19–12
13–5	97.7
223	100.4
166	.4225
198	49.2
134	46.8
94	17.4
37	19.1
218	26.4
316	30.1
93	29.2
323	36.5
183	48.0
153	43.2
36	34.0
159	36.8
297	38.8
49	30.1
74	66.2
162	-6.5
140
199	Gardner Webb	BSth	31	18–13
11–5	95.4
272	98.1
125	.4224
199	46.8
250	48.3
158	20.9
232	23.3
25	35.7
52	31.1
136	34.5
214	34.8
141	45.9
237	47.8
185	32.5
237	33.0
119	31.4
216	32.0
131	63.2
282	-7.1
152
200	Cal St. Fullerton	BW	30	12–18
6–12	105.6
92	108.6
310	.4197
200	53.6
22	54.1
333	18.1
68	22.8
35	25.0
335	37.2
334	35.5
186	36.6
187	51.8
33	54.8
343	37.7
31	35.1
235	39.0
44	32.1
134	69.9
30	-13.1
263
Rk	Team	Conf	G	Rec	AdjOE	AdjDE	Barthag	Efg%	EfgD%	TOR	TORD	ORB	DRB	FTR	FTRD	2P%	2P%D	3P%	3P%D	3PR	3PRD	Adj T.	WAB
201	Wagner	NEC	31	19–12
12–6	94.0
288	96.9
99	.4137
201	47.5
225	46.9
98	21.9
275	22.0
61	35.0
66	30.5
108	40.3
63	41.8
295	47.5
176	44.0
51	31.7
263	35.0
233	24.1
330	33.8
197	67.0
123	-6.9
148
202	FIU	SB	32	18–14
11–9	99.1
204	102.2
198	.4122
202	48.9
146	51.1
266	21.7
266	25.6
6	31.3
186	36.0
318	35.8
176	37.1
205	48.3
139	52.5
318	33.3
198	32.3
88	37.5
57	36.7
301	69.3
42	-7.6
170
203	Yale	Ivy	29	12–17
8–6	100.2
180	103.4
227	.4116
203	46.5
264	52.0
300	22.2
289	20.4
147	35.0
66	29.8
82	42.9
28	40.3
272	45.0
274	49.2
233	33.2
201	38.3
334	32.4
185	33.1
174	64.6
237	-10.0
202
204	Hawaii	BW	27	15–12
10–8	101.7
149	105.0
256	.4107
204	50.3
97	48.7
171	20.6
210	17.2
305	35.3
58	29.6
72	35.8
176	33.1
101	49.9
74	45.8
103	34.2
147	35.9
264	30.7
241	36.0
283	69.7
31	-7.7
173
205	Bowling Green	MAC	30	11–19
7–9	95.5
271	98.6
136	.4087
205	46.6
257	48.0
146	19.9
167	20.0
173	30.4
217	31.6
157	25.8
343	34.2
129	46.8
204	46.5
129	30.6
305	34.3
198	28.5
286	30.6
88	64.1
257	-13.1
259
206	LIU
   16 seed, R68	NEC	34	20–14
12–6	108.1
54	111.7
332	.4069
206	54.4
12	52.6
311	20.3
193	18.4
263	35.2
61	33.5
248	45.6
10	31.6
74	53.1
13	51.1
287	38.0
24	37.2
309	33.9
152	30.9
95	69.3
42	-8.4
188
207	Missouri St.	MVC	31	9–22
7–11	98.8
207	102.4
202	.4009
207	44.9
303	51.9
299	16.8
19	19.5
200	25.8
327	31.7
158	34.4
218	37.9
226	45.8
241	52.5
318	28.8
330	33.9
168	34.9
121	34.6
232	61.0
328	-11.9
241
208	UC Davis	BW	31	14–17
9–9	103.2
132	106.9
288	.3988
208	55.1
9	49.6
208	20.7
216	15.7
333	26.4
316	30.7
119	32.9
254	31.0
65	51.5
38	46.5
129	40.5
6	36.8
297	38.4
52	35.7
269	67.5
104	-11.8
238
209	South Alabama	SB	29	16–13
14–6	96.7
246	100.2
163	.3986
209	45.9
280	46.8
94	22.8
308	21.0
111	36.0
47	32.9
214	45.4
12	37.7
218	44.6
289	45.7
97	32.4
239	33.0
119	32.1
193	28.7
40	68.5
61	-7.5
162
210	Savannah St.	MEAC	32	17–15
11–5	86.5
339	89.7
15	.3952
210	44.9
303	43.5
11	27.1
347	26.0
4	34.4
81	32.5
192	35.3
192	45.3
326	45.3
262	43.6
41	29.0
327	28.8
3	26.5
311	27.0
25	63.2
282	-7.9
178
211	Norfolk St.	MEAC	33	21–12
16–0	94.9
277	98.5
135	.3932
211	46.2
272	44.9
34	21.1
243	22.0
61	33.7
103	36.0
318	40.0
68	38.5
240	45.2
267	45.3
84	32.5
237	29.3
10	28.6
284	30.9
95	68.5
61	-6.0
134
212	UNC Asheville	BSth	29	13–16
10–6	99.2
201	103.0
218	.3929
212	48.6
163	49.5
205	20.6
210	20.7
133	33.0
125	33.2
235	38.1
105	33.2
103	48.5
129	49.4
239	32.6
229	33.1
124	25.2
323	31.5
118	69.5
37	-10.6
209
213	Jacksonville St.	OVC	26	15–11
8–8	99.7
193	103.7
235	.3893
213	49.4
127	50.0
231	20.4
200	24.7
11	31.7
166	39.6
347	43.9
20	38.9
248	47.8
164	50.9
283	35.2
104	31.6
66	31.2
225	26.5
18	62.7
296	-6.3
138
214	St. Francis NY	NEC	30	12–18
8–10	101.7
150	105.8
265	.3864
214	48.4
175	50.8
256	18.2
72	19.8
181	34.3
85	33.9
257	31.6
278	37.8
222	48.0
153	51.3
297	32.8
220	33.2
132	35.1
112	31.0
98	66.5
143	-12.9
256
215	Marshall	CUSA	31	12–19
6–10	99.9
187	104.1
243	.3854
215	48.1
198	49.8
221	22.9
311	19.2
213	37.6
22	36.1
324	45.0
13	38.4
238	49.1
100	47.3
166	30.9
295	37.1
307	36.5
70	29.4
57	68.0
83	-11.2
217
216	Pepperdine	WCC	28	10–18
4–12	97.5
226	101.7
187	.3831
216	48.6
163	48.1
149	23.0
315	17.9
282	32.4
141	33.3
244	34.3
221	33.2
103	46.8
204	45.5
91	35.3
97	35.4
242	29.3
273	34.2
208	63.8
271	-10.5
207
217	Loyola Marymount	WCC	32	10–22
1–15	96.7
245	100.9
172	.3820
217	44.6
311	51.4
277	20.1
179	20.9
120	32.7
133	32.4
188	34.0
229	40.4
273	42.6
323	48.7
216	32.6
229	37.5
316	32.1
193	35.2
246	64.8
228	-12.5
251
218	Southeast Missouri St.	OVC	31	15–16
8–8	102.1
144	106.6
284	.3792
218	53.1
30	45.9
65	18.5
87	15.1
342	28.2
286	33.2
235	33.4
242	35.1
152	50.0
68	44.5
65	39.3
11	32.6
101	35.0
116	31.8
126	68.3
69	-11.2
218
219	Morgan St.	MEAC	32	17–15
10–6	97.4
229	101.8
191	.3761
219	48.3
182	45.3
43	22.3
296	21.8
74	38.0
18	35.6
311	39.2
87	38.2
233	49.8
79	45.1
82	29.2
324	30.6
33	25.2
323	30.7
90	67.5
104	-10.8
213
220	Seattle	WAC	29	7–22
3–15	92.7
300	97.4
110	.3614
220	47.1
240	46.7
89	25.5
343	19.8
181	36.7
34	29.9
90	28.8
328	42.7
304	46.5
217	45.9
110	32.2
246	32.1
81	31.8
204	35.7
269	70.1
29	-16.1
311
221	Mount St. Mary's	NEC	32	18–14
11–7	100.3
179	105.5
261	.3579
221	50.5
90	55.7
344	18.3
77	23.9
18	28.6
271	33.9
257	31.9
273	38.2
233	50.3
56	54.8
343	33.8
167	39.1
340	44.7
4	24.1
2	67.0
123	-7.5
161
222	Eastern Michigan	MAC	31	13–18
7–9	91.4
312	96.2
90	.3576
222	43.8
326	46.5
82	23.1
319	22.8
35	33.9
97	37.2
334	30.5
301	37.6
212	41.5
336	48.0
192	33.0
214	29.7
14	29.1
280	43.6
346	61.1
325	-11.4
222
223	Cal St. Northridge	BW	29	12–17
5–13	101.6
151	106.9
287	.3571
223	46.6
257	54.7
338	19.1
124	22.2
55	35.9
49	31.0
133	38.5
97	39.8
264	45.7
244	53.6
335	33.0
214	37.7
322	26.1
317	35.9
278	71.0
15	-11.6
231
224	Texas Tech	B12	31	11–20
3–15	98.8
208	104.1
242	.3558
224	46.5
264	52.8
315	21.5
258	21.3
93	32.1
151	34.3
271	38.1
105	41.1
280	47.9
159	51.1
287	28.8
330	37.5
316	30.2
259	33.4
187	68.2
74	-9.4
195
225	High Point	BSth	29	15–14
12–4	98.2
216	103.4
225	.3555
225	48.0
201	48.0
146	17.9
55	19.7
187	34.1
91	31.5
154	32.7
258	41.5
286	48.2
146	47.6
176	31.6
267	32.5
98	24.3
328	31.8
126	66.0
176	-10.1
203
Rk	Team	Conf	G	Rec	AdjOE	AdjDE	Barthag	Efg%	EfgD%	TOR	TORD	ORB	DRB	FTR	FTRD	2P%	2P%D	3P%	3P%D	3PR	3PRD	Adj T.	WAB
226	North Carolina A&T
   16 seed, R64	MEAC	35	19–16
8–8	91.4
310	96.5
93	.3514
226	45.6
293	44.7
32	22.2
289	23.4
22	30.0
235	33.0
221	43.0
26	41.1
280	45.5
257	42.5
20	30.6
305	32.2
83	36.9
64	38.3
320	66.9
130	-11.3
219
227	Duquesne	A10	30	8–22
1–15	99.2
200	104.7
251	.3513
227	47.9
205	51.5
282	20.8
224	17.3
302	30.9
197	33.2
235	31.7
276	32.8
94	45.9
237	48.7
216	33.8
167	37.9
327	41.3
25	34.5
226	69.3
42	-12.4
250
228	Holy Cross	Pat	31	12–19
4–10	97.4
228	102.8
211	.3507
228	47.7
215	47.7
134	20.1
179	15.5
337	28.3
283	30.1
93	29.6
319	31.2
67	45.3
262	47.7
181	34.5
136	31.7
67	36.5
70	35.9
278	63.1
288	-13.1
264
229	Coastal Carolina	BSth	26	11–15
9–7	96.1
260	101.6
183	.3466
229	47.0
243	49.6
208	21.7
266	22.0
61	37.0
29	30.6
113	35.8
176	39.1
250	46.8
204	47.7
181	31.6
267	34.8
219	26.3
313	41.0
340	65.1
212	-11.4
223
230	Hartford	AE	31	17–14
10–6	91.9
308	97.2
107	.3415
230	48.3
182	49.4
201	22.2
289	24.9
10	25.8
327	30.8
125	30.7
297	41.5
286	46.9
198	48.5
208	33.4
188	34.2
187	44.6
5	31.2
107	64.1
257	-7.7
175
231	Stetson	ASun	30	14–16
11–7	100.1
184	106.1
273	.3376
231	52.6
38	50.8
256	23.1
319	17.4
298	31.3
186	31.0
133	34.8
206	28.9
35	52.8
16	51.3
297	34.8
120	33.2
132	39.6
38	34.2
208	68.8
54	-10.6
208
232	Sam Houston St.	Slnd	31	14–17
8–10	91.9
307	97.6
118	.3333
232	43.3
330	47.0
107	20.3
193	21.4
88	33.9
97	28.0
44	37.7
118	49.5
341	40.5
339	47.1
160	32.2
246	31.2
49	35.6
101	31.3
110	63.0
293	-11.7
236
233	Florida Atlantic	SB	31	13–18
9–11	97.5
227	103.5
233	.3332
233	47.5
225	45.8
61	22.6
304	17.1
310	32.9
128	34.3
271	35.5
186	36.4
181	45.1
270	46.0
114	35.3
97	30.2
23	31.2
225	28.1
34	65.5
195	-12.0
244
234	Miami OH	MAC	30	8–22
3–13	97.6
224	103.8
238	.3283
234	48.2
191	54.0
331	21.9
275	23.1
29	27.5
296	34.1
268	36.0
172	37.6
212	48.0
153	52.7
323	32.4
239	37.5
316	33.1
170	37.8
313	65.8
185	-14.3
286
235	Morehead St.	OVC	31	13–18
8–8	96.9
241	103.2
221	.3255
235	47.9
205	52.5
310	24.7
340	23.2
27	39.5
7	30.2
98	39.0
88	59.4
347	48.5
129	51.8
305	31.2
283	36.0
272	32.6
181	34.5
226	69.7
31	-11.7
235
236	Brown	Ivy	27	12–15
7–7	93.9
290	100.1
156	.3253
236	47.6
221	49.5
205	21.6
264	18.5
255	30.5
212	27.1
24	34.3
221	34.0
125	45.3
262	45.7
97	34.0
159	37.8
324	39.8
34	34.3
214	64.4
245	-10.1
204
237	Central Michigan	MAC	30	10–20
4–12	103.4
125	110.2
323	.3246
237	48.3
182	55.0
339	19.8
156	19.8
181	30.9
197	33.1
231	39.4
83	34.8
141	47.1
190	54.2
340	33.2
201	37.7
322	45.4
1	36.0
283	65.6
192	-13.6
273
238	Louisiana	SB	32	12–20
8–12	98.2
215	104.7
252	.3235
238	48.6
163	48.8
180	19.6
148	20.8
127	29.1
258	35.2
301	35.1
201	43.3
313	46.9
198	47.2
165	34.5
136	34.9
226	34.5
135	30.4
81	70.2
27	-13.6
272
239	North Texas	SB	30	11–19
7–13	96.3
252	102.8
210	.3227
239	44.4
316	47.8
136	20.7
216	18.5
255	33.6
105	32.8
208	41.5
39	34.3
131	44.9
276	45.3
84	28.6
334	35.7
257	21.9
343	30.5
83	66.9
130	-13.2
267
240	Little Rock	SB	31	16–15
11–9	94.6
279	101.1
176	.3179
240	46.4
268	48.8
180	22.3
296	23.2
27	31.8
160	32.6
197	42.7
29	42.9
307	44.7
283	47.6
176	33.8
167	34.0
175	27.5
295	35.3
253	68.1
78	-9.4
197
241	North Florida	ASun	31	12–19
8–10	99.2
202	106.0
271	.3172
241	50.6
87	48.3
158	22.1
286	18.6
247	31.0
192	38.1
343	29.7
316	36.5
183	50.2
61	47.0
154	34.2
147	34.9
226	41.8
21	24.4
4	66.4
148	-11.9
240
242	Central Connecticut	NEC	30	13–17
9–9	100.8
164	107.8
300	.3162
242	48.6
163	51.7
291	17.5
39	18.9
230	27.4
298	35.4
308	30.1
310	29.3
42	46.6
212	49.9
261	35.2
104	36.6
291	32.9
175	35.3
253	70.7
17	-11.5
227
243	UC Santa Barbara	BW	29	9–20
7–11	96.0
261	102.8
214	.3131
243	48.8
154	49.1
192	22.4
299	18.1
272	31.0
192	32.2
183	30.1
310	38.2
233	46.9
198	45.3
84	34.2
147	37.3
311	42.3
18	35.6
265	64.0
264	-13.1
261
244	Purdue Fort Wayne	Sum	31	14–17
7–9	96.6
248	103.5
231	.3121
244	49.5
120	52.0
300	20.3
193	19.7
187	31.4
182	26.6
14	38.4
100	37.8
222	47.5
176	52.3
316	35.4
92	34.1
182	35.5
103	32.2
139	66.2
162	-12.1
245
245	Ball St.	MAC	30	15–15
8–8	98.1
218	105.0
257	.3120
245	48.3
182	50.8
256	23.1
319	19.7
187	35.9
49	29.5
69	46.6
5	36.2
176	47.9
159	50.0
263	32.7
223	34.9
226	35.1
112	35.2
246	66.1
171	-9.5
198
246	Western Carolina	SC	31	12–19
9–9	100.1
182	107.3
294	.3104
246	47.6
221	49.9
227	18.9
113	20.4
147	34.6
76	35.1
299	30.9
294	47.1
336	46.0
235	50.5
274	34.0
159	32.5
98	31.4
216	32.5
149	66.5
143	-13.0
258
247	Marist	MAAC	31	10–21
6–12	96.2
254	103.5
232	.3022
247	48.4
175	49.9
227	20.8
224	18.9
230	27.0
304	33.1
231	39.6
79	32.0
77	46.6
212	47.6
176	34.6
133	36.8
297	34.1
145	30.2
77	68.3
69	-14.9
293
248	Fordham	A10	30	6–24
3–13	98.8
206	106.3
277	.3018
248	45.0
302	51.1
266	22.9
311	16.3
324	36.1
44	32.5
192	32.6
262	45.1
323	44.2
299	50.0
263	31.3
279	35.6
254	30.6
245	34.9
237	68.7
56	-13.1
260
249	Penn	Ivy	31	9–22
6–8	93.1
296	100.2
161	.3004
249	47.7
215	47.8
136	23.5
329	21.4
88	26.8
310	32.9
214	34.4
218	44.9
320	46.1
231	45.8
103	34.3
143	34.4
201	30.4
253	33.4
187	68.4
66	-14.9
294
250	Northern Kentucky	ASun	27	11–16
9–9	95.7
266	103.1
219	.2973
250	48.1
198	49.8
221	18.9
113	21.0
111	25.2
331	31.7
158	28.4
330	35.7
166	46.8
204	49.5
242	33.1
209	33.5
151	45.3
2	35.0
240	59.6
345	-11.8
239
Rk	Team	Conf	G	Rec	AdjOE	AdjDE	Barthag	Efg%	EfgD%	TOR	TORD	ORB	DRB	FTR	FTRD	2P%	2P%D	3P%	3P%D	3PR	3PRD	Adj T.	WAB
251	Northern Colorado	BSky	29	11–18
10–10	100.4
177	108.5
308	.2902
251	51.3
68	53.0
319	20.2
188	19.0
224	31.4
182	29.7
78	33.2
250	33.4
111	49.2
93	52.7
323	37.1
44	35.6
254	32.9
175	36.8
304	66.4
148	-13.1
262
252	Portland	WCC	30	9–21
4–12	92.8
299	100.3
164	.2898
252	44.0
324	49.6
208	23.3
325	17.9
282	33.7
103	31.0
133	36.1
167	35.8
171	43.2
316	47.7
181	31.0
291	35.7
257	26.1
317	32.5
149	65.4
200	-11.6
232
253	Cornell	Ivy	30	12–18
5–9	97.7
222	105.8
266	.2862
253	47.4
229	52.8
315	19.6
148	20.6
137	28.2
286	28.3
49	30.7
297	37.4
207	46.1
231	49.8
257	33.2
201	38.7
338	35.3
106	36.1
288	68.2
74	-11.6
234
254	Mississippi St.	SEC	32	10–22
4–14	89.8
327	97.5
113	.2803
254	44.6
311	49.9
227	24.8
341	22.3
51	30.5
212	36.1
324	40.8
51	25.8
11	45.5
257	50.0
263	28.4
336	33.2
132	31.8
204	36.5
300	68.1
78	-11.5
225
255	Cal St. Bakersfield	ind	26	10–16
0–0	95.5
270	103.7
236	.2786
255	46.8
250	51.5
282	20.7
216	21.9
68	30.1
230	30.2
98	35.4
189	52.4
345	44.7
283	51.3
297	33.7
172	34.6
213	35.2
110	32.9
165	66.5
143	-10.2
205
256	Maine	AE	29	10–19
6–10	95.7
265	104.0
239	.2783
256	47.3
233	48.2
152	21.7
266	17.2
305	30.4
217	30.4
106	33.3
245	34.3
131	48.8
112	45.9
110	29.2
324	35.4
242	31.4
216	32.5
149	69.6
34	-13.7
278
257	TCU	B12	31	10–21
2–16	91.4
311	99.5
150	.2755
257	43.3
330	49.7
214	21.9
275	20.1
166	32.0
155	32.8
208	40.6
57	34.1
128	42.3
326	49.0
227	30.8
298	34.2
187	24.4
327	27.9
32	61.1
325	-11.1
215
258	Colgate	Pat	32	11–21
5–9	96.0
263	104.5
249	.2720
258	48.0
201	49.1
192	19.8
156	15.2
341	26.2
320	27.0
18	27.6
339	33.0
98	46.1
231	46.9
147	34.2
147	35.5
249	36.6
67	34.4
218	67.2
115	-13.8
279
259	Wofford	SC	31	12–19
7–11	87.5
334	95.3
74	.2710
259	44.2
320	47.6
131	20.3
193	22.2
55	25.9
324	27.0
18	27.9
337	38.3
237	43.2
316	48.4
204	30.7
302	30.6
33	34.8
125	32.1
134	63.9
268	-13.0
257
260	NJIT	GWC	25	12–13
6–2	93.2
292	101.7
190	.2682
260	45.8
284	45.1
38	21.5
258	21.2
101	33.8
101	31.9
166	41.3
44	41.7
291	42.3
326	42.5
20	35.8
78	33.3
140	30.2
259	33.9
199	67.4
109	-9.8
199
261	Appalachian St.	SC	29	13–16
10–8	97.9
221	106.8
285	.2674
261	49.6
117	51.4
277	19.4
137	18.8
237	30.3
220	30.3
103	37.9
111	35.2
155	47.2
187	52.5
318	36.5
57	32.7
106	31.3
220	30.3
80	68.0
83	-11.5
224
262	Texas St.	WAC	33	11–22
5–13	98.6
211	107.7
298	.2674
262	47.8
213	51.2
271	19.3
133	20.7
133	26.9
307	33.7
253	36.5
156	37.7
218	46.7
210	50.8
279	33.2
201	34.8
219	34.9
121	32.0
131	72.2
5	-15.5
305
263	North Dakota	BSky	31	14–17
12–8	95.1
275	104.0
240	.2645
263	47.1
240	49.1
192	18.8
105	19.8
181	29.4
243	32.9
214	36.5
156	33.7
120	45.7
244	48.4
204	33.2
201	33.8
162	32.3
189	31.4
114	67.8
91	-11.2
216
264	Winthrop	BSth	28	11–17
6–10	95.1
276	104.2
244	.2602
264	46.6
257	47.1
110	21.4
255	18.2
270	29.3
248	30.6
113	36.1
167	36.7
192	46.4
223	46.1
118	31.3
279	32.6
101	37.0
63	35.8
273	61.1
325	-12.3
248
265	Cleveland St.	Horz	29	11–18
5–11	97.2
232	106.5
281	.2591
265	46.9
245	52.2
305	21.2
247	21.1
105	31.9
159	32.5
192	30.4
305	45.2
324	45.1
270	51.8
305	33.5
181	35.4
242	34.7
129	33.4
187	65.4
200	-10.7
212
266	Old Dominion	CAA	30	5–25
3–15	97.1
235	106.4
278	.2590
266	44.9
303	52.3
308	20.7
216	20.4
147	38.8
10	33.1
231	34.6
211	39.2
252	46.6
212	48.8
221	27.3
341	39.1
340	29.3
273	35.3
253	66.8
135	-19.8
340
267	New Hampshire	AE	28	8–20
5–11	90.8
322	99.8
153	.2518
267	43.9
325	45.8
61	18.6
97	18.8
237	28.1
288	30.5
108	34.7
210	36.3
180	42.9
320	47.5
171	30.5
308	27.9
1	37.5
57	31.2
107	64.3
251	-14.8
292
268	Liberty
   16 seed, R68	BSth	33	12–21
6–10	98.8
209	108.9
312	.2464
268	48.5
172	47.8
136	19.8
156	15.1
342	29.0
260	32.6
197	38.4
100	38.5
240	44.9
276	48.6
210	37.0
49	30.9
41	34.6
134	33.1
174	65.7
189	-15.3
301
269	South Dakota	Sum	28	8–20
5–11	102.3
143	112.7
339	.2461
269	50.8
79	53.3
324	17.9
55	15.7
333	24.2
340	31.9
166	37.4
129	26.0
14	48.2
146	51.3
297	37.1
44	38.0
328	34.9
121	34.4
218	67.9
86	-13.9
281
270	UNC Greensboro	SC	29	7–22
6–12	96.6
249	106.6
282	.2447
270	47.0
243	50.2
240	17.8
51	19.2
213	29.2
251	28.1
46	33.7
234	51.9
343	45.0
274	48.2
200	33.8
167	36.2
279	34.8
125	33.0
170	71.8
6	-17.8
324
271	UTSA	WAC	32	10–22
3–14	98.0
220	108.4
306	.2387
271	46.9
245	52.6
311	20.6
210	20.4
147	31.0
192	34.4
276	36.4
159	34.4
134	44.7
283	52.3
316	33.4
188	35.4
242	40.8
29	36.2
291	64.6
237	-15.5
303
272	UNC Wilmington	CAA	29	9–20
5–13	95.6
268	105.8
269	.2367
272	46.6
257	50.2
240	21.4
255	17.5
293	31.5
178	32.8
208	36.7
150	38.0
228	45.1
270	50.3
270	33.5
181	33.3
140	29.3
273	30.1
74	66.7
138	-14.3
285
273	Troy	SB	33	12–21
6–14	97.3
230	107.8
299	.2359
273	45.3
299	51.0
263	16.5
14	19.1
218	30.7
205	33.0
221	24.5
346	36.6
187	44.5
293	49.5
242	31.2
283	35.8
260	35.7
96	35.2
246	61.0
328	-16.3
312
274	VMI	BSth	28	11–17
8–8	100.7
168	111.6
331	.2346
274	49.2
134	51.2
271	17.6
42	18.6
247	32.0
155	37.2
334	30.5
301	30.7
59	49.9
74	49.8
257	32.2
246	36.3
282	43.2
10	29.6
64	71.3
9	-13.5
271
275	American	Pat	30	10–20
5–9	96.2
258	106.6
283	.2341
275	47.3
233	51.3
276	20.2
188	15.6
336	28.5
273	27.0
18	30.9
294	27.9
24	43.8
309	45.7
97	36.2
70	41.1
347	32.8
177	35.2
246	59.9
343	-13.2
266
Rk	Team	Conf	G	Rec	AdjOE	AdjDE	Barthag	Efg%	EfgD%	TOR	TORD	ORB	DRB	FTR	FTRD	2P%	2P%D	3P%	3P%D	3PR	3PRD	Adj T.	WAB
276	Sacramento St.	BSky	27	12–15
8–12	95.6
269	106.2
274	.2299
276	45.8
284	50.4
244	17.8
51	19.0
224	30.1
230	31.2
142	37.2
137	27.7
21	44.1
303	48.8
221	33.0
214	35.4
242	31.1
230	38.3
320	63.0
293	-11.6
233
277	Dartmouth	Ivy	27	8–19
5–9	94.2
285	104.8
253	.2279
277	45.5
296	50.7
252	20.5
203	21.0
111	28.4
279	30.9
131	33.4
242	43.1
310	43.5
311	49.5
242	33.3
198	35.5
249	32.0
198	33.2
181	64.6
237	-13.9
280
278	Saint Peter's	MAAC	30	9–21
3–15	92.0
306	102.3
200	.2279
278	45.8
284	50.1
234	20.0
172	22.0
61	30.3
220	32.5
192	30.3
307	41.7
291	44.1
303	49.0
227	33.6
178	35.0
233	26.8
305	33.9
199	63.7
273	-15.6
307
279	Arkansas Pine Bluff	SWAC	30	16–14
15–3	90.3
325	100.6
168	.2232
279	44.7
309	46.9
98	20.9
232	23.5
20	31.5
178	35.6
311	33.0
253	37.7
218	44.4
296	46.4
126	30.2
316	31.7
67	30.8
238	40.7
337	68.2
74	-8.1
183
280	Radford	BSth	29	10–19
7–9	91.0
317	101.5
181	.2222
280	44.2
320	49.0
188	19.5
141	21.6
79	32.2
147	31.9
166	35.8
176	39.9
266	42.9
320	47.0
154	31.2
283	36.6
291	32.8
177	25.9
12	67.6
98	-15.4
302
281	Sacred Heart	NEC	29	9–20
7–11	98.3
213	109.9
319	.2182
281	49.8
111	51.2
271	21.9
275	18.1
272	33.2
120	35.6
311	32.2
268	38.2
233	48.4
133	49.1
231	35.2
104	37.1
307	33.2
164	32.2
139	68.4
66	-14.4
287
282	Hampton	MEAC	31	14–17
11–5	87.2
338	97.5
115	.2178
282	43.1
333	43.8
15	24.3
338	22.3
51	34.1
91	32.6
197	38.6
96	42.5
302	44.6
289	42.9
30	26.3
345	30.6
33	29.6
267	31.8
126	70.2
27	-13.6
274
283	Eastern Illinois	OVC	31	11–20
6–10	96.9
239	108.3
305	.2177
283	50.1
101	54.1
333	21.3
251	21.3
93	30.2
227	29.8
82	34.2
224	37.6
212	48.7
116	51.2
294	35.0
114	38.9
339	35.0
116	40.6
335	60.2
341	-15.1
296
284	Bethune Cookman	MEAC	32	12–20
7–9	96.0
262	107.4
295	.2155
284	45.9
280	51.0
263	18.4
80	22.4
45	31.3
186	32.1
182	39.0
88	46.8
334	45.6
252	50.9
283	31.0
291	34.1
182	32.0
198	30.5
83	65.9
180	-14.7
290
285	Eastern Washington	BSky	31	10–21
7–13	96.2
256	107.7
297	.2154
285	48.8
154	48.1
149	19.3
133	15.8
332	29.4
243	35.3
303	32.0
272	36.2
176	47.0
195	46.2
121	34.1
157	35.1
235	42.8
13	28.6
39	68.5
61	-16.5
313
286	Tennessee Tech	OVC	27	10–17
5–11	94.5
281	105.8
268	.2146
286	46.9
245	51.2
271	24.2
337	21.5
83	35.3
58	34.6
288	38.2
103	45.8
329	47.3
184	51.2
294	30.8
298	34.1
182	35.7
96	35.2
246	65.6
192	-12.3
247
287	Georgia Southern	SC	31	12–19
7–11	94.2
284	105.7
264	.2114
287	45.9
280	49.7
214	20.1
179	20.5
142	30.9
197	34.4
276	35.4
189	37.0
201	44.2
299	50.8
279	33.1
209	31.8
70	31.5
212	34.4
218	62.2
308	-13.7
276
288	Lipscomb	ASun	29	11–18
7–11	96.2
257	107.9
301	.2104
288	46.7
254	51.8
295	23.2
322	18.6
247	35.7
52	32.0
175	44.6
18	44.9
320	46.5
217	52.6
321	31.5
274	33.8
162	29.0
281	40.8
339	70.7
17	-12.2
246
289	Northern Arizona	BSky	32	11–21
8–12	95.4
273	107.0
292	.2098
289	48.7
157	53.2
322	20.5
203	20.2
156	27.0
304	30.7
119	31.4
283	38.8
246	48.5
129	52.2
311	32.7
223	36.6
291	30.7
241	34.1
203	68.5
61	-14.5
288
290	Siena	MAAC	32	8–24
4–14	94.0
289	105.5
262	.2080
290	46.1
275	48.7
171	23.7
331	17.0
313	33.0
125	34.5
285	38.1
105	27.7
21	43.8
309	48.2
200	33.7
172	33.1
124	33.7
158	35.5
261	64.1
257	-18.2
328
291	Samford	SC	31	10–21
9–9	96.8
244	108.8
311	.2067
291	50.7
83	51.8
295	21.1
243	20.0
173	26.8
310	34.4
276	31.3
286	36.6
187	48.7
116	50.8
279	36.4
60	35.9
264	34.7
129	34.6
232	60.6
336	-15.1
297
292	Chicago St.	GWC	29	7–22
3–5	90.4
324	101.7
189	.2053
292	44.4
316	50.5
246	21.2
247	23.5
20	30.1
230	33.9
257	24.6
345	48.1
340	41.9
332	48.6
210	32.6
229	36.0
272	35.8
91	34.4
218	67.1
119	-15.5
304
293	Southeastern Louisiana	Slnd	29	11–18
10–8	93.2
293	104.9
254	.2053
293	45.6
293	49.6
208	19.5
141	18.4
263	26.4
316	32.0
175	36.0
172	42.8
305	42.1
329	46.1
118	35.5
89	39.7
345	30.9
236	26.1
15	66.3
157	-11.6
230
294	Nicholls St.	Slnd	30	9–21
8–10	97.2
233	109.5
316	.2027
294	48.7
157	52.1
303	20.2
188	20.9
120	30.1
230	35.1
299	40.0
68	39.3
255	50.1
66	51.1
287	30.5
308	36.5
287	32.0
198	26.9
23	67.2
115	-15.2
298
295	Jacksonville	ASun	30	12–18
9–9	94.3
283	106.5
280	.1975
295	46.1
275	50.3
242	21.5
258	20.2
156	33.0
125	32.0
175	36.3
162	39.5
259	45.4
259	49.6
250	32.0
258	34.5
209	27.2
303	32.5
149	69.4
40	-12.7
254
296	Campbell	BSth	30	11–19
7–9	96.7
247	109.4
315	.1940
296	48.2
191	51.6
288	20.1
179	20.2
156	32.7
133	34.6
288	30.8
296	39.2
252	48.7
116	52.2
311	31.2
283	33.5
151	22.8
340	31.7
122	66.3
157	-14.2
284
297	UMBC	AE	30	7–23
5–11	94.4
282	106.8
286	.1933
297	46.6
257	51.2
271	21.3
251	20.2
156	28.7
270	32.9
214	30.1
310	44.0
317	44.2
299	53.8
339	33.9
165	30.9
41	35.1
112	35.4
257	67.7
94	-17.4
318
298	Monmouth	NEC	31	10–21
5–13	90.7
323	102.8
212	.1921
298	44.4
316	52.9
317	20.9
232	25.5
7	29.8
237	35.2
301	32.3
267	41.5
286	43.5
311	52.2
311	31.0
291	36.0
272	30.3
257	38.4
323	70.3
25	-15.2
299
299	Hofstra	CAA	31	6–25
4–14	88.8
330	100.8
170	.1895
299	42.0
340	48.9
186	22.2
289	20.6
137	34.3
85	34.9
295	39.3
85	36.7
192	41.6
334	50.0
263	28.7
332	31.0
45	28.9
282	33.2
181	64.9
222	-19.5
337
300	Montana St.	BSky	28	11–17
10–10	98.9
205	112.6
338	.1839
300	47.8
213	55.5
342	17.0
24	21.1
105	29.2
251	30.1
93	37.3
134	39.6
262	46.5
217	53.7
337	33.3
198	39.1
340	35.6
101	36.3
296	66.2
162	-13.7
277
Rk	Team	Conf	G	Rec	AdjOE	AdjDE	Barthag	Efg%	EfgD%	TOR	TORD	ORB	DRB	FTR	FTRD	2P%	2P%D	3P%	3P%D	3PR	3PRD	Adj T.	WAB
301	Milwaukee	Horz	30	6–24
3–13	93.2
294	106.1
272	.1832
301	44.6
311	50.5
246	21.5
258	17.6
287	29.0
260	35.0
297	36.1
167	30.2
51	43.5
311	51.1
287	30.8
298	32.7
106	40.4
31	31.0
98	65.9
180	-17.2
316
302	Austin Peay	OVC	29	6–23
4–12	96.9
240	110.4
324	.1823
302	51.7
55	52.0
300	23.2
322	18.1
272	28.9
265	35.3
303	37.4
129	29.3
42	48.8
112	51.8
305	38.1
21	34.9
226	34.3
139	32.6
154	69.1
50	-18.2
329
303	San Jose St.	WAC	28	8–20
3–14	89.3
329	101.9
195	.1793
303	41.1
343	48.7
171	20.2
188	19.0
224	33.3
116	31.9
166	36.7
150	34.2
129	40.1
341	48.1
197	28.9
328	33.5
151	29.5
270	31.4
114	67.2
115	-14.2
283
304	Central Arkansas	Slnd	28	11–17
7–11	98.0
219	111.9
333	.1789
304	47.9
205	50.7
252	19.8
156	19.4
206	33.4
113	36.6
328	29.6
319	40.8
278	46.4
223	49.6
250	34.2
147	35.7
257	31.0
234	27.2
27	72.6
3	-12.8
255
305	Chattanooga	SC	30	11–19
8–10	95.6
267	109.3
314	.1771
305	46.0
277	53.5
325	20.0
172	18.5
255	33.9
97	27.8
37	43.0
26	32.6
88	45.9
237	51.4
302	30.8
298	37.6
321	31.3
220	43.2
345	67.7
94	-14.6
289
306	Southern Utah	BSky	29	9–20
8–12	91.0
319	104.0
241	.1765
306	44.4
316	48.6
166	21.9
275	17.2
305	32.0
155	27.8
37	36.8
147	57.0
346	42.9
320	47.1
160	32.2
246	35.1
235	28.5
286	26.7
20	69.7
31	-15.5
306
307	Utah Valley	GWC	28	10–18
3–5	96.8
243	110.7
328	.1762
307	49.6
117	50.5
246	18.9
113	17.3
302	25.7
330	30.1
93	30.5
301	27.4
19	50.3
56	50.0
263	32.1
253	34.4
201	31.8
204	32.8
160	64.5
242	-14.2
282
308	Jackson St.	SWAC	29	11–18
9–9	92.9
297	106.3
276	.1757
308	44.5
315	50.0
231	18.2
72	20.9
120	27.4
298	35.0
297	38.4
100	39.3
255	43.2
316	51.3
297	31.2
283	31.5
62	35.0
116	32.4
147	68.6
60	-13.4
270
309	Coppin St.	MEAC	31	7–24
5–11	92.0
305	105.6
263	.1708
309	42.6
335	50.1
234	21.0
238	23.3
25	29.0
260	39.2
346	31.2
290	37.1
205	39.6
344	53.4
331	31.2
283	29.6
12	41.0
26	37.1
308	68.7
56	-17.8
322
310	Delaware St.	MEAC	31	13–18
8–8	94.0
287	108.4
307	.1624
310	45.7
289	48.8
180	22.2
289	20.9
120	32.6
135	37.5
338	33.3
245	32.2
82	46.5
217	48.4
204	29.6
321	33.2
132	35.4
105	29.1
51	60.9
331	-12.6
253
311	McNeese St.	Slnd	28	11–17
7–11	94.1
286	108.6
309	.1611
311	44.9
303	48.8
180	17.9
55	19.0
224	31.8
160	37.8
341	30.3
307	35.8
171	43.9
307	48.6
210	31.9
260	32.8
111	26.3
313	29.0
46	64.3
251	-11.9
242
312	Rice	CUSA	29	4–25
1–15	95.2
274	110.0
321	.1587
312	46.9
245	55.3
341	16.7
17	21.0
111	19.2
347	36.6
328	28.2
333	46.7
333	44.5
293	55.5
346	33.4
188	36.7
295	42.8
13	32.7
158	62.7
296	-18.6
331
313	Navy	Pat	30	7–23
2–12	88.6
331	102.7
209	.1547
313	44.1
323	49.6
208	18.5
87	21.6
79	25.8
327	34.0
261	27.9
337	38.4
238	42.2
328	50.7
277	32.1
253	31.9
73	33.0
172	40.7
337	61.0
328	-18.0
325
314	UMKC	Sum	31	7–24
5–11	92.2
304	107.0
291	.1522
314	47.4
229	54.5
337	23.0
315	19.3
211	29.1
258	30.5
108	30.3
307	42.3
300	45.9
237	52.0
310	33.5
181	40.1
346	35.3
106	30.8
91	65.0
216	-17.4
319
315	SIU Edwardsville	OVC	25	7–18
5–11	91.1
315	105.9
270	.1510
315	47.7
215	51.6
288	21.7
266	21.1
105	28.5
273	32.0
175	32.8
257	36.9
197	44.6
289	52.6
321	36.4
60	33.0
119	30.8
238	31.0
98	66.2
162	-13.7
275
316	Portland St.	BSky	26	6–20
5–15	100.5
173	116.9
344	.1496
316	49.7
113	53.9
330	18.2
72	17.2
305	31.1
191	32.8
208	31.9
273	33.3
108	47.6
173	53.4
331	37.2
42	36.9
303	25.5
320	29.0
46	65.0
216	-15.9
310
317	Texas A&M Corpus Chris	Slnd	28	5–23
5–13	94.6
280	110.2
322	.1473
317	45.4
297	51.0
263	18.8
105	19.1
218	29.8
237	34.6
288	32.2
268	47.4
338	45.2
267	49.3
236	30.5
308	36.2
279	29.5
270	34.2
208	62.5
301	-17.3
317
318	UC Riverside	BW	28	4–24
3–15	87.2
336	101.6
185	.1473
318	45.3
299	50.5
246	22.6
304	18.1
272	30.7
205	27.4
31	32.5
264	32.7
90	46.3
226	47.5
171	28.7
332	36.9
303	31.1
230	38.9
327	63.1
288	-19.6
339
319	Alcorn St.	SWAC	32	9–23
8–10	85.1
343	99.5
151	.1422
319	42.3
337	44.4
26	22.2
289	19.1
218	29.3
248	36.0
318	38.1
105	47.0
335	41.6
334	43.8
47	29.3
323	30.5
31	30.2
259	32.1
134	67.6
98	-16.5
314
320	UT Rio Grande Valley	GWC	28	12–16
5–3	91.1
314	106.9
289	.1373
320	47.4
229	49.5
205	20.8
224	22.0
61	27.0
304	35.8
316	39.4
83	35.9
173	44.9
276	48.6
210	34.9
118	34.8
219	33.3
162	25.9
12	64.0
264	-12.3
249
321	East Tennessee St.	ASun	31	9–22
8–10	92.9
298	109.2
313	.1347
321	45.7
289	54.1
333	20.0
172	21.1
105	27.1
303	35.5
309	31.6
278	33.5
112	44.2
299	52.8
326	32.3
242	37.2
309	36.1
83	43.0
344	65.1
212	-15.3
300
322	Prairie View A&M	SWAC	31	12–19
8–10	87.3
335	103.0
217	.1298
322	41.3
342	46.9
98	21.6
264	21.1
105	38.6
12	33.4
245	32.6
262	43.7
315	42.0
330	46.9
147	26.0
346	31.3
54	24.1
330	36.0
283	67.0
123	-15.0
295
323	Idaho St.	BSky	29	5–24
5–15	90.0
326	106.4
279	.1277
323	46.2
272	52.1
303	19.5
141	20.8
127	24.5
337	34.3
271	37.5
124	34.6
138	45.7
244	49.7
255	31.4
275	37.4
314	35.9
86	38.2
318	60.3
340	-19.3
335
324	Nebraska Omaha	Sum	29	10–19
6–10	98.6
210	117.1
345	.1220
324	51.5
61	55.7
344	20.1
179	17.6
287	24.5
337	37.1
333	28.9
326	29.1
38	50.2
61	54.8
343	36.5
57	38.4
336	29.3
273	34.3
214	72.4
4	-13.2
265
325	Louisiana Monroe	SB	27	4–23
3–17	90.8
320	108.2
304	.1178
325	48.4
175	53.5
325	24.1
336	21.9
68	27.3
302	34.1
268	31.5
281	39.6
262	46.6
212	53.1
327	34.8
120	36.2
279	32.8
177	36.4
297	66.1
171	-17.8
323
Rk	Team	Conf	G	Rec	AdjOE	AdjDE	Barthag	Efg%	EfgD%	TOR	TORD	ORB	DRB	FTR	FTRD	2P%	2P%D	3P%	3P%D	3PR	3PRD	Adj T.	WAB
326	Houston Christian	GWC	27	11–16
3–5	85.5
341	102.5
204	.1102
326	43.8
326	47.3
117	25.0
342	22.6
40	31.7
166	33.0
221	37.5
124	41.7
291	42.5
324	46.8
144	31.7
263	32.6
101	26.6
307	25.9
12	69.0
51	-12.6
252
327	IU Indy	Sum	30	4–26
1–15	96.4
251	115.6
342	.1100
327	50.5
90	55.9
346	18.8
105	16.9
314	22.1
346	33.7
253	24.2
347	31.6
74	48.6
124	54.5
341	36.1
72	39.2
343	34.3
139	31.8
126	66.2
162	-19.8
341
328	Northern Illinois	MAC	29	4–25
3–13	84.0
344	101.0
173	.1078
328	39.7
346	50.1
234	23.3
325	22.4
45	33.2
120	29.6
72	35.8
176	51.9
343	38.8
346	49.5
242	27.8
338	34.1
182	31.8
204	41.7
341	62.4
302	-19.5
338
329	Alabama St.	SWAC	31	9–22
8–10	91.2
313	109.8
318	.1055
329	45.1
301	49.4
201	22.0
282	19.5
200	33.4
113	34.5
285	32.2
268	38.0
228	44.8
281	47.6
176	30.6
305	35.2
238	30.5
250	34.1
203	67.0
123	-17.0
315
330	Saint Francis	NEC	29	5–24
5–13	92.2
303	111.3
330	.1029
330	48.2
191	53.0
319	22.0
282	19.1
218	27.6
295	34.7
292	31.6
278	39.9
266	45.7
244	51.4
302	34.8
120	37.5
316	38.9
46	33.3
185	63.4
277	-19.0
333
331	Kennesaw St.	ASun	30	3–27
2–16	91.1
316	110.0
320	.1027
331	44.7
309	55.5
342	21.0
238	21.3
93	30.7
205	33.1
231	37.4
129	47.6
339	44.4
296	54.7
342	30.3
312	38.2
331	31.2
225	31.3
110	64.4
245	-21.8
346
332	Fairleigh Dickinson	NEC	31	7–24
2–16	93.1
295	112.5
337	.1021
332	48.9
146	52.6
311	22.5
302	17.5
293	26.2
320	38.5
344	35.2
198	35.7
166	47.2
187	51.7
304	35.0
114	36.3
282	32.4
185	32.3
143	68.7
56	-18.4
330
333	Florida A&M	MEAC	29	6–23
5–11	88.3
333	107.0
290	.0984
333	43.0
334	50.5
246	22.5
302	22.7
38	31.6
174	37.4
337	32.7
258	42.2
297	41.9
332	49.3
236	30.3
312	35.4
242	30.5
250	29.1
51	69.6
34	-18.1
326
334	Tennessee Martin	OVC	28	7–21
5–11	91.6
309	112.2
335	.0886
334	43.3
330	53.5
325	21.1
243	19.3
211	32.3
144	32.7
205	37.7
118	44.9
320	40.9
338	53.3
330	32.7
223	35.9
264	29.2
278	35.2
246	68.4
66	-15.8
308
335	The Citadel	SC	28	6–22
5–13	96.8
242	118.9
346	.0864
335	50.5
90	55.0
339	23.9
334	18.0
278	30.9
197	36.2
327	37.8
115	28.8
31	48.9
104	53.6
335	35.9
76	38.2
331	32.2
191	37.0
306	65.4
200	-17.8
321
336	Longwood	BSth	31	6–25
4–12	92.5
302	114.1
341	.0823
336	48.3
182	54.4
336	22.7
306	18.4
263	28.8
268	34.6
288	30.5
301	34.7
139	48.3
139	53.1
327	32.1
253	38.3
334	28.1
293	29.4
57	70.7
17	-19.3
336
337	Howard	MEAC	29	6–23
4–12	81.8
346	101.1
175	.0804
337	39.2
347	47.3
117	23.9
334	22.9
32	35.1
63	34.3
271	34.1
226	37.0
201	39.9
342	45.8
103	24.9
347	33.3
140	26.2
315	35.5
261	62.4
302	-17.6
320
338	South Carolina St.	MEAC	28	4–24
2–14	90.8
321	112.2
336	.0802
338	42.2
338	49.9
227	22.8
308	18.6
247	35.6
54	37.5
338	27.3
340	36.4
181	42.5
324	49.4
239	27.5
340	33.9
168	28.4
290	33.3
185	65.5
195	-19.2
334
339	Furman	SC	29	5–24
3–15	91.0
318	112.9
340	.0772
339	45.8
284	52.6
311	22.7
306	17.2
305	28.4
279	33.5
248	35.3
192	29.2
41	44.0
306	50.3
270	32.6
229	38.6
337	35.9
86	30.6
88	64.9
222	-19.8
342
340	Alabama A&M	SWAC	29	9–20
6–12	89.4
328	111.1
329	.0761
340	43.8
326	49.8
221	21.0
238	17.4
298	31.8
160	31.9
166	36.9
144	36.0
175	43.9
307	48.8
221	28.9
328	34.9
226	30.0
264	26.6
19	66.1
171	-15.9
309
341	Mississippi Valley St.	SWAC	28	5–23
5–13	88.5
332	110.7
325	.0711
341	42.2
338	51.5
282	21.5
258	22.2
55	31.6
174	37.5
338	39.5
80	43.1
310	40.5
339	50.9
283	30.3
312	35.4
242	34.7
129	27.4
28	70.6
20	-18.2
327
342	Presbyterian	BSth	29	5–24
4–12	92.6
301	116.5
343	.0665
342	48.9
146	53.8
329	20.8
224	16.4
322	22.7
344	35.3
303	26.4
342	34.7
139	47.4
179	51.1
287	34.5
136	39.4
344	34.3
139	33.7
194	62.3
305	-18.7
332
343	Binghamton	AE	29	2–27
1–15	85.4
342	107.7
296	.0650
343	41.8
341	51.4
277	23.2
322	16.8
318	26.5
314	30.3
103	33.6
237	31.4
69	41.3
337	49.8
257	28.6
334	35.9
264	34.2
144	40.6
335	66.4
148	-21.5
345
344	New Orleans	ind	22	4–18
0–0	87.2
337	112.0
334	.0532
344	44.9
303	54.0
331	24.4
339	21.2
101	27.4
298	36.6
328	38.8
92	41.5
286	46.1
231	52.7
323	27.1
343	38.1
329	21.4
344	29.5
61	71.1
13	-14.8
291
345	Maryland Eastern Shore	MEAC	28	2–26
2–14	85.7
340	110.7
326	.0499
345	39.8
345	53.7
328	23.5
329	21.4
88	34.9
68	34.0
261	35.3
192	33.2
103	39.3
345	53.4
331	27.2
342	36.3
282	30.0
264	34.4
218	64.8
228	-21.2
343
346	Lamar	Slnd	31	3–28
1–17	83.8
345	109.8
317	.0432
346	42.4
336	50.3
242	25.5
343	16.0
330	32.4
141	34.4
276	31.5
281	29.0
36	42.0
330	48.9
225	30.3
312	35.8
260	10.8
347	28.2
35	70.3
25	-21.2
344
347	Grambling St.	SWAC	28	0–28
0–18	76.8
347	121.4
347	.0051
347	41.1
343	52.2
305	26.8
346	14.8
345	28.5
273	39.1
345	24.9
344	34.9
146	38.4
347	49.9
261	31.2
283	37.8
324	31.9
202	33.5
190	64.6
237	-24.1
347