Rk	Team	Conf	G	Rec	AdjOE	AdjDE	Barthag	EFG%	EFGD%	TOR	TORD	ORB	DRB	FTR	FTRD	2P%	2P%D	3P%	3P%D	3PR	3PRD	Adj T.	WAB
1	Louisville
   4 seed, Sweet Sixteen	Amer	34	29–5
15–3	119.2
7	88.2
2	.9697
1	54.0
22	43.8
7	14.9
17	25.2
2	37.3
21	32.9
249	40.4
169	38.2
125	53.0
22	43.9
27	37.1
62	29.1
4	35.6
96	30.7
95	69.0
60	+5.4
15
2	Arizona
   1 seed, Elite Eight	P12	34	30–4
15–3	115.0
25	86.7
1	.9624
2	51.6
82	42.2
1	16.0
40	19.0
124	37.2
23	26.0
6	41.7
131	34.5
56	50.9
68	40.5
2	35.6
112	31.4
38	26.5
322	26.2
13	64.6
271	+9.5
2
3	Florida
   1 seed, Final Four	SEC	34	32–2
18–0	115.9
19	88.8
5	.9555
3	52.7
40	45.1
23	17.8
129	21.9
16	35.6
36	28.8
56	43.4
90	32.6
33	51.3
61	42.9
13	36.8
72	33.3
112	35.3
107	31.5
119	63.4
314	+11.8
1
4	Duke
   3 seed, R64	ACC	34	26–8
13–5	126.1
2	97.8
59	.9488
4	54.0
22	49.0
133	14.4
9	18.7
146	35.1
51	31.7
194	39.3
200	40.2
164	50.8
73	50.0
223	39.4
10	30.5
16	39.0
47	24.0
4	66.8
158	+6.5
12
5	Virginia
   1 seed, Sweet Sixteen	ACC	34	28–6
16–2	113.2
39	88.4
3	.9453
5	50.6
120	43.9
8	16.8
69	18.8
137	34.8
59	26.4
8	42.4
105	32.3
31	48.9
154	41.8
9	36.5
80	31.9
57	29.6
251	33.9
212	61.3
345	+8.2
4
6	Wisconsin
   2 seed, Final Four	B10	33	26–7
12–6	121.9
4	96.6
46	.9355
6	53.1
34	47.5
90	12.6
2	15.6
321	27.9
282	27.7
21	44.1
74	25.9
2	51.3
61	46.2
84	37.3
58	34.3
165	39.3
41	25.3
7	64.3
287	+8.0
6
7	Creighton
   3 seed, R32	BE	33	26–7
14–4	126.5
1	100.4
93	.9343
7	59.3
1	48.0
109	15.2
22	15.1
333	28.1
274	27.8
25	34.3
313	32.9
39	56.2
2	46.8
107	42.1
1	33.6
126	44.7
7	34.8
243	65.6
221	+5.7
14
8	Kansas
   2 seed, R32	B12	33	24–9
14–4	120.2
6	95.5
32	.9338
8	54.5
16	47.1
72	19.0
230	16.3
294	37.1
25	29.1
69	48.9
29	45.8
281	55.7
7	44.1
34	34.5
162	35.9
256	29.2
262	31.1
109	68.3
87	+6.9
11
9	Villanova
   2 seed, R32	BE	32	28–4
16–2	116.1
18	92.8
12	.9292
9	54.0
22	46.6
60	17.2
91	20.2
52	33.1
110	28.9
59	45.0
58	38.7
139	53.9
14	43.4
18	36.1
89	35.4
231	44.6
8	32.7
166	67.4
122	+8.4
3
10	Michigan St.
   4 seed, Elite Eight	B10	34	26–8
12–6	118.4
10	94.8
27	.9276
10	54.5
16	46.2
50	17.1
83	18.3
170	33.5
98	27.7
21	33.5
326	39.1
148	52.1
39	44.0
30	39.1
18	33.2
106	35.8
90	37.0
307	66.3
186	+6.9
10
11	Tennessee
   11 seed, Sweet Sixteen	SEC	33	21–12
11–7	116.2
17	93.5
16	.9241
11	49.3
182	45.8
37	17.1
83	16.9
256	39.4
5	27.4
15	41.7
131	32.8
35	49.4
135	44.1
34	32.6
245	33.7
129	30.8
228	27.3
22	63.1
323	+0.41
55
12	Pittsburgh
   9 seed, R32	ACC	34	25–9
11–7	117.1
14	94.4
22	.9229
12	50.9
112	46.8
64	16.5
57	19.2
108	37.7
18	28.8
56	46.0
47	37.0
100	50.0
101	45.3
55	35.6
112	33.1
101	26.8
314	33.4
190	64.1
293	+4.2
22
13	Ohio St.
   6 seed, R64	B10	34	25–9
10–8	109.3
88	88.4
4	.9197
13	50.3
133	45.2
25	17.1
83	22.0
15	30.0
224	30.0
109	42.8
102	29.7
9	51.0
67	45.7
69	32.6
245	29.4
6	33.2
168	31.7
132	65.3
242	+4.5
20
14	Wichita St.
   1 seed, R32	MVC	33	33–0
18–0	115.5
21	93.5
17	.9189
14	52.0
66	44.8
20	16.2
48	18.5
157	35.4
41	25.9
5	47.3
42	35.6
77	52.0
41	43.7
25	34.7
154	31.3
33	36.5
82	35.4
261	65.2
245	+8.2
5
15	Syracuse
   3 seed, R32	ACC	32	27–5
14–4	115.3
22	93.5
15	.9178
15	48.2
226	48.3
117	14.6
11	21.9
16	38.1
12	31.7
194	38.8
221	36.5
92	47.5
215	45.8
73	33.5
205	34.6
187	27.1
308	40.8
345	61.5
343	+7.9
7
16	Michigan
   2 seed, Elite Eight	B10	33	25–8
15–3	123.0
3	99.7
84	.9176
16	55.5
8	49.6
166	14.8
14	17.3
239	28.9
259	28.9
59	35.9
290	27.6
3	53.1
21	50.4
241	39.4
10	32.1
63	40.0
34	32.1
142	63.0
325	+7.7
8
17	Iowa
   11 seed, R68	B10	33	20–13
9–9	120.8
5	98.0
63	.9171
17	51.1
105	47.4
87	15.9
33	18.8
137	37.6
19	29.0
67	45.3
55	35.4
70	50.6
84	47.3
123	35.0
137	31.7
51	27.5
300	37.3
311	70.9
20	+1.2
47
18	Oklahoma St.
   9 seed, R64	B12	33	21–12
8–10	116.4
16	94.5
24	.9167
18	52.8
39	46.0
44	14.7
12	20.0
59	27.7
284	32.2
222	49.4
24	40.0
159	51.5
55	44.8
48	36.8
72	32.2
67	34.2
141	32.9
174	69.0
60	+1.4
42
19	UCLA
   4 seed, Sweet Sixteen	P12	34	26–8
12–6	118.5
8	96.9
50	.9094
19	54.4
18	50.1
187	14.9
17	20.5
42	30.2
217	28.3
39	39.0
210	36.4
90	52.8
26	48.8
178	39.1
18	34.6
187	27.5
300	41.8
348	70.4
25	+4.6
18
20	Gonzaga
   8 seed, R32	WCC	33	27–6
15–3	114.6
27	93.9
18	.9084
20	55.4
9	44.4
13	16.9
74	17.8
211	30.7
197	29.5
86	40.6
162	38.3
128	54.0
12	42.8
11	38.7
26	31.8
53	32.7
173	31.6
122	66.1
198	+4.0
24
21	Kentucky
   8 seed, Finals	SEC	34	24–10
12–6	115.9
20	95.7
35	.9004
21	49.7
160	45.0
22	18.1
150	16.3
294	42.2
1	29.9
102	53.8
6	37.8
115	50.0
101	44.0
30	32.5
255	31.7
51	28.0
289	29.4
63	66.5
174	+4.0
25
22	Iowa St.
   3 seed, Sweet Sixteen	B12	33	26–7
11–7	116.6
15	96.8
47	.8945
22	53.8
28	47.1
72	14.4
9	16.2
300	28.1
274	28.3
39	37.2
258	31.1
19	54.6
9	45.4
58	35.1
131	33.6
126	38.1
57	33.8
209	71.9
11	+7.5
9
23	Connecticut
   7 seed, CHAMPS	Amer	34	26–8
12–6	111.6
54	92.8
11	.8940
23	51.4
86	43.9
8	17.6
115	19.5
86	31.2
180	33.4
269	38.6
229	35.5
74	48.0
196	41.4
4	38.7
26	32.9
92	33.8
152	31.6
122	65.1
248	+4.8
17
24	VCU
   5 seed, R64	A10	34	26–8
12–4	107.8
117	89.8
6	.8915
24	47.8
246	47.5
90	17.2
91	25.6
1	35.1
51	30.7
139	35.7
293	39.5
156	45.5
291	48.5
167	34.9
143	30.1
9	33.9
147	30.0
76	71.0
17	+3.7
27
25	San Diego St.
   4 seed, Sweet Sixteen	MWC	31	27–4
16–2	108.4
105	90.6
8	.8873
25	46.8
281	44.4
13	15.3
23	21.1
30	36.1
31	29.5
86	44.9
59	31.8
26	45.4
294	43.6
23	33.9
185	30.8
27	25.2
335	31.0
104	64.4
279	+6.1
13
Rk	Team	Conf	G	Rec	AdjOE	AdjDE	Barthag	Efg%	EfgD%	TOR	TORD	ORB	DRB	FTR	FTRD	2P%	2P%D	3P%	3P%D	3PR	3PRD	Adj T.	WAB
26	Cincinnati
   5 seed, R64	Amer	33	27–6
15–3	108.6
102	91.1
9	.8834
26	47.9
243	44.6
18	17.4
106	22.5
12	39.1
8	32.3
228	39.1
206	35.3
65	46.9
241	43.0
16	33.5
205	31.9
57	31.2
212	32.4
157	63.5
311	+5.4
16
27	North Carolina
   6 seed, R32	ACC	32	23–9
13–5	111.7
52	93.9
19	.8812
27	49.8
155	46.5
57	17.1
83	19.4
99	37.8
17	31.3
168	44.6
66	41.8
205	49.6
124	46.2
84	33.6
201	31.3
33	20.8
350	34.0
213	70.9
20	+4.3
21
28	Oklahoma
   5 seed, R64	B12	32	23–9
12–6	118.4
9	99.8
86	.8773
28	52.0
66	49.5
161	15.8
30	17.7
217	32.3
139	30.6
134	40.0
179	38.4
132	49.3
140	48.6
174	37.8
47	34.0
147	36.8
77	35.1
253	71.8
12	+4.1
23
29	SMU	Amer	33	24–9
12–6	109.6
84	92.7
10	.8733
29	52.5
47	43.9
8	20.3
291	21.4
23	34.6
67	31.0
151	44.8
61	40.3
171	51.5
55	41.4
4	37.4
55	31.8
53	23.3
344	38.9
326	66.7
164	+1.4
40
30	New Mexico
   7 seed, R64	MWC	33	27–6
15–3	113.8
34	97.1
51	.8603
30	51.4
86	44.9
21	15.9
33	14.9
340	32.8
121	28.6
45	47.0
43	31.2
21	51.8
45	41.4
4	33.7
196	34.4
171	31.8
197	35.1
253	66.3
186	+4.5
19
31	Harvard
   12 seed, R32	Ivy	29	25–4
13–1	111.4
58	95.1
29	.8598
31	52.3
52	46.1
48	17.6
115	21.4
23	32.6
130	28.9
59	47.7
38	36.5
92	49.9
107	44.8
48	38.9
23	32.6
79	28.2
287	30.7
95	65.5
225	+2.4
35
32	Saint Louis
   5 seed, R32	A10	31	25–6
13–3	105.4
162	90.0
7	.8594
32	49.7
160	44.0
11	18.6
191	21.0
32	29.2
245	29.1
69	40.6
162	34.3
53	50.5
90	44.1
34	32.0
279	29.1
4	32.6
178	25.7
8	67.4
122	+3.9
26
33	Baylor
   6 seed, Sweet Sixteen	B12	33	22–11
9–9	118.1
11	101.1
108	.8570
33	51.4
86	48.6
122	18.2
159	15.9
308	41.1
3	32.9
249	43.7
84	32.7
34	48.2
191	45.6
63	38.4
36	36.7
280	34.5
128	32.3
148	62.8
328	+3.1
31
34	Memphis
   8 seed, R32	Amer	31	22–9
12–6	112.4
49	96.3
43	.8554
34	52.0
66	48.1
112	18.8
208	20.6
39	36.1
31	33.2
264	39.9
182	33.7
48	52.7
27	48.8
178	33.5
205	31.0
29	27.2
306	29.4
63	69.7
41	+2.8
32
35	Oregon
   7 seed, R32	P12	32	23–9
10–8	117.3
13	100.6
97	.8543
35	53.4
31	49.3
152	16.3
52	19.3
101	32.8
121	31.8
203	42.9
100	48.0
301	50.7
77	49.7
213	39.2
16	32.3
68	33.9
147	31.6
122	69.4
54	+2.7
33
36	Texas
   7 seed, R32	B12	33	23–10
11–7	110.8
66	95.1
30	.8529
36	47.4
261	46.0
44	17.7
127	16.6
277	39.4
5	30.0
109	43.8
81	40.5
175	46.9
241	42.9
13	32.4
263	34.2
159	26.4
325	35.9
277	68.9
66	+3.7
29
37	Arkansas	SEC	33	22–11
10–8	111.7
53	95.9
39	.8517
37	50.7
119	45.8
37	16.0
40	23.2
9	31.8
161	37.1
346	41.1
150	42.9
225	48.3
183	43.1
17	36.9
70	34.4
171	33.3
165	31.0
104	72.9
6	+0.11
61
38	Minnesota	B10	33	20–13
8–10	115.1
24	98.9
72	.8510
38	51.4
86	48.7
125	18.0
142	18.2
177	32.1
149	30.6
134	39.0
210	39.4
153	50.6
84	47.1
119	35.2
126	34.4
171	36.8
77	35.4
261	65.2
245	+0.5
53
39	Kansas St.
   9 seed, R64	B12	32	20–12
10–8	108.1
108	93.0
13	.8503
39	49.0
195	45.4
30	18.5
183	18.8
137	35.0
55	33.0
254	40.8
160	45.5
277	48.4
179	46.0
80	33.4
213	29.4
6	32.3
186	31.2
113	64.9
258	+0.6
52
40	Saint Joseph's
   10 seed, R64	A10	33	24–9
11–5	112.9
44	97.8
58	.8394
40	53.9
25	47.6
93	18.7
197	15.4
325	29.5
240	27.6
19	43.4
90	30.6
14	52.0
41	46.1
82	38.0
42	33.7
129	36.8
77	34.3
227	65.9
210	+2.2
36
41	Georgetown	BE	32	18–14
8–10	113.1
42	98.1
66	.8374
41	51.0
109	47.1
72	18.0
142	18.1
186	31.8
161	32.2
222	44.5
69	51.5
328	51.8
45	46.3
92	32.8
239	32.3
68	31.0
221	35.8
273	64.8
262	-1.6
71
42	Florida St.	ACC	33	20–13
9–9	110.6
69	95.9
38	.8369
42	51.3
94	45.3
28	21.2
320	19.4
99	34.1
79	35.8
329	44.4
71	35.9
80	49.7
117	43.6
23	37.1
62	32.4
70	26.5
322	33.4
190	67.2
137	+1.4
41
43	Stanford
   10 seed, Sweet Sixteen	P12	33	21–12
10–8	112.5
48	97.8
57	.8344
43	51.9
70	48.3
117	16.8
69	17.0
252	29.5
240	28.0
32	44.6
66	37.0
100	50.3
95	45.8
73	37.1
62	35.5
237	29.3
260	33.7
206	67.3
129	+1.2
48
44	Louisiana Tech	CUSA	34	27–7
13–3	109.0
94	94.7
25	.8343
44	51.4
86	45.8
37	15.8
30	22.7
10	33.6
95	29.3
80	42.1
118	38.4
132	52.7
27	45.7
69	32.9
229	30.7
24	38.0
60	27.7
29	71.0
17	+0.14
60
45	Arizona St.
   10 seed, R64	P12	32	21–11
10–8	109.9
80	95.5
33	.8331
45	52.3
52	46.0
44	16.3
52	17.1
245	24.2
340	30.1
114	42.0
121	37.0
100	48.9
154	45.0
51	38.6
29	32.4
70	37.5
65	27.5
27	69.3
55	+1.2
46
46	Utah	P12	31	19–12
9–9	110.5
70	96.5
44	.8261
46	53.1
34	47.3
82	18.3
169	18.8
137	28.2
272	29.2
77	39.8
185	36.2
87	53.7
16	46.7
104	34.5
162	32.6
79	33.0
171	30.5
90	65.3
242	-0.35
63
47	George Washington
   9 seed, R64	A10	32	24–8
11–5	110.1
77	96.2
42	.8244
47	51.6
82	47.0
67	19.0
230	19.6
81	34.8
59	31.0
151	46.7
44	33.5
44	50.2
97	47.0
117	36.9
70	31.4
38	28.6
273	36.0
282	67.4
122	+3.2
30
48	Indiana	B10	32	17–15
7–11	107.9
114	94.5
23	.8209
48	49.9
148	46.2
50	21.8
329	17.8
211	37.2
23	28.0
32	45.3
55	35.5
74	49.1
146	46.8
107	34.4
168	29.9
8	29.4
257	33.2
184	69.5
52	-2.1
79
49	Massachusetts
   6 seed, R64	A10	32	24–8
10–6	109.7
82	96.1
41	.8209
49	50.6
120	46.4
56	18.8
208	18.8
137	34.3
74	31.6
187	40.0
179	36.7
96	50.1
100	46.2
84	34.7
154	31.3
33	26.4
325	27.0
17	71.7
15	+3.7
28
50	BYU
   10 seed, R64	WCC	33	22–11
13–5	114.2
32	100.4
92	.8149
50	51.0
109	49.0
133	15.3
23	16.7
269	35.0
55	28.6
45	47.6
39	36.0
81	49.5
128	47.8
144	37.3
58	34.1
152	22.2
347	35.1
253	73.1
5	+0.6
51
Rk	Team	Conf	G	Rec	AdjOE	AdjDE	Barthag	Efg%	EfgD%	TOR	TORD	ORB	DRB	FTR	FTRD	2P%	2P%D	3P%	3P%D	3PR	3PRD	Adj T.	WAB
51	Providence
   11 seed, R64	BE	34	22–12
10–8	113.2
41	99.5
79	.8148
51	48.1
234	48.9
128	17.3
100	16.4
286	35.4
41	30.0
109	41.9
123	34.3
53	46.0
273	48.7
176	35.0
137	32.9
92	31.7
201	28.7
46	65.0
253	+1.3
45
52	Maryland	ACC	32	17–15
9–9	108.1
110	95.3
31	.8099
52	49.1
192	47.2
78	18.6
191	18.7
146	33.5
98	28.9
59	36.7
272	42.1
211	47.8
207	45.4
58	34.2
173	34.1
152	35.8
90	32.3
148	69.2
57	-1.5
70
53	LSU	SEC	33	20–13
9–9	110.6
68	97.6
56	.8072
53	50.0
143	46.2
50	19.2
240	18.0
197	35.2
48	31.8
203	34.5
308	39.2
150	49.3
140	43.4
18	34.2
173	35.1
215	32.4
182	29.6
68	70.2
31	-1.0
67
54	West Virginia	B12	33	17–16
9–9	115.3
23	101.9
124	.8058
54	50.4
130	50.6
214	14.2
8	18.5
157	32.4
136	32.5
237	39.1
206	41.6
201	46.9
241	50.0
223	38.1
39	34.5
176	34.4
132	34.1
219	68.2
91	-1.8
75
55	Nebraska
   11 seed, R64	B10	31	19–12
11–7	108.6
101	96.0
40	.8052
55	48.3
224	47.7
97	16.7
66	19.0
124	26.1
315	28.9
59	42.8
102	43.1
233	47.1
234	47.6
137	33.9
185	31.9
57	33.3
165	35.7
268	66.3
186	+1.3
44
56	Xavier
   12 seed, R68	BE	34	21–13
10–8	112.2
50	99.2
75	.8045
56	51.7
75	49.4
156	18.7
197	16.9
256	34.1
79	28.7
54	41.6
134	39.5
156	51.5
55	47.4
128	34.8
152	35.2
223	27.0
311	35.7
268	66.0
205	+1.5
39
57	Clemson	ACC	33	21–12
10–8	105.6
157	93.4
14	.8034
57	47.0
276	43.6
6	17.9
137	17.3
239	34.6
67	32.3
228	37.2
258	29.6
8	47.7
210	44.1
34	30.3
326	28.4
1	32.4
182	29.9
72	60.0
348	+0.28
59
58	Colorado
   8 seed, R64	P12	34	23–11
10–8	108.0
111	95.7
36	.8017
58	48.5
219	49.3
152	19.4
252	18.1
186	34.3
74	26.0
6	48.4
32	30.6
14	48.7
169	46.9
113	32.0
279	35.7
248	30.2
239	35.9
277	67.0
149	+2.4
34
59	Illinois	B10	34	20–14
7–11	106.1
146	94.1
21	.7996
59	46.7
287	48.0
109	16.7
66	18.5
157	31.7
167	29.7
94	31.9
338	32.3
31	45.7
282	45.9
77	32.3
268	34.5
176	34.0
144	35.4
261	63.0
325	+0.35
57
60	Saint Mary's	WCC	33	22–11
11–7	113.4
36	100.6
98	.7987
60	51.5
84	49.6
166	18.0
142	18.0
197	36.0
34	29.8
99	47.8
36	40.2
164	48.7
169	49.2
192	37.9
45	34.0
147	34.9
119	25.2
6	63.3
318	-1.7
73
61	St. John's	BE	33	20–13
10–8	107.7
119	95.6
34	.7971
61	48.7
210	46.5
57	15.6
29	19.2
108	31.1
184	30.8
143	37.1
262	38.1
123	47.6
212	44.0
30	34.9
143	34.5
176	24.1
341	32.7
166	68.1
94	-0.20
62
62	Dayton
   11 seed, Elite Eight	A10	33	23–10
10–6	113.2
40	100.6
99	.7950
62	52.6
45	49.4
156	18.1
150	19.1
120	34.9
57	28.6
45	41.3
145	43.2
238	50.7
77	48.5
167	37.8
47	34.3
165	31.6
204	32.1
142	65.4
235	+0.7
49
63	Missouri	SEC	34	23–11
9–9	114.4
29	101.8
123	.7927
63	51.3
94	47.7
97	18.9
218	15.9
308	34.8
59	30.4
123	52.1
11	37.4
111	51.4
58	46.6
100	34.0
180	33.0
96	32.5
180	38.3
319	66.4
179	+1.4
43
64	Marquette	BE	32	17–15
9–9	109.1
92	97.3
52	.7893
64	48.7
210	49.1
139	17.5
109	19.3
101	34.1
79	29.6
92	44.8
61	38.7
139	48.9
154	45.7
69	32.1
275	36.5
276	26.7
316	37.2
310	66.7
164	-2.1
80
65	N.C. State
   12 seed, R64	ACC	35	22–13
9–9	113.4
38	101.2
112	.7868
65	50.0
143	47.3
82	15.8
30	17.6
222	34.5
69	36.1
333	36.3
280	42.7
222	51.6
52	47.2
121	30.2
327	31.5
45	25.8
331	30.7
95	66.5
174	+0.7
50
66	Miami FL	ACC	33	17–16
7–11	108.9
95	98.1
67	.7683
66	47.6
252	47.0
67	17.2
91	16.4
286	33.5
98	30.4
123	36.1
285	31.2
21	47.2
228	43.4
18	32.3
268	35.5
237	34.1
142	36.3
290	58.7
351	-3.7
101
67	California	P12	33	20–13
10–8	110.2
74	99.6
82	.7612
67	50.2
136	47.3
82	14.9
17	15.3
327	29.9
228	29.1
69	36.0
288	34.4
55	49.7
117	44.4
43	34.4
168	36.1
262	28.4
275	29.9
72	66.8
158	-0.5
66
68	Boise St.	MWC	31	18–13
9–9	114.1
33	103.2
146	.7611
68	51.2
103	51.3
246	15.0
20	17.0
252	32.1
149	26.4
8	36.6
275	42.3
218	49.8
113	50.4
241	35.9
98	35.3
226	36.0
86	34.1
219	65.5
225	-3.2
92
69	Alabama	SEC	31	12–19
7–11	108.2
107	98.1
65	.7554
69	49.4
174	47.0
67	18.3
169	19.3
101	30.0
224	34.5
300	44.0
78	41.3
191	49.1
146	47.5
131	33.3
216	30.7
24	33.3
165	32.0
139	63.7
309	-6.1
144
70	St. Bonaventure	A10	33	18–15
6–10	111.1
60	100.8
102	.7534
70	49.6
165	50.7
220	18.7
197	21.5
22	36.5
28	31.7
194	41.1
150	45.0
271	49.9
107	49.4
200	32.6
245	35.5
237	25.3
333	33.7
206	67.3
129	-4.5
115
71	Stephen F. Austin
   12 seed, R32	Slnd	31	29–2
18–0	110.8
67	100.6
100	.7512
71	52.4
49	50.2
195	16.8
69	24.4
3	38.5
10	29.3
80	40.1
177	52.5
331	52.3
34	49.5
204	35.2
126	34.8
200	35.8
90	25.9
11	63.8
301	+1.8
37
72	UNLV	MWC	33	20–13
10–8	107.4
124	97.6
55	.7498
72	48.9
199	44.5
16	16.6
63	15.3
327	34.2
78	31.0
151	39.5
193	25.7
1	48.7
169	44.2
39	32.9
229	30.2
12	31.1
214	27.9
32	67.2
137	-3.8
103
73	Penn St.	B10	33	16–17
6–12	111.5
57	101.6
118	.7453
73	48.7
210	47.8
101	15.9
33	16.1
302	30.1
220	28.9
59	39.4
199	48.5
306	49.3
140	45.0
51	31.8
288	35.1
215	34.6
124	36.2
287	66.3
186	-3.6
98
74	New Mexico St.
   13 seed, R64	WAC	34	25–9
12–4	112.1
51	102.1
126	.7452
74	53.5
30	44.4
13	18.8
208	16.1
302	37.9
16	33.2
264	54.8
3	33.7
48	53.2
20	42.8
11	36.2
87	33.1
101	26.8
314	23.0
2	67.1
144	-2.2
81
75	North Dakota St.
   12 seed, R32	Sum	28	22–6
12–2	114.8
26	104.9
178	.7389
75	55.0
12	50.1
187	15.5
26	17.4
233	31.4
175	27.4
15	41.7
131	40.5
175	56.0
4	46.8
107	34.9
143	37.5
308	27.1
308	34.7
237	64.5
275	+0.32
58
Rk	Team	Conf	G	Rec	AdjOE	AdjDE	Barthag	Efg%	EfgD%	TOR	TORD	ORB	DRB	FTR	FTRD	2P%	2P%D	3P%	3P%D	3PR	3PRD	Adj T.	WAB
76	Mississippi	SEC	33	19–14
9–9	110.9
63	101.5
117	.7344
76	48.2
226	48.4
119	15.9
33	19.9
64	33.1
110	35.5
323	39.6
190	43.3
241	46.5
260	46.2
84	33.9
185	34.7
193	38.0
60	37.4
313	69.8
40	-2.6
86
77	Manhattan
   13 seed, R64	MAAC	32	25–7
15–5	106.4
140	97.4
54	.7337
77	50.8
118	45.6
34	19.7
266	21.8
18	34.8
59	33.1
259	55.9
2	52.5
331	48.9
154	44.2
39	36.7
75	32.7
87	31.3
211	27.9
32	69.7
41	-0.38
64
78	Tulsa
   13 seed, R64	CUSA	33	21–12
13–3	106.1
147	97.3
53	.7309
78	49.3
182	46.3
55	16.5
57	20.4
46	30.1
220	29.4
83	47.8
36	48.3
303	49.6
124	42.9
13	32.5
255	35.3
226	31.7
201	34.2
224	68.5
79	-3.5
96
79	Iona	MAAC	33	22–11
17–3	117.9
12	108.2
241	.7283
79	57.4
3	50.6
214	14.8
14	16.7
269	26.1
315	35.6
325	38.0
245	29.4
7	55.8
6	50.4
241	39.6
9	34.1
152	43.9
10	30.3
82	70.4
25	-2.4
82
80	Northern Iowa	MVC	30	15–15
10–8	113.0
43	103.7
151	.7279
80	52.7
40	51.1
235	16.1
43	17.1
245	25.9
320	27.9
28	38.5
230	37.3
109	51.7
48	49.1
187	35.9
98	36.4
270	43.6
14	35.8
273	65.8
215	-6.0
142
81	Georgia St.	SB	32	23–9
17–1	114.3
30	105.1
181	.7244
81	53.1
34	49.6
166	11.9
1	20.1
56	24.9
331	34.1
292	38.8
221	36.0
81	51.1
65	48.3
158	38.0
42	34.3
165	34.9
119	40.9
346	66.0
205	-2.0
78
82	Green Bay	Horz	28	21–7
14–2	107.5
123	98.9
73	.7230
82	50.9
112	46.0
44	18.7
197	19.9
64	34.0
85	32.5
237	43.0
98	34.1
51	50.9
68	44.7
47	34.0
180	32.4
70	24.4
338	32.7
166	67.2
137	+0.49
54
83	Notre Dame	ACC	32	15–17
6–12	113.4
37	104.5
168	.7189
83	51.7
75	51.4
251	15.9
33	16.8
260	32.1
149	30.1
114	30.0
345	32.1
29	50.7
77	48.2
153	35.8
103	38.5
330	34.6
124	32.8
172	64.7
265	-4.6
116
84	Georgia	SEC	33	20–13
12–6	107.9
113	99.5
78	.7188
84	48.8
205	45.6
34	19.8
271	15.9
308	35.1
51	29.9
102	54.5
4	43.3
241	47.6
212	44.6
46	34.8
152	31.6
48	27.7
294	34.8
243	64.4
279	-1.7
74
85	Seton Hall	BE	34	17–17
6–12	108.7
100	100.3
90	.7144
85	52.4
49	50.2
195	18.1
150	18.2
177	26.4
312	28.3
39	43.1
97	41.6
201	51.6
52	49.1
187	35.8
103	34.9
205	39.2
42	33.2
184	66.0
205	-5.0
122
86	Middle Tennessee	CUSA	31	22–9
13–3	104.9
178	96.8
49	.7140
86	49.5
170	46.8
64	19.2
240	21.7
19	34.9
57	29.4
83	44.1
74	43.9
254	48.8
162	45.6
63	34.2
173	33.0
96	28.9
267	31.5
119	64.5
275	-1.7
72
87	Richmond	A10	33	19–14
8–8	104.5
182	96.5
45	.7134
87	48.1
234	45.9
40	16.2
48	20.0
59	25.9
320	34.3
298	41.0
155	40.4
173	48.0
196	46.2
84	32.2
272	30.1
9	36.5
82	31.0
104	64.0
297	-2.9
91
88	Southern Miss	CUSA	32	26–6
13–3	108.1
109	99.9
88	.7119
88	50.5
128	50.0
181	20.6
311	23.3
8	38.6
9	29.5
86	52.1
11	45.8
281	50.0
101	49.3
197	34.5
162	33.9
143	30.0
242	44.7
351	64.4
279	+1.5
38
89	Texas Tech	B12	32	14–18
6–12	110.4
71	102.1
128	.7092
89	49.7
160	49.9
177	18.8
208	17.9
206	37.6
19	32.9
249	38.7
225	42.0
210	50.7
77	50.0
223	31.1
309	33.0
96	26.2
328	37.3
311	62.5
334	-3.8
104
90	Purdue	B10	31	14–17
5–13	108.5
103	100.5
95	.7081
90	47.2
267	47.8
101	17.8
129	16.4
286	36.3
30	30.6
134	37.5
254	41.9
206	46.2
268	46.9
113	33.2
220	33.0
96	27.8
291	34.0
213	69.0
60	-3.8
102
91	Princeton	Ivy	28	20–8
8–6	107.2
126	99.6
83	.6990
91	53.4
31	47.8
101	17.0
78	19.0
124	25.1
328	25.5
3	39.0
210	37.9
119	52.7
27	47.4
128	36.1
89	32.4
70	47.8
1	29.1
58	64.7
265	-2.4
83
92	Georgia Tech	ACC	33	16–17
6–12	105.3
165	98.0
64	.6956
92	47.8
246	47.4
87	18.4
177	15.4
325	32.7
126	28.5
42	34.4
310	37.9
119	48.0
196	46.2
84	31.5
298	33.2
106	29.7
250	32.7
166	66.3
186	-4.4
114
93	Belmont	OVC	33	24–9
14–2	113.6
35	105.8
193	.6947
93	58.2
2	52.1
282	18.7
197	20.5
42	27.5
289	33.6
277	42.1
118	44.5
266	57.6
1	52.4
308	39.3
14	34.3
165	41.5
25	35.0
250	69.2
57	-1.9
77
94	Mercer
   14 seed, R32	ASun	31	23–8
14–4	108.4
104	101.0
107	.6943
94	53.9
25	46.5
57	17.8
129	19.2
108	32.6
130	30.1
114	37.3
256	41.6
201	51.3
61	46.8
107	38.8
25	30.6
21	37.2
69	36.3
290	65.4
235	-2.6
88
95	Butler	BE	30	13–17
4–14	105.8
153	98.6
69	.6909
95	47.3
264	50.1
187	15.3
23	17.7
217	30.4
208	28.5
42	37.7
251	31.4
23	47.3
220	51.4
276	31.4
303	31.4
38	32.0
192	30.3
82	63.8
301	-5.6
134
96	Oregon St.	P12	32	16–16
8–10	112.8
45	105.4
184	.6874
96	54.1
21	50.6
214	19.5
258	15.2
332	30.7
197	32.0
212	50.9
17	36.8
97	52.3
34	48.5
167	39.2
16	36.8
282	26.7
316	30.8
100	67.3
129	-3.7
100
97	UC Santa Barbara	BW	28	19–9
12–4	111.0
62	103.8
152	.6841
97	53.1
34	47.0
67	17.6
115	16.0
306	31.1
184	31.5
178	41.9
123	39.3
151	50.5
90	43.5
22	38.7
26	35.2
223	34.3
137	37.4
313	63.8
301	-2.7
89
98	North Carolina Central
   14 seed, R64	MEAC	31	26–5
16–1	106.2
142	99.3
76	.6840
98	50.2
136	43.4
4	17.4
106	24.0
5	35.4
41	32.8
248	50.8
19	45.3
274	50.8
73	42.2
10	32.6
245	30.3
13	29.4
257	36.1
285	64.3
287	-0.5
65
99	Cleveland St.	Horz	31	19–12
12–4	109.2
89	102.2
129	.6835
99	52.7
40	47.8
101	19.3
248	19.3
101	31.9
158	31.5
178	37.5
254	44.3
263	48.8
162	46.6
100	40.2
4	33.4
117	33.9
147	34.9
248	64.4
279	-4.1
108
100	La Salle	A10	31	15–16
7–9	106.3
141	99.5
80	.6815
100	46.4
302	48.1
112	17.5
109	17.6
222	33.1
110	32.5
237	39.1
206	32.1
29	45.3
298	47.5
131	32.5
255	33.1
101	31.2
212	27.4
24	64.7
265	-5.1
123
Rk	Team	Conf	G	Rec	AdjOE	AdjDE	Barthag	Efg%	EfgD%	TOR	TORD	ORB	DRB	FTR	FTRD	2P%	2P%D	3P%	3P%D	3PR	3PRD	Adj T.	WAB
101	UTEP	CUSA	32	21–11
12–4	105.4
160	98.7
70	.6809
101	50.6
120	44.5
16	20.2
285	17.4
233	32.2
146	32.9
249	52.7
9	37.8
115	51.2
64	43.9
27	32.6
245	30.5
16	26.6
320	35.5
264	64.7
265	-2.6
87
102	San Francisco	WCC	31	19–12
13–5	111.6
56	104.5
167	.6799
102	53.1
34	50.5
209	17.3
100	16.7
269	33.0
116	29.4
83	43.9
79	40.2
164	52.7
27	49.1
187	36.0
97	35.3
226	33.6
158	35.8
273	65.8
215	-1.9
76
103	UC Irvine	BW	33	21–12
13–3	102.4
214	95.9
37	.6796
103	51.4
86	42.3
2	19.4
252	14.9
340	32.0
154	29.5
86	36.3
280	39.3
151	50.7
77	39.2
1	35.5
119	33.2
106	29.3
260	29.2
60	64.8
262	-4.2
110
104	Texas A&M	SEC	33	18–15
8–10	101.1
236	95.0
28	.6700
104	48.2
226	45.2
25	17.5
109	20.4
46	27.4
291	31.7
194	38.4
232	40.2
164	48.2
191	46.3
92	32.2
272	28.9
3	33.9
147	36.8
303	63.9
299	-4.9
121
105	Vermont	AE	31	20–11
15–1	106.8
132	100.4
94	.6695
105	52.2
59	45.5
32	18.2
159	20.1
56	33.1
110	27.8
25	46.0
47	40.2
164	49.7
117	44.0
30	39.0
21	32.5
75	28.9
267	32.5
163	64.0
297	-4.0
106
106	Auburn	SEC	30	14–16
6–12	110.1
75	103.6
150	.6682
106	48.9
199	49.8
173	17.9
137	18.8
137	31.7
167	33.1
259	44.1
74	48.7
309	50.0
101	45.4
58	31.0
313	38.7
333	33.5
160	35.0
250	68.0
98	-5.4
131
107	Vanderbilt	SEC	31	15–16
7–11	103.9
190	97.9
60	.6662
107	49.1
192	45.7
36	20.6
311	16.5
284	29.9
228	34.6
307	41.2
148	35.3
65	49.8
113	45.8
73	31.9
285	30.4
15	37.5
65	33.5
197	63.9
299	-4.6
117
108	Boston University	Pat	35	24–11
15–3	107.0
128	100.8
103	.6650
108	52.3
52	49.8
173	17.6
115	20.4
46	28.1
274	29.8
99	29.9
346	31.5
24	50.9
68	48.2
153	36.3
84	35.4
231	39.2
42	33.6
202	66.9
154	-2.5
85
109	Portland	WCC	31	15–16
7–11	109.2
90	103.1
145	.6608
109	50.9
112	49.0
133	17.1
83	16.7
269	32.1
149	29.3
80	39.5
193	43.9
254	47.9
204	46.0
80	39.4
10	36.9
285	27.3
304	32.4
157	67.2
137	-7.6
169
110	Washington	P12	32	17–15
9–9	111.2
59	105.0
179	.6592
110	49.6
165	51.8
267	16.5
57	16.3
294	32.2
146	29.2
77	37.1
262	41.4
194	49.1
146	53.3
327	33.9
185	31.8
53	29.5
253	27.1
19	68.8
68	-3.5
97
111	Buffalo	MAC	28	18–10
13–5	108.9
96	102.9
143	.6574
111	50.2
136	47.1
72	18.5
183	19.2
108	35.1
51	31.4
175	41.8
128	36.3
89	50.0
101	47.6
137	33.7
196	30.6
21	34.5
128	31.2
113	68.2
91	-4.8
120
112	Louisiana
   14 seed, R64	SB	31	20–11
11–7	110.9
64	104.9
176	.6553
112	51.9
70	50.1
187	19.1
236	18.7
146	36.7
27	32.1
218	44.9
59	44.1
260	49.9
107	50.3
237	37.4
55	33.0
96	32.3
186	30.1
78	70.2
31	-3.7
99
113	Wake Forest	ACC	33	17–16
6–12	106.2
145	100.5
96	.6520
113	49.8
155	47.5
90	18.4
177	16.8
260	30.2
217	33.8
283	50.1
21	39.0
147	50.0
101	47.7
142	32.9
229	31.4
38	29.0
266	31.0
104	68.3
87	-2.5
84
114	Indiana St.	MVC	32	21–11
12–6	106.5
139	100.9
105	.6494
114	50.4
130	49.0
133	17.2
91	17.6
222	27.0
300	28.0
32	43.3
93	43.7
250	49.8
113	47.3
123	34.3
172	35.0
210	35.2
110	32.7
166	66.7
164	-1.5
69
115	Wyoming	MWC	31	16–15
9–9	105.2
169	99.7
85	.6477
115	52.7
40	46.2
50	16.9
74	16.6
277	18.1
351	31.6
187	45.6
52	32.8
35	53.0
22	45.6
63	34.9
143	31.6
48	35.0
113	34.1
219	61.1
346	-5.6
133
116	Fresno St.	MWC	32	16–16
9–9	110.2
73	104.9
175	.6391
116	49.5
170	49.7
170	14.0
6	16.4
286	25.5
326	32.0
212	38.3
236	43.3
241	46.6
256	50.6
248	36.1
89	32.0
62	38.5
51	33.1
180	66.9
154	-5.7
136
117	American
   15 seed, R64	Pat	32	20–12
13–5	103.5
196	98.5
68	.6373
117	56.3
6	45.9
40	22.9
343	19.9
64	27.0
300	29.9
102	34.9
302	41.2
187	55.7
7	45.4
58	38.2
38	31.3
33	35.6
96	30.7
95	61.4
344	-5.3
130
118	South Carolina	SEC	34	14–20
5–13	106.5
138	101.6
119	.6337
118	46.5
296	49.2
145	21.3
321	20.0
59	39.4
5	33.9
285	45.7
50	56.9
346	42.6
343	49.4
200	37.8
47	32.6
79	27.8
291	34.6
234	67.2
137	-6.5
153
119	Utah St.	MWC	31	17–14
7–11	109.7
83	104.6
169	.6327
119	51.3
94	47.6
93	17.2
91	12.4
350	32.3
139	26.7
10	33.7
321	33.6
46	46.8
247	48.2
153	40.9
2	31.1
30	30.9
225	33.1
180	63.8
301	-5.2
128
120	Delaware
   13 seed, R64	CAA	34	25–9
14–2	110.9
65	105.9
197	.6281
120	50.6
120	49.1
139	13.5
4	16.7
269	29.5
240	32.7
242	43.2
96	37.8
115	49.9
107	49.5
204	34.5
162	32.1
63	34.4
132	31.6
122	72.4
8	-1.2
68
121	Toledo	MAC	33	26–7
14–4	114.5
28	109.5
264	.6258
121	51.0
109	52.6
298	14.7
12	19.5
86	35.2
48	31.7
194	43.8
81	35.1
63	50.6
84	52.0
297	34.6
159	35.8
253	28.3
282	33.4
190	68.7
73	+0.39
56
122	Davidson	SC	32	19–13
15–1	112.6
47	107.8
234	.6219
122	54.7
14	51.7
264	16.6
63	17.7
217	29.1
250	28.6
45	38.4
232	45.5
277	53.5
17	51.0
261	37.8
47	36.0
260	39.0
47	25.8
9	67.9
102	-5.2
126
123	Eastern Michigan	MAC	33	19–14
10–8	98.0
286	93.9
20	.6192
123	44.2
342	43.4
4	18.0
142	22.6
11	30.9
193	37.3
347	43.6
87	40.2
164	43.9
330	40.9
3	29.9
333	31.5
45	31.0
221	38.7
324	64.9
258	-5.9
140
124	Ohio	MAC	34	23–11
11–7	105.9
149	101.6
120	.6179
124	52.2
59	46.2
50	19.2
240	18.4
164	28.6
264	30.2
118	34.7
305	42.1
211	52.1
39	45.9
77	34.9
143	31.2
31	38.5
51	30.9
102	65.9
210	-4.0
107
125	Columbia	Ivy	31	19–12
8–6	105.7
154	101.5
116	.6146
125	52.0
66	47.2
78	19.2
240	16.7
269	27.2
295	25.7
4	44.7
65	41.7
204	48.8
162	45.6
63	37.6
52	34.6
187	41.8
21	26.7
16	61.7
341	-5.4
132
Rk	Team	Conf	G	Rec	AdjOE	AdjDE	Barthag	Efg%	EfgD%	TOR	TORD	ORB	DRB	FTR	FTRD	2P%	2P%D	3P%	3P%D	3PR	3PRD	Adj T.	WAB
126	Rhode Island	A10	31	14–17
5–11	103.1
203	99.1
74	.6108
126	48.6
216	46.9
66	20.8
314	17.4
233	32.9
118	31.3
168	46.2
45	43.0
230	49.2
144	48.5
167	31.5
298	28.6
2	27.7
294	28.0
34	66.4
179	-6.1
145
127	Northwestern	B10	33	14–19
6–12	98.4
280	94.7
26	.6081
127	46.1
314	45.9
40	17.3
100	16.4
286	22.5
348	30.6
134	35.5
298	38.0
121	46.1
270	45.3
55	30.6
319	31.5
45	42.2
18	30.3
82	62.0
340	-4.2
109
128	San Diego	WCC	31	15–16
7–11	105.4
163	101.5
114	.6066
128	50.9
112	49.2
145	18.6
191	17.6
222	28.5
270	30.7
139	41.6
134	37.1
104	47.3
220	48.0
152	38.6
29	34.4
171	33.8
152	33.3
187	63.3
318	-7.4
161
129	Akron	MAC	34	21–13
12–6	104.9
179	101.2
111	.6012
129	50.3
133	47.9
107	19.8
271	19.5
86	34.8
59	32.4
232	40.4
169	36.1
83	49.3
140	47.1
119	34.6
159	33.5
121	37.2
69	27.7
29	65.7
219	-4.6
118
130	Boston College	ACC	31	7–24
4–14	114.3
31	110.4
274	.5977
130	52.1
64	52.1
282	17.4
106	15.0
338	27.1
297	35.1
315	44.5
69	41.5
198	51.7
48	50.3
237	35.1
131	37.9
317	43.8
12	27.4
24	63.2
320	-10.0
222
131	George Mason	A10	31	11–20
4–12	105.3
166	101.9
125	.5931
131	48.4
222	50.1
187	19.8
271	17.8
211	31.7
167	29.9
102	40.1
177	47.3
294	47.0
237	50.0
223	35.2
126	33.5
121	25.3
333	33.5
197	66.9
154	-9.3
204
132	Canisius	MAAC	33	21–12
14–6	111.6
55	108.2
242	.5896
132	52.7
40	50.9
227	16.5
57	19.6
81	31.8
161	36.3
339	38.0
245	35.3
65	49.9
107	51.4
276	38.6
29	33.4
117	35.7
94	35.3
259	67.0
149	-3.9
105
133	Eastern Kentucky
   15 seed, R64	OVC	31	22–9
11–5	111.0
61	107.7
232	.5855
133	57.0
4	55.5
341	16.0
40	24.2
4	23.0
346	33.4
269	43.7
84	55.3
343	56.2
2	56.1
346	38.6
29	36.3
267	43.9
10	36.2
287	66.1
198	-3.2
94
134	Drexel	CAA	30	16–14
8–8	104.5
184	101.5
115	.5827
134	46.6
292	47.2
78	12.9
3	17.1
245	28.9
259	29.7
94	39.2
204	46.6
288	46.4
263	47.6
137	31.4
303	30.8
27	28.8
269	30.5
90	64.1
293	-6.3
149
135	Hawaii	BW	29	18–11
9–7	109.9
79	106.7
218	.5820
135	51.3
94	51.0
231	16.8
69	19.2
108	37.3
21	31.6
187	42.4
105	40.4
173	51.9
44	50.8
254	33.2
220	34.2
159	28.7
270	33.3
187	69.0
60	-6.2
147
136	Western Michigan
   14 seed, R64	MAC	31	22–9
14–4	105.0
173	102.1
127	.5803
136	52.4
49	47.3
82	20.9
316	18.5
157	31.4
175	31.6
187	51.7
15	34.9
60	54.1
10	47.6
137	33.0
225	31.2
31	35.0
113	38.6
323	67.0
149	-2.8
90
137	Purdue Fort Wayne	Sum	32	22–10
10–4	109.6
85	106.7
217	.5777
137	55.4
9	51.6
260	19.1
236	17.9
206	32.3
139	27.9
28	42.4
105	31.5
24	53.5
17	51.5
282	39.1
18	34.5
176	37.2
69	31.7
132	67.3
129	-4.2
111
138	Colorado St.	MWC	30	14–16
7–11	109.8
81	107.1
223	.5720
138	46.2
311	51.5
254	14.1
7	16.8
260	34.7
66	27.7
21	47.6
39	37.4
111	45.7
282	48.4
164	31.6
290	38.2
322	29.1
264	35.2
257	66.8
158	-7.7
172
139	Holy Cross	Pat	33	20–13
12–6	103.9
191	101.7
121	.5610
139	49.0
195	49.6
166	18.2
159	18.7
146	30.1
220	27.6
19	39.7
189	30.0
12	46.8
247	46.9
113	35.4
122	37.0
288	34.0
144	31.6
122	64.8
262	-6.3
148
140	Houston	Amer	33	17–16
8–10	109.6
86	107.3
226	.5602
140	51.2
103	50.1
187	18.9
218	16.4
286	31.6
171	34.0
288	38.2
238	34.6
58	49.5
128	49.0
184	36.7
75	34.9
205	31.5
206	30.9
102	67.3
129	-4.4
112
141	Illinois St.	MVC	31	16–15
9–9	101.9
222	99.9
87	.5580
141	47.5
258	49.1
139	18.0
142	20.3
50	27.0
300	31.3
168	41.4
142	42.1
211	47.5
215	46.3
92	31.6
290	35.9
256	41.9
19	36.7
298	68.7
73	-6.9
156
142	Denver	Sum	30	15–15
8–6	109.4
87	107.4
228	.5530
142	54.3
19	52.6
298	16.6
63	21.0
32	24.8
334	33.4
269	34.7
305	49.2
315	51.8
45	53.4
330	38.4
36	33.8
138	42.9
17	28.2
40	59.4
350	-7.5
165
143	Wright St.	Horz	33	19–14
10–6	99.5
270	97.9
61	.5461
143	51.7
75	48.7
125	20.4
299	23.7
7	23.4
345	29.9
102	43.6
87	45.3
274	49.9
107	48.4
164	36.8
72	32.8
88	34.3
137	33.4
190	65.1
248	-8.0
178
144	UAB	CUSA	29	16–13
7–9	104.3
187	102.6
137	.5458
144	45.3
329	46.7
62	18.5
183	15.3
327	39.8
4	29.7
94	41.6
134	30.9
17	45.5
291	46.2
84	30.0
330	31.9
57	26.7
316	32.3
148	68.6
76	-6.5
152
145	Nevada	MWC	32	15–17
10–8	109.0
93	107.4
227	.5448
145	49.2
188	50.0
181	15.5
26	15.9
308	31.1
184	31.7
194	38.1
242	40.5
175	48.5
177	49.9
221	33.8
192	33.5
121	34.6
124	36.7
298	65.5
225	-7.4
163
146	Pacific	WCC	30	15–15
6–12	108.9
97	107.2
224	.5440
146	49.8
155	52.8
303	18.2
159	17.4
233	32.0
154	28.1
36	40.9
157	53.8
338	47.6
212	48.9
182	36.1
89	39.4
344	32.7
173	38.3
319	67.3
129	-6.0
143
147	Temple	Amer	31	9–22
4–14	110.0
78	108.6
250	.5375
147	48.0
239	52.6
298	15.1
21	15.9
308	32.3
139	33.9
285	31.7
340	37.2
105	46.8
247	52.1
301	33.8
192	35.9
256	30.7
231	29.0
55	68.2
91	-10.4
235
148	Murray St.	OVC	28	17–11
13–3	107.9
116	106.5
213	.5357
148	53.2
33	50.4
204	18.4
177	16.8
260	33.9
89	32.0
212	48.1
33	36.8
97	51.7
48	51.0
261	37.4
55	32.6
79	35.5
101	28.7
46	67.1
144	-5.8
138
149	Towson	CAA	33	23–10
13–3	108.0
112	106.7
216	.5348
149	50.2
136	45.3
28	17.3
100	13.1
348	35.3
47	31.2
160	54.0
5	39.4
153	49.0
152	45.1
53	35.2
126	30.5
16	31.9
193	31.6
122	65.5
225	-3.3
95
150	USC	P12	31	10–21
2–16	102.9
205	101.7
122	.5328
150	47.8
246	48.9
128	19.6
261	15.7
320	30.6
201	32.2
222	42.3
112	38.7
139	49.7
117	49.2
192	28.5
342	32.1
63	27.4
303	34.1
219	70.3
28	-8.6
188
Rk	Team	Conf	G	Rec	AdjOE	AdjDE	Barthag	Efg%	EfgD%	TOR	TORD	ORB	DRB	FTR	FTRD	2P%	2P%D	3P%	3P%D	3PR	3PRD	Adj T.	WAB
151	Arkansas St.	SB	30	17–13
10–8	105.9
152	104.7
172	.5302
151	52.3
52	48.4
119	17.7
127	18.2
177	26.9
305	31.5
178	42.4
105	36.1
83	48.3
183	48.3
158	38.6
29	32.5
75	41.1
28	32.3
148	68.5
79	-7.2
157
152	Quinnipiac	MAAC	32	20–12
14–6	110.3
72	109.2
257	.5280
152	46.8
281	48.0
109	17.6
115	12.0
351	41.9
2	27.2
13	48.1
33	36.2
87	44.6
322	46.5
95	35.7
108	34.7
193	24.6
337	28.2
40	69.9
38	-4.7
119
153	Duquesne	A10	30	13–17
5–11	110.1
76	109.0
253	.5276
153	50.6
120	53.3
314	16.2
48	17.6
222	29.9
228	28.9
59	42.2
116	33.6
46	48.5
177	49.6
207	36.3
84	39.3
342	35.3
107	39.2
331	68.5
79	-7.9
175
154	Virginia Tech	ACC	31	9–22
2–16	100.4
246	99.4
77	.5272
154	47.1
271	47.0
67	19.7
266	13.0
349	31.7
167	29.5
86	38.1
242	33.5
44	43.1
340	45.6
63	36.1
89	32.6
79	36.4
85	40.5
342	64.5
275	-10.0
226
155	Missouri St.	MVC	32	19–13
9–9	105.9
151	104.9
177	.5260
155	49.6
165	51.1
235	17.0
78	18.1
186	27.1
297	28.6
45	40.9
157	42.9
225	47.1
234	50.2
235	35.9
98	35.1
215	36.5
82	36.7
298	65.2
245	-3.2
93
156	UCF	Amer	29	11–18
4–14	106.7
134	105.8
194	.5242
156	49.0
195	51.9
274	20.0
277	17.2
243	38.1
12	33.1
259	38.2
238	36.6
94	49.1
146	51.0
261	32.6
245	36.0
260	34.9
119	29.4
63	67.9
102	-7.6
171
157	Nebraska Omaha	Sum	28	14–14
5–9	105.1
171	104.3
163	.5231
157	49.9
148	51.4
251	17.1
83	20.7
38	28.7
263	31.3
168	39.9
182	37.2
105	49.6
124	51.3
274	33.7
196	34.5
176	33.4
162	29.5
67	74.2
4	-7.9
176
158	South Dakota St.	Sum	29	16–13
10–4	105.3
164	104.5
166	.5231
158	49.6
165	51.3
246	17.9
137	16.3
294	30.4
208	22.1
1	43.7
84	38.4
132	48.9
154	50.3
237	33.9
185	35.5
237	35.4
102	32.3
148	67.5
117	-5.7
135
159	Long Beach St.	BW	30	13–17
10–6	103.5
197	102.7
140	.5205
159	48.6
216	49.8
173	18.2
159	18.7
146	34.5
69	33.5
274	30.8
343	37.2
105	49.1
146	50.0
223	31.6
290	32.9
92	31.8
197	35.3
259	66.5
174	-7.8
174
160	Pepperdine	WCC	30	14–16
8–10	107.6
121	106.8
220	.5204
160	51.1
105	50.0
181	18.1
150	15.1
333	30.9
193	32.4
232	39.0
210	38.3
128	49.5
128	47.5
131	36.2
87	36.7
280	32.5
180	32.2
146	66.9
154	-7.4
162
161	William & Mary	CAA	30	19–11
10–6	112.6
46	111.9
305	.5201
161	56.2
7	52.2
286	16.1
43	15.8
316	24.3
339	30.8
143	39.6
190	29.3
6	53.0
22	50.5
244	40.4
3	37.1
293	41.5
25	33.5
197	65.1
248	-5.2
125
162	Bucknell	Pat	30	16–14
11–7	102.9
206	102.2
130	.5191
162	48.9
199	47.9
107	16.8
69	14.4
346	29.0
254	24.4
2	31.7
340	31.8
26	44.6
322	46.5
95	39.0
21	33.9
143	30.9
225	32.7
166	64.7
265	-7.8
173
163	Stony Brook	AE	33	22–11
13–3	104.7
181	104.2
161	.5148
163	50.0
143	48.1
112	18.7
197	19.0
124	34.0
85	26.9
11	38.4
232	42.1
211	48.8
162	47.3
123	35.4
122	32.9
92	27.2
306	40.1
338	66.1
198	-5.1
124
164	Southern Illinois	MVC	32	13–19
9–9	105.9
150	105.4
186	.5113
164	49.4
174	50.5
209	18.9
218	19.8
70	33.8
90	31.2
160	42.4
105	42.2
217	49.4
135	50.5
244	33.0
225	33.7
129	26.6
320	39.8
334	63.4
314	-10.9
248
165	Colgate	Pat	30	12–18
6–12	108.7
99	108.3
246	.5089
165	56.4
5	50.6
214	18.1
150	16.2
300	23.6
344	28.6
45	28.1
350	34.8
59	54.0
12	50.6
248	40.1
5	33.8
138	40.1
32	33.6
202	64.3
287	-12.0
255
166	Charlotte	CUSA	31	17–14
7–9	102.9
204	102.6
138	.5082
166	49.7
160	49.2
145	21.0
318	17.4
233	33.8
90	29.7
94	39.5
193	36.1
83	48.2
191	49.2
192	35.6
112	32.8
88	29.5
253	34.6
234	69.6
46	-6.8
155
167	Santa Clara	WCC	31	12–19
6–12	106.6
136	106.5
212	.5016
167	48.6
216	50.8
223	15.5
26	18.0
197	29.0
254	33.4
269	36.9
269	46.6
288	45.3
298	49.9
221	36.4
82	35.8
253	35.9
88	24.2
5	65.5
225	-9.9
221
168	Milwaukee
   15 seed, R64	Horz	33	20–13
7–9	104.5
183	104.5
165	.5007
168	49.6
165	49.2
145	20.0
277	18.5
157	28.6
264	31.1
155	45.5
53	36.9
99	49.8
113	50.0
223	33.0
225	31.6
48	40.7
29	32.4
157	67.8
107	-5.9
141
169	Western Kentucky	SB	31	19–12
12–6	101.0
238	101.1
110	.4962
169	47.6
252	48.5
121	20.2
285	18.9
131	34.3
74	28.1
36	41.9
123	43.1
233	45.8
277	46.8
107	33.5
205	35.0
210	39.7
38	29.9
72	66.0
205	-5.3
129
170	Brown	Ivy	28	14–14
7–7	100.0
257	100.2
89	.4946
170	48.2
226	44.6
18	18.7
197	16.7
269	30.5
205	27.8
25	35.6
297	37.3
109	44.7
317	44.1
34	37.7
51	30.6
21	29.6
251	31.0
104	70.3
28	-7.5
164
171	DePaul	BE	33	12–21
3–15	105.6
156	106.0
198	.4900
171	47.6
252	53.9
325	19.7
266	19.1
120	33.8
90	32.0
212	42.0
121	46.7
290	46.3
265	52.9
321	33.6
201	37.4
305	31.4
209	31.7
132	67.6
112	-7.6
168
172	Drake	MVC	30	14–16
6–12	105.0
175	105.5
189	.4862
172	52.1
64	51.2
239	18.8
208	16.9
256	26.8
307	27.1
12	38.2
238	38.6
137	47.4
218	50.9
258	39.7
6	34.5
176	38.1
57	36.5
294	64.7
265	-8.2
183
173	Valparaiso	Horz	31	15–16
9–7	103.3
200	103.9
155	.4835
173	51.4
86	46.1
48	22.6
342	16.1
302	32.7
126	31.1
155	45.8
49	43.9
254	50.7
77	43.8
26	35.0
137	34.1
152	36.0
86	32.4
157	65.4
235	-8.5
185
174	Old Dominion	CUSA	34	17–17
9–7	99.8
262	100.4
91	.4832
174	47.6
252	47.8
101	20.4
299	19.8
70	33.1
110	30.6
134	39.9
182	43.6
248	46.9
241	44.9
50	32.8
239	35.8
253	30.0
242	32.3
148	64.2
291	-9.0
198
175	USC Upstate	ASun	32	17–15
11–7	104.2
188	104.9
174	.4827
175	50.5
128	47.6
93	18.3
169	18.0
197	34.5
69	30.8
143	38.9
215	38.6
137	52.0
41	45.1
53	31.8
288	34.2
159	34.5
128	40.5
342	65.8
215	-8.2
182
Rk	Team	Conf	G	Rec	AdjOE	AdjDE	Barthag	Efg%	EfgD%	TOR	TORD	ORB	DRB	FTR	FTRD	2P%	2P%D	3P%	3P%D	3PR	3PRD	Adj T.	WAB
176	Youngstown St.	Horz	29	12–17
6–10	107.5
122	108.2
244	.4816
176	52.2
59	52.2
286	16.1
43	18.6
153	25.0
329	30.5
128	40.0
179	41.2
187	52.3
34	51.7
288	34.7
154	35.5
237	39.1
45	32.9
174	68.0
98	-10.2
230
177	Oral Roberts	Slnd	31	15–16
10–8	107.7
120	108.4
248	.4810
177	50.4
130	48.8
127	17.0
78	16.3
294	32.9
118	30.8
143	41.9
123	42.8
224	49.4
135	46.1
82	35.8
103	37.3
300	24.3
339	28.0
34	64.9
258	-8.8
195
178	Cal Poly
   16 seed, R64	BW	31	12–19
6–10	103.6
195	104.3
164	.4803
178	46.8
281	49.2
145	14.8
14	18.0
197	31.0
189	33.2
264	33.3
328	42.9
225	44.7
317	48.5
167	33.7
196	33.9
143	34.9
119	30.8
100	60.3
347	-10.6
241
179	Charleston	CAA	31	13–18
6–10	98.9
274	99.6
81	.4789
179	47.3
264	45.5
32	20.3
291	15.1
333	34.8
59	27.9
28	34.4
310	43.1
233	44.9
311	43.4
18	34.5
162	34.2
159	35.7
94	27.3
22	62.6
332	-11.5
250
180	Loyola Marymount	WCC	31	12–19
4–14	105.4
161	106.3
207	.4763
180	47.1
271	52.0
279	17.3
100	19.7
75	32.4
136	36.2
337	36.4
278	43.1
233	48.0
196	50.8
254	29.8
334	36.5
276	25.1
336	29.1
58	70.0
37	-9.3
201
181	Siena	MAAC	33	16–17
11–9	101.4
229	102.4
134	.4709
181	45.9
318	47.1
72	20.3
291	18.6
153	38.5
10	35.1
315	41.9
123	51.5
328	45.0
306	45.7
69	32.5
255	33.5
121	23.3
344	31.2
113	66.5
174	-9.6
212
182	Robert Morris	NEC	35	22–13
14–2	105.6
158	106.8
219	.4672
182	50.6
120	51.8
267	16.9
74	19.2
108	30.8
196	31.7
194	37.3
256	38.2
125	46.6
256	52.7
313	38.9
23	33.6
126	34.3
137	38.9
326	66.1
198	-6.1
146
183	Rutgers	Amer	32	11–21
5–13	105.2
168	106.5
211	.4644
183	47.0
276	51.4
251	18.2
159	17.8
211	32.5
134	32.9
249	36.6
275	45.0
271	46.0
273	49.1
187	32.9
229	37.4
305	30.6
233	33.6
202	68.5
79	-9.9
220
184	Weber St.
   16 seed, R64	BSky	28	17–11
14–6	105.2
167	106.6
215	.4618
184	54.8
13	47.4
87	19.1
236	13.6
347	28.0
279	28.7
54	50.0
22	35.1
63	52.2
37	46.7
104	39.4
10	33.1
101	37.3
68	22.4
1	64.4
279	-6.8
154
185	Yale	Ivy	28	15–13
9–5	101.3
232	102.8
141	.4559
185	45.8
319	50.2
195	19.6
261	19.2
108	34.1
79	27.7
21	53.0
8	42.1
211	45.8
277	47.9
148	30.5
321	36.4
270	31.0
221	34.6
234	65.4
235	-5.9
139
186	Albany
   16 seed, R64	AE	33	19–14
9–7	102.3
216	103.9
157	.4559
186	49.0
195	48.2
116	19.9
275	18.3
170	32.2
146	28.6
45	42.4
105	28.8
5	47.2
228	45.6
63	36.1
89	35.1
215	26.2
328	36.9
306	63.1
323	-8.5
186
187	Washington St.	P12	30	9–21
3–15	100.7
241	102.4
133	.4527
187	46.9
280	51.5
254	18.0
142	17.5
230	27.7
284	27.9
28	37.2
258	44.7
269	45.2
302	49.6
207	32.7
242	36.9
285	43.3
16	32.3
148	62.3
337	-9.3
202
188	Elon	SC	29	16–13
11–5	104.4
186	106.2
204	.4504
188	52.3
52	49.0
133	17.6
115	16.8
260	26.9
305	31.8
203	35.8
291	40.6
179	50.9
68	48.6
174	36.3
84	33.3
112	38.4
53	28.5
44	66.4
179	-7.6
170
189	Southern	SWAC	29	16–13
15–3	97.1
295	98.9
71	.4501
189	49.3
182	42.8
3	20.5
306	18.3
170	32.0
154	30.1
114	39.3
200	53.7
337	48.2
191	41.4
4	34.6
159	30.5
16	30.6
233	31.8
136	67.6
112	-7.2
158
190	Oakland	Horz	31	11–20
7–9	109.2
91	111.2
291	.4479
190	50.2
136	57.1
349	16.1
43	19.7
75	25.0
329	30.4
123	37.7
251	42.9
225	47.0
237	55.8
345	36.6
79	39.3
342	40.4
30	39.8
334	68.6
76	-10.5
239
191	Morehead St.	OVC	32	18–14
10–6	101.9
223	103.9
154	.4459
191	49.3
182	51.0
231	22.1
334	20.6
39	38.1
12	27.5
18	53.2
7	52.3
330	51.1
65	50.6
248	30.4
323	34.6
187	32.7
173	33.0
177	69.6
46	-6.3
150
192	Mississippi St.	SEC	33	14–19
3–15	100.2
247	102.3
132	.4419
192	48.5
219	51.1
235	20.2
285	20.3
50	28.6
264	31.5
178	43.3
93	33.0
40	49.5
128	52.3
304	30.7
317	32.6
79	28.3
282	35.9
277	68.4
83	-8.9
197
193	Sam Houston St.	Slnd	32	22–10
13–5	105.0
176	107.3
225	.4373
193	51.7
75	49.9
177	19.0
230	20.5
42	33.8
90	32.1
218	52.6
10	50.2
322	49.0
152	49.1
187	38.0
42	34.5
176	33.5
160	29.8
70	66.0
205	-5.2
127
194	Florida Gulf Coast	ASun	33	20–13
14–4	98.7
275	100.9
104	.4368
194	51.1
105	47.7
97	19.2
240	18.6
153	30.0
224	28.6
45	36.0
288	35.4
70	52.5
32	45.8
73	31.9
285	34.2
159	30.7
231	34.7
237	67.7
109	-7.3
160
195	Evansville	MVC	31	12–19
6–12	103.8
192	106.2
203	.4356
195	49.8
155	51.1
235	19.2
240	18.1
186	26.5
310	32.3
228	49.1
28	37.7
114	48.9
154	49.7
213	35.3
125	35.7
248	23.9
342	35.5
264	67.4
122	-10.5
236
196	Kent St.	MAC	31	15–16
7–11	103.6
194	106.3
208	.4277
196	49.4
174	48.9
128	18.3
169	19.6
81	30.4
208	31.5
178	37.0
267	47.6
298	47.3
220	47.6
137	35.1
131	34.5
176	37.8
63	32.2
146	66.6
170	-10.0
223
197	Detroit Mercy	Horz	30	11–19
6–10	100.7
242	103.3
148	.4253
197	45.8
319	50.1
187	18.5
183	19.5
86	32.6
130	30.5
128	38.5
230	50.3
324	45.7
282	47.9
148	30.8
314	36.1
262	31.5
206	34.9
248	68.0
98	-11.7
252
198	Fordham	A10	31	10–21
2–14	108.2
106	111.1
288	.4242
198	45.0
335	52.5
293	16.4
54	18.0
197	35.4
41	35.6
325	33.4
327	42.3
218	44.5
326	51.9
296	30.6
319	35.7
248	37.0
74	35.0
250	69.3
55	-10.2
229
199	Bryant	NEC	31	17–14
10–6	105.5
159	108.4
249	.4231
199	52.5
47	50.0
181	18.1
150	18.0
197	29.0
254	34.0
288	37.1
262	32.8
35	53.8
15	47.5
131	33.2
220	36.4
270	33.8
152	35.6
267	67.6
112	-8.1
180
200	Northwestern St.	Slnd	29	15–14
12–6	107.0
129	110.2
270	.4173
200	51.3
94	52.1
282	17.0
78	20.0
59	32.6
130	36.1
333	39.8
185	42.9
225	51.4
58	51.0
261	34.0
180	36.2
265	26.5
322	32.6
164	75.8
1	-7.2
159
Rk	Team	Conf	G	Rec	AdjOE	AdjDE	Barthag	Efg%	EfgD%	TOR	TORD	ORB	DRB	FTR	FTRD	2P%	2P%D	3P%	3P%D	3PR	3PRD	Adj T.	WAB
201	South Florida	Amer	32	12–20
3–15	101.0
239	104.1
160	.4139
201	46.2
311	49.7
170	19.2
240	17.5
230	31.6
171	31.8
203	43.8
81	33.9
50	48.3
183	47.3
123	25.8
351	37.0
288	21.7
348	30.0
76	65.9
210	-9.5
210
202	Wofford
   15 seed, R64	SC	29	17–12
11–5	100.1
253	103.2
147	.4133
202	49.2
188	49.3
152	16.4
54	19.7
75	31.2
180	29.1
69	33.9
316	40.0
159	47.3
220	49.6
207	35.9
98	32.5
75	29.5
253	28.0
34	62.2
338	-6.4
151
203	TCU	B12	30	8–22
0–18	99.6
266	102.7
139	.4129
203	44.6
340	50.3
200	17.6
115	18.9
131	24.6
336	39.0
351	44.8
61	35.4
70	43.3
338	49.8
217	31.9
285	34.3
165	28.4
275	33.1
180	65.9
210	-8.8
194
204	East Carolina	CUSA	30	13–17
5–11	107.1
127	110.6
280	.4084
204	51.3
94	51.9
274	18.3
169	18.1
186	29.3
243	35.4
321	41.6
134	31.9
28	48.3
183	54.1
334	36.7
75	31.9
57	43.7
13	34.5
231	65.5
225	-9.8
218
205	Charleston Southern	BSth	27	9–18
6–10	106.1
148	109.6
266	.4066
205	51.3
94	51.9
274	16.1
43	16.9
256	29.9
228	29.6
92	34.8
303	38.3
128	48.3
183	47.4
128	37.0
67	40.2
347	41.7
23	34.8
243	67.5
117	-12.6
269
206	South Alabama	SB	28	8–20
5–13	102.5
209	106.1
201	.4016
206	46.3
306	49.1
139	18.5
183	16.4
286	31.6
171	31.4
175	36.4
278	40.8
182	43.8
333	47.7
142	33.3
216	34.8
200	41.8
21	30.6
93	66.1
198	-13.2
276
207	St. Francis NY	NEC	31	17–14
9–7	97.8
288	101.3
113	.4004
207	48.2
226	45.9
40	19.4
252	18.2
177	33.2
107	29.1
69	36.1
285	43.7
250	48.7
169	44.2
39	31.5
298	33.8
138	33.7
156	26.5
15	67.0
149	-8.6
187
208	VMI	BSth	28	16–12
11–5	106.6
137	110.4
275	.3995
208	49.4
174	49.2
145	13.6
5	15.8
316	32.5
134	33.6
277	33.7
321	37.2
105	50.9
68	48.2
153	31.3
307	34.5
176	39.5
39	27.2
20	75.2
2	-7.9
177
209	Bradley	MVC	32	12–20
7–11	99.9
260	103.5
149	.3989
209	46.4
302	50.0
181	18.7
197	20.2
52	32.3
139	31.1
155	36.5
277	43.4
245	45.7
282	50.7
252	32.2
272	32.6
79	27.8
291	39.1
330	64.5
275	-12.5
264
210	Northeastern	CAA	32	11–21
7–9	100.8
240	104.6
170	.3939
210	48.0
239	50.8
223	20.0
277	17.1
245	32.7
126	29.7
94	44.4
71	33.4
43	47.7
210	48.7
176	32.4
263	37.1
293	28.4
275	30.5
90	65.1
248	-13.5
279
211	Wagner	NEC	29	17–12
12–4	97.2
293	101.0
106	.3927
211	46.2
311	44.3
12	18.1
150	18.9
131	34.4
73	31.7
194	37.0
267	44.2
261	44.9
311	43.9
27	33.1
223	30.1
9	27.3
304	32.9
174	68.3
87	-7.5
166
212	Miami OH	MAC	30	13–17
8–10	98.7
276	102.5
136	.3916
212	48.3
224	53.8
323	20.2
285	21.7
19	24.5
337	29.5
86	34.8
303	33.3
42	49.7
117	52.4
308	30.0
330	37.3
300	29.9
244	40.7
344	66.8
158	-10.0
225
213	UNC Asheville	BSth	29	14–15
10–6	106.7
135	110.9
285	.3906
213	51.4
86	51.2
239	19.3
248	16.8
260	33.6
95	34.2
293	43.4
90	41.3
191	48.7
169	49.2
192	38.1
39	36.9
285	32.3
186	31.6
122	70.3
28	-9.7
215
214	Mount St. Mary's
   16 seed, R68	NEC	33	16–17
9–7	107.3
125	111.7
302	.3850
214	51.5
84	53.5
319	16.7
66	18.8
137	27.8
283	33.0
254	36.7
272	34.5
56	50.2
97	54.6
341	35.5
119	33.4
117	43.4
15	23.9
3	69.9
38	-9.4
207
215	Montana	BSky	28	15–13
12–8	106.9
130	111.4
295	.3838
215	54.7
14	52.8
303	15.9
33	18.4
164	24.7
335	34.5
300	42.3
112	45.6
279	54.1
10	52.4
308	37.0
67	35.7
248	40.0
34	29.3
62	61.6
342	-8.7
192
216	North Texas	CUSA	30	14–16
6–10	99.8
263	104.1
159	.3812
216	46.5
296	48.9
128	18.1
150	17.6
222	29.2
245	30.5
128	41.3
145	42.5
220	44.8
313	47.0
117	34.2
173	35.5
237	26.3
327	30.4
87	69.1
59	-9.3
205
217	Northern Illinois	MAC	31	14–17
8–10	93.9
333	98.0
62	.3800
217	42.6
350	46.7
62	22.9
343	20.8
36	35.9
35	31.0
151	50.6
20	47.1
292	43.2
339	47.3
123	27.6
348	30.5
16	30.3
236	38.3
319	63.2
320	-10.5
237
218	Eastern Washington	BSky	29	13–16
10–10	105.6
155	110.3
272	.3782
218	51.9
70	50.4
204	17.5
109	14.8
343	29.9
228	30.2
118	40.4
169	41.9
206	49.5
128	49.4
200	37.2
61	35.0
210	37.9
62	31.1
109	71.0
17	-10.6
240
219	Utah Valley	WAC	30	18–12
13–3	101.3
231	105.9
195	.3755
219	48.8
205	49.5
161	17.2
91	15.8
316	27.7
284	28.8
56	38.7
225	35.4
70	48.0
196	49.6
207	33.5
205	32.8
88	35.9
88	33.0
177	62.8
328	-5.8
137
220	UT Arlington	SB	29	13–16
9–9	105.0
174	109.8
268	.3749
220	49.9
148	51.6
260	18.9
218	17.1
245	31.3
178	31.8
203	43.3
93	42.7
222	48.8
162	48.4
164	34.4
168	37.6
310	39.5
39	39.8
334	69.7
41	-9.1
199
221	Radford	BSth	31	19–12
10–6	106.8
131	111.8
303	.3724
221	52.2
59	52.3
288	15.9
33	17.6
222	31.9
158	31.4
175	40.2
174	38.8
144	51.7
48	50.2
235	35.6
112	38.4
328	29.8
249	28.1
38	67.9
102	-8.0
179
222	Marshall	CUSA	31	9–22
4–12	100.2
249	105.1
180	.3675
222	46.6
292	50.3
200	18.9
218	19.5
86	32.8
121	34.5
300	42.4
105	43.5
247	48.0
196	51.1
268	29.1
341	32.4
70	34.0
144	31.9
138	69.0
60	-15.0
298
223	Army	Pat	30	14–16
10–8	104.9
177	110.0
269	.3674
223	51.1
105	52.4
291	18.9
218	19.9
64	32.0
154	33.5
274	32.6
333	35.3
65	51.4
58	49.7
213	33.8
192	39.0
337	38.4
53	30.4
87	68.9
66	-10.5
238
224	Loyola Chicago	MVC	31	9–22
4–14	102.4
210	107.5
229	.3635
224	51.9
70	51.2
239	20.7
313	18.1
186	26.8
307	31.5
178	38.0
245	42.1
211	51.6
52	51.0
261	35.0
137	34.5
176	34.1
142	33.0
177	63.8
301	-15.3
305
225	Northern Colorado	BSky	30	16–14
11–9	107.9
115	113.3
325	.3635
225	53.9
25	54.1
329	17.2
91	19.0
124	33.4
101	30.9
148	37.6
253	40.7
180	52.7
27	52.7
313	37.9
45	37.9
317	28.3
282	33.7
206	64.4
279	-8.7
191
Rk	Team	Conf	G	Rec	AdjOE	AdjDE	Barthag	Efg%	EfgD%	TOR	TORD	ORB	DRB	FTR	FTRD	2P%	2P%D	3P%	3P%D	3PR	3PRD	Adj T.	WAB
226	Bowling Green	MAC	31	11–20
6–12	92.2
341	96.8
48	.3620
226	45.5
326	47.3
82	22.1
334	20.5
42	30.4
208	31.2
160	36.3
280	38.5
135	46.4
263	44.3
42	28.3
343	35.6
244	23.9
342	32.0
139	66.6
170	-12.5
268
227	Rider	MAAC	31	14–17
9–11	106.2
143	111.7
300	.3595
227	50.6
120	53.9
325	19.0
230	19.2
108	31.2
180	31.6
187	45.7
50	43.8
252	45.7
282	51.7
288	39.7
6	38.5
330	35.0
113	35.8
273	67.1
144	-10.3
234
228	Gardner Webb	BSth	30	15–15
10–6	99.0
272	104.2
162	.3575
228	47.6
252	50.8
223	17.9
137	20.0
59	33.2
107	31.5
178	41.2
148	38.7
139	47.2
228	51.2
272	32.5
255	33.2
106	26.9
312	28.1
38	66.8
158	-9.8
219
229	Southeast Missouri St.	OVC	30	16–14
8–8	107.8
118	113.4
327	.3563
229	55.1
11	51.8
267	18.5
183	15.9
308	32.3
139	29.0
67	39.5
193	43.0
230	55.9
5	49.2
192	35.6
112	37.6
310	31.1
214	35.5
264	70.6
23	-9.4
208
230	Coastal Carolina
   16 seed, R64	BSth	30	18–12
11–5	97.3
292	102.5
135	.3547
230	47.9
243	47.2
78	20.4
299	18.5
157	34.8
59	29.9
102	38.9
215	39.1
148	47.9
204	46.5
95	32.0
279	32.1
63	31.1
214	42.4
349	67.6
112	-7.5
167
231	Morgan St.	MEAC	31	15–16
11–5	100.1
252	105.5
187	.3547
231	46.5
296	48.6
122	18.4
177	19.8
70	36.1
31	34.0
288	41.5
139	44.7
269	49.5
128	46.6
100	26.1
350	35.6
244	28.7
270	29.4
63	69.6
46	-10.0
224
232	Little Rock	SB	30	13–17
9–9	100.2
251	105.5
188	.3545
232	46.0
316	49.9
177	19.0
230	18.3
170	31.3
178	30.4
123	41.5
139	50.2
322	45.8
277	48.3
158	31.1
309	34.9
205	27.1
308	40.1
338	68.4
83	-9.2
200
233	Florida Atlantic	CUSA	30	8–22
5–11	101.1
235	106.6
214	.3528
233	47.7
249	47.7
97	19.5
258	16.7
269	33.3
105	34.0
288	36.2
284	41.4
194	46.9
241	46.6
100	32.7
242	33.7
129	35.2
110	27.8
31	65.0
253	-15.0
299
234	Cal St. Bakersfield	WAC	31	12–19
5–11	100.2
250	105.7
191	.3509
234	49.5
170	49.0
133	21.0
318	19.0
124	34.3
74	31.5
178	38.7
225	52.5
331	45.4
294	50.0
223	38.6
29	31.4
38	32.4
182	34.7
237	65.4
235	-14.1
290
235	Winthrop	BSth	30	17–13
10–6	102.6
207	108.3
245	.3498
235	50.9
112	52.5
293	18.6
191	19.9
64	28.9
259	30.0
109	41.0
155	45.1
273	46.2
268	51.5
282	39.3
14	36.4
270	37.2
69	32.4
157	66.2
195	-8.1
181
236	Hampton	MEAC	30	17–13
13–4	95.4
316	100.7
101	.3494
236	46.4
302	45.1
23	20.2
285	22.1
13	32.9
118	35.1
315	50.9
17	53.6
335	46.0
273	41.6
8	31.6
290	35.4
231	30.2
239	30.6
93	71.5
16	-8.3
184
237	Texas A&M Corpus Chris	Slnd	31	17–14
14–4	103.7
193	109.5
265	.3489
237	51.7
75	50.4
204	19.3
248	18.7
146	35.2
48	32.2
222	44.1
74	46.0
285	50.4
94	50.0
223	37.5
54	34.1
152	22.8
346	34.4
230	62.2
338	-9.4
206
238	Marist	MAAC	31	12–19
9–11	99.7
264	105.2
182	.3488
238	46.6
292	50.6
214	18.1
150	19.5
86	29.7
235	33.0
254	40.3
172	38.3
128	43.9
330	47.5
131	34.7
154	38.2
322	33.4
162	31.6
122	66.3
186	-12.1
257
239	Seattle	WAC	28	11–17
5–11	99.9
258	106.1
200	.3350
239	48.7
210	49.1
139	20.1
281	18.3
170	36.4
29	31.2
160	33.8
319	48.0
301	47.1
234	47.5
131	34.2
173	34.8
200	38.1
57	33.3
187	67.2
137	-12.3
260
240	Texas Southern
   16 seed, R68	SWAC	33	18–15
12–6	106.7
133	113.4
326	.3312
240	51.7
75	50.2
195	19.3
248	15.8
316	33.6
95	31.2
160	49.3
25	29.8
10	50.7
77	48.9
182	35.8
103	35.6
244	32.3
186	29.6
68	67.6
112	-9.6
214
241	FIU	CUSA	28	13–15
7–9	100.5
245	106.8
221	.3306
241	48.5
219	49.4
156	20.4
299	18.2
177	33.2
107	33.7
280	42.9
100	37.5
113	49.1
146	49.0
184	31.3
307	33.5
121	29.1
264	31.6
122	66.7
164	-8.7
190
242	Air Force	MWC	28	10–18
6–12	99.8
261	106.2
205	.3289
242	49.5
170	50.9
227	20.5
306	17.8
211	26.4
312	30.2
118	37.1
262	43.9
254	49.6
124	51.1
268	32.9
229	33.7
129	41.9
19	40.2
340	65.6
221	-10.6
244
243	High Point	BSth	29	14–15
12–4	105.1
170	112.0
308	.3269
243	52.2
59	53.7
321	18.3
169	18.0
197	30.3
213	33.3
268	32.4
335	35.0
62	49.7
117	54.3
336	38.6
29	35.0
210	29.9
244	36.6
297	64.6
271	-8.7
193
244	Hartford	AE	33	17–16
10–6	101.0
237	107.6
230	.3268
244	54.2
20	51.3
246	21.7
328	20.4
46	24.0
341	32.0
212	38.9
215	41.3
191	52.4
33	51.2
272	37.6
52	34.3
165	44.2
9	31.8
136	63.8
301	-10.7
246
245	Lafayette	Pat	30	10–20
6–12	108.9
98	115.9
338	.3268
245	53.7
29	54.3
333	18.9
218	17.7
217	27.4
291	33.7
280	33.3
328	35.8
78	50.6
84	53.4
330	39.7
6	37.2
297	34.4
132	37.1
309	66.3
186	-13.6
282
246	Western Carolina	SC	31	16–15
10–6	102.4
212	109.2
256	.3242
246	48.2
226	50.5
209	17.8
129	19.8
70	35.4
41	32.7
242	36.8
271	58.0
349	46.1
270	50.8
254	34.9
143	33.2
106	33.7
156	30.3
82	67.7
109	-9.8
217
247	Norfolk St.	MEAC	31	16–15
11–5	102.5
208	109.3
259	.3239
247	50.1
141	49.4
156	20.4
299	19.1
120	36.8
26	32.7
242	38.4
232	44.6
267	49.5
128	47.8
144	34.4
168	34.7
193	29.2
262	38.0
317	64.4
279	-9.4
209
248	Cal St. Northridge	BW	33	15–18
7–9	104.7
180	111.7
301	.3232
248	48.9
199	52.1
282	18.2
159	17.3
239	33.0
116	31.2
160	48.8
30	41.9
206	47.3
220	52.3
304	36.4
82	34.6
187	21.0
349	37.7
315	69.0
60	-12.2
258
249	Lehigh	Pat	32	14–18
7–11	97.5
290	104.0
158	.3229
249	48.8
205	48.1
112	18.0
142	16.8
260	26.1
315	32.4
232	32.7
331	31.1
19	46.5
260	46.7
104	35.9
98	34.0
147	31.6
204	33.2
184	66.2
195	-11.4
249
250	Hofstra	CAA	33	10–23
5–11	105.1
172	112.1
310	.3222
250	48.4
222	51.9
274	18.8
208	15.3
327	35.5
38	30.9
148	45.1
57	41.2
187	47.2
228	49.4
200	33.4
213	37.7
312	38.3
55	35.1
253	65.5
225	-15.9
315
Rk	Team	Conf	G	Rec	AdjOE	AdjDE	Barthag	Efg%	EfgD%	TOR	TORD	ORB	DRB	FTR	FTRD	2P%	2P%D	3P%	3P%D	3PR	3PRD	Adj T.	WAB
251	Illinois Chicago	Horz	29	4–25
1–15	101.8
224	108.8
251	.3187
251	46.1
314	53.1
308	19.0
230	16.6
277	30.4
208	28.1
36	39.2
204	49.9
319	44.8
313	51.4
276	32.6
245	37.8
316	31.7
201	32.0
139	66.4
179	-18.2
335
252	Grand Canyon	WAC	27	12–15
10–6	104.0
189	111.1
290	.3183
252	49.2
188	49.8
173	18.9
218	14.5
345	27.4
291	29.2
77	52.1
11	40.0
159	47.0
237	48.5
167	35.1
131	35.4
231	39.1
45	29.0
55	67.1
144	-8.6
189
253	Sacramento St.	BSky	28	12–16
10–10	103.4
199	110.5
277	.3169
253	50.9
112	52.7
301	17.6
115	18.1
186	29.9
228	31.1
155	35.1
300	48.5
306	48.8
162	53.0
324	37.0
67	34.9
205	30.8
228	32.3
148	64.3
287	-12.0
256
254	Saint Peter's	MAAC	31	14–17
9–11	97.1
296	103.9
156	.3137
254	45.7
322	47.6
93	18.7
197	18.1
186	30.9
193	31.6
187	42.1
118	40.9
185	45.0
306	46.5
95	31.6
290	33.3
112	31.9
193	34.1
219	62.5
334	-10.9
247
255	East Tennessee St.	ASun	33	18–15
10–8	102.0
221	109.3
258	.3126
255	49.4
174	50.4
204	16.5
57	19.7
75	27.2
295	32.5
237	43.6
87	41.4
194	46.6
256	51.5
282	36.1
89	32.6
79	36.9
75	39.8
334	70.2
31	-10.6
243
256	Dartmouth	Ivy	26	10–16
5–9	102.1
220	109.4
261	.3111
256	49.2
188	51.8
267	18.8
208	19.6
81	31.6
171	27.2
13	36.3
280	49.9
319	45.7
282	49.6
207	38.1
39	37.4
305	30.3
236	34.8
243	64.2
291	-10.3
233
257	Penn	Ivy	28	8–20
5–9	98.6
278	105.7
190	.3094
257	49.7
160	48.9
128	22.9
343	18.2
177	28.6
264	34.5
300	39.1
206	49.5
317	50.3
95	44.4
43	32.1
275	38.3
326	28.7
270	34.7
237	70.1
36	-12.8
273
258	Idaho	WAC	33	15–18
7–9	104.4
185	112.1
309	.3075
258	50.3
133	51.5
254	16.9
74	15.1
333	30.7
197	30.8
143	44.8
61	41.2
187	48.7
169	52.0
297	35.6
112	33.7
129	32.7
173	32.1
142	67.4
122	-12.5
266
259	Troy	SB	29	9–20
6–12	100.6
243	108.2
243	.3035
259	47.5
258	50.5
209	18.8
208	17.9
206	32.8
121	32.3
228	43.9
79	30.6
14	45.4
294	51.4
276	33.9
185	32.5
75	39.2
42	33.4
190	65.1
248	-14.1
289
260	Fairfield	MAAC	32	7–25
4–16	95.6
314	102.9
142	.3023
260	46.0
316	47.1
72	21.8
329	16.6
277	30.5
205	29.1
69	34.6
307	58.6
350	43.6
335	45.3
55	33.3
216	34.6
187	37.6
64	27.0
17	66.4
179	-17.4
326
261	Tennessee Tech	OVC	31	15–16
9–7	100.1
255	107.8
233	.2998
261	50.0
143	51.5
254	22.4
339	19.5
86	35.5
38	31.6
187	46.1
46	54.3
339	50.5
90	50.5
244	32.6
245	35.6
244	31.8
197	31.3
117	68.1
94	-10.6
242
262	Louisiana Monroe	SB	26	9–17
7–11	96.4
302	103.8
153	.2996
262	47.0
276	49.2
145	19.7
266	16.5
284	30.3
213	31.3
168	35.5
298	38.2
125	47.0
237	48.8
178	31.4
303	33.3
112	30.9
225	36.1
285	63.4
314	-10.1
227
263	Idaho St.	BSky	27	9–18
8–12	103.2
202	111.1
289	.2996
263	49.4
174	53.9
325	18.9
218	19.2
108	35.4
41	31.8
203	45.4
54	35.3
65	47.8
207	50.7
252	35.6
112	38.7
333	29.4
257	42.7
350	64.6
271	-13.3
277
264	Texas St.	SB	29	6–23
4–14	95.5
315	103.0
144	.2953
264	47.5
258	51.9
274	21.5
325	19.2
108	29.7
235	28.9
59	33.6
323	43.4
245	48.0
196	47.9
148	30.7
317	40.0
345	29.9
244	32.8
172	63.2
320	-16.4
320
265	Northern Arizona	BSky	31	14–17
12–8	99.5
267	107.7
231	.2881
265	49.9
148	53.0
307	19.6
261	18.4
164	33.1
110	28.0
32	34.3
313	40.1
163	48.9
154	49.3
197	35.0
137	40.1
346	28.1
288	34.7
237	64.1
293	-11.9
253
266	North Florida	ASun	30	14–16
10–8	102.4
215	110.7
284	.2877
266	49.4
174	51.3
246	21.9
331	15.5
323	34.0
85	31.1
155	40.5
167	40.2
164	47.4
218	50.1
234	35.4
122	36.3
267	35.3
107	27.4
24	68.8
68	-8.8
196
267	Cal St. Fullerton	BW	31	11–20
6–10	99.5
268	107.8
235	.2843
267	48.1
234	50.7
220	17.8
129	17.0
252	29.1
250	29.1
69	38.1
242	45.9
283	47.3
220	50.6
248	33.1
223	34.0
147	33.4
162	29.0
55	67.3
129	-13.7
285
268	James Madison	CAA	31	11–20
6–10	98.1
285	106.4
210	.2830
268	45.7
322	49.1
139	18.8
208	18.4
164	29.7
235	31.8
203	47.4
41	44.4
264	48.2
191	46.8
107	27.3
349	35.1
215	35.0
113	39.0
329	65.5
225	-13.4
278
269	South Dakota	Sum	27	9–18
6–8	100.6
244	109.0
254	.2827
269	48.7
210	51.6
260	18.9
218	15.9
308	25.7
324	30.5
128	39.8
185	37.8
115	46.7
253	47.8
144	35.2
126	39.2
340	33.1
170	34.5
231	67.4
122	-11.7
251
270	Lipscomb	ASun	29	14–15
10–8	102.4
213	111.2
293	.2797
270	51.3
94	54.2
332	17.5
109	20.1
56	25.8
322	31.5
178	47.9
35	48.7
309	49.7
117	55.2
342	35.5
119	35.1
215	46.3
3	40.2
340	70.4
25	-9.6
211
271	Monmouth	MAAC	32	11–21
5–15	96.4
303	104.7
171	.2788
271	46.8
281	51.2
239	20.5
306	21.3
27	33.7
94	30.9
148	40.6
162	48.6
308	45.4
294	50.0
223	33.6
201	35.3
226	28.5
274	41.3
347	68.3
87	-14.6
294
272	North Dakota	BSky	32	15–17
12–8	103.2
201	112.2
311	.2764
272	49.9
148	55.4
340	16.4
54	20.9
34	30.7
197	31.7
194	41.6
134	48.4
305	50.8
73	55.2
342	32.0
279	37.3
300	31.4
209	25.8
9	69.7
41	-10.6
245
273	UNC Wilmington	CAA	30	7–23
3–13	96.3
305	104.8
173	.2747
273	44.0
345	50.4
204	17.6
115	17.3
239	31.4
175	34.2
293	32.3
336	41.9
206	44.6
322	49.7
213	28.3
343	34.4
171	27.5
300	34.8
243	64.4
279	-15.7
313
274	Niagara	MAAC	33	7–26
3–17	101.4
230	110.6
279	.2694
274	47.2
267	54.7
337	18.5
183	20.2
52	32.1
149	34.5
300	48.6
31	50.6
325	48.0
196	53.3
327	30.0
330	38.4
328	28.4
275	31.7
132	72.4
8	-19.2
341
275	Liberty	BSth	29	8–21
5–11	102.1
219	111.9
306	.2597
275	49.9
148	51.0
231	20.5
306	15.1
333	38.0
15	29.9
102	34.5
308	38.1
123	48.4
179	50.0
223	35.7
108	35.0
210	28.3
282	38.9
326	64.6
271	-16.6
323
Rk	Team	Conf	G	Rec	AdjOE	AdjDE	Barthag	Efg%	EfgD%	TOR	TORD	ORB	DRB	FTR	FTRD	2P%	2P%D	3P%	3P%D	3PR	3PRD	Adj T.	WAB
276	Western Illinois	Sum	27	7–20
4–10	93.4
335	102.3
131	.2596
276	49.1
192	48.6
122	21.6
327	18.7
146	24.9
331	28.6
45	38.9
215	47.1
292	48.3
183	46.9
113	34.0
180	34.8
200	29.9
244	32.6
164	62.6
332	-14.2
291
277	Austin Peay	OVC	28	10–18
6–10	100.1
254	109.7
267	.2588
277	52.6
45	53.3
314	21.4
323	19.9
64	29.6
239	35.1
315	49.3
25	34.9
60	53.5
17	52.7
313	33.5
205	36.2
265	27.6
296	35.2
257	70.9
20	-13.7
284
278	Incarnate Word	Slnd	15	9–6
9–5	101.3
233	111.2
292	.2550
278	52.3
52	51.0
231	18.4
177	19.5
86	31.2
180	30.0
109	41.3
145	41.5
198	50.6
84	46.2
84	37.1
62	41.9
351	32.4
182	28.9
52	69.6
46	-4.4
113
279	Portland St.	BSky	30	15–15
11–9	101.5
227	111.5
296	.2535
279	51.7
75	53.3
314	17.1
83	19.5
86	26.3
314	32.5
237	39.6
190	41.5
198	50.5
90	52.9
321	36.1
89	36.4
270	32.3
186	28.7
46	66.5
174	-10.3
231
280	Chattanooga	SC	30	15–15
12–4	100.2
248	110.2
271	.2509
280	47.4
261	51.5
254	18.9
218	17.9
206	34.1
79	32.4
232	44.6
66	36.1
83	46.7
253	51.7
288	32.5
255	34.0
147	34.5
128	25.9
11	68.8
68	-9.7
216
281	UMKC	WAC	29	10–19
7–9	97.2
294	106.9
222	.2508
281	48.2
226	52.5
293	18.3
169	19.3
101	25.7
324	31.2
160	40.9
157	43.3
241	49.4
135	52.7
313	30.5
321	34.7
193	32.7
173	35.7
268	70.2
31	-12.8
272
282	Central Michigan	MAC	29	8–21
3–15	106.2
144	117.1
343	.2450
282	49.3
182	57.0
348	16.5
57	19.5
86	29.0
254	32.1
218	37.1
262	39.7
158	50.8
73	58.3
350	31.6
290	36.5
276	45.0
6	36.4
292	65.7
219	-15.7
311
283	Savannah St.	MEAC	30	11–19
10–6	91.3
347	101.1
109	.2362
283	46.3
306	45.4
30	23.9
349	21.4
23	31.8
161	35.0
314	38.9
215	49.0
312	46.3
265	45.4
58	30.8
314	30.3
13	30.3
236	28.6
45	65.0
253	-12.4
263
284	Rice	CUSA	28	5–23
2–14	96.0
306	106.4
209	.2350
284	48.2
226	49.5
161	19.6
261	16.8
260	21.3
350	30.5
128	31.9
338	46.4
286	47.9
204	48.3
158	32.4
263	34.7
193	45.9
4	33.5
197	64.1
293	-16.1
318
285	Tulane	CUSA	33	16–17
8–8	99.6
265	110.7
282	.2299
285	47.4
261	50.7
220	20.1
281	16.6
277	30.1
220	31.8
203	49.5
23	40.7
180	44.6
322	49.3
197	35.1
131	35.4
231	34.6
124	36.0
282	63.5
311	-9.6
213
286	Chicago St.	WAC	30	11–19
8–8	98.2
284	109.4
260	.2234
286	46.8
281	52.5
293	17.1
83	22.1
13	27.0
300	37.0
345	33.8
319	53.6
335	45.1
304	52.1
301	33.3
216	35.5
237	35.4
102	36.7
298	69.5
52	-12.5
265
287	Fairleigh Dickinson	NEC	29	9–20
6–10	101.6
226	113.5
328	.2179
287	47.7
249	51.2
239	17.6
115	18.4
164	30.3
213	38.1
349	35.7
293	47.8
300	45.0
306	49.0
184	35.0
137	37.0
288	35.6
96	34.2
224	66.6
170	-13.9
287
288	Loyola MD	Pat	28	9–19
6–12	96.4
301	108.0
238	.2140
288	44.9
337	52.8
303	18.3
169	20.9
34	30.5
205	35.4
321	41.1
150	40.3
171	44.1
329	48.3
158	31.5
298	41.5
350	27.6
296	32.1
142	66.4
179	-12.8
271
289	Ball St.	MAC	28	3–25
2–16	96.6
298	108.4
247	.2112
289	46.6
292	51.5
254	25.0
351	16.3
294	34.0
85	30.4
123	42.6
104	45.4
276	46.3
265	52.3
304	31.5
298	33.1
101	38.9
49	28.8
49	67.4
122	-17.8
328
290	Georgia Southern	SC	31	12–19
6–10	98.4
281	110.4
273	.2105
290	48.8
205	51.8
267	17.9
137	18.1
186	30.3
213	30.3
121	36.9
269	32.8
35	48.4
179	51.5
282	33.0
225	34.9
205	36.9
75	36.4
292	66.7
164	-14.4
292
291	UC Riverside	BW	29	8–21
5–11	96.4
304	108.2
240	.2095
291	46.5
296	49.3
152	19.4
252	17.4
233	29.3
243	30.7
139	41.8
128	43.0
230	47.2
228	45.9
77	29.7
335	38.2
322	26.9
312	30.1
78	67.8
107	-15.6
307
292	San Jose St.	MWC	29	5–24
1–17	94.4
325	106.2
202	.2063
292	44.7
338	50.0
181	20.3
291	14.9
340	28.1
274	30.5
128	33.0
330	45.9
283	40.7
349	48.5
167	32.8
239	35.2
223	47.5
2	34.0
213	66.3
186	-15.2
303
293	Eastern Illinois	OVC	27	9–18
7–9	98.5
279	111.1
287	.2017
293	48.7
210	53.6
320	20.1
281	17.8
211	30.6
201	30.7
139	41.8
128	45.7
280	48.7
169	50.3
237	32.5
255	40.3
348	29.5
253	33.1
180	65.6
221	-13.6
281
294	UT Rio Grande Valley	WAC	31	8–23
5–11	93.9
332	105.9
196	.2005
294	45.3
329	50.8
223	17.8
129	21.1
30	29.2
245	34.6
307	35.8
291	46.4
286	46.7
253	51.3
274	27.9
347	33.2
106	30.1
241	36.8
303	66.1
198	-18.0
331
295	Coppin St.	MEAC	31	11–20
7–9	100.0
256	112.9
320	.1982
295	45.3
329	53.1
308	17.2
91	19.3
101	30.2
217	36.8
343	40.2
174	35.8
78	43.1
340	53.1
326	32.4
263	35.4
231	39.9
36	36.8
303	68.1
94	-13.7
283
296	SIU Edwardsville	OVC	29	9–20
7–9	99.5
271	112.5
316	.1959
296	52.3
52	55.5
341	20.1
281	19.5
86	29.2
245	33.2
264	37.9
248	40.8
182	50.6
84	57.7
348	37.1
62	33.9
143	34.4
132	31.6
122	67.5
117	-15.4
306
297	UTSA	CUSA	27	6–21
4–12	101.4
228	115.0
333	.1903
297	47.9
243	54.9
339	23.2
346	17.1
245	34.5
69	33.1
259	51.5
16	44.0
259	46.6
256	54.3
336	33.4
213	37.3
300	35.4
102	38.5
322	68.6
76	-14.8
297
298	Navy	Pat	29	8–21
4–14	92.8
339	105.3
183	.1902
298	45.8
319	51.2
239	20.0
277	20.8
36	29.7
235	29.8
99	29.4
348	43.2
238	43.7
334	49.8
217	32.9
229	35.7
248	37.5
65	37.9
316	63.7
309	-15.7
310
299	Jackson St.	SWAC	31	11–20
7–11	93.2
337	105.8
192	.1892
299	45.2
333	49.4
156	21.9
331	21.2
29	33.4
101	30.3
121	40.3
172	55.8
344	45.6
288	47.9
148	29.3
339	34.7
193	24.2
340	36.5
294	67.1
144	-15.2
302
300	Montana St.	BSky	29	12–17
9–11	95.1
319	108.0
237	.1879
300	48.0
239	53.8
323	18.0
142	19.6
81	25.8
322	27.4
15	39.3
200	38.7
139	46.8
247	52.6
312	33.8
192	37.3
300	31.5
206	35.7
268	65.9
210	-13.1
274
Rk	Team	Conf	G	Rec	AdjOE	AdjDE	Barthag	Efg%	EfgD%	TOR	TORD	ORB	DRB	FTR	FTRD	2P%	2P%D	3P%	3P%D	3PR	3PRD	Adj T.	WAB
301	Jacksonville	ASun	28	10–18
8–10	102.4
211	116.4
339	.1869
301	48.9
199	55.7
343	19.4
252	18.9
131	32.7
126	35.2
319	42.2
116	38.9
146	48.3
183	54.2
335	33.5
205	39.0
337	31.8
197	34.5
231	69.7
41	-12.7
270
302	UC Davis	BW	29	7–22
4–12	101.7
225	115.6
335	.1868
302	49.9
148	55.8
345	17.3
100	18.3
170	23.9
342	35.6
325	37.2
258	38.8
144	48.3
183	54.4
338	34.9
143	39.2
340	39.9
36	31.1
109	67.0
149	-16.3
319
303	Northern Kentucky	ASun	30	9–21
5–13	102.2
218	116.4
340	.1834
303	50.6
120	53.3
314	17.8
129	16.8
260	28.4
271	32.2
222	35.7
293	48.8
311	49.4
135	51.7
288	34.9
143	37.7
312	40.4
30	33.8
209	63.4
314	-16.0
317
304	Nicholls St.	Slnd	28	13–15
10–8	97.7
289	111.4
294	.1804
304	49.8
155	51.7
264	18.2
159	19.2
108	28.2
272	31.2
160	39.5
193	60.7
351	52.2
37	52.2
303	30.4
323	33.7
129	37.1
73	28.8
49	65.5
225	-10.3
232
305	Tennessee St.	OVC	29	4–25
4–12	99.5
269	113.6
329	.1784
305	47.1
271	52.3
288	18.4
177	16.6
277	31.9
158	33.0
254	43.0
98	51.4
327	48.4
179	52.8
319	29.4
337	34.1
152	31.1
214	33.6
202	65.5
225	-18.1
334
306	Jacksonville St.	OVC	29	8–21
4–12	97.9
287	111.9
307	.1760
306	46.4
302	53.7
321	17.5
109	19.3
101	31.1
184	34.7
310	41.4
142	47.6
298	45.9
276	52.0
297	31.6
290	38.7
333	33.2
168	27.2
20	62.8
328	-15.7
309
307	Sacred Heart	NEC	31	5–26
2–14	98.9
273	113.2
324	.1748
307	46.7
287	52.3
288	17.6
115	18.4
164	32.4
136	33.0
254	35.7
293	44.2
261	45.5
291	52.8
319	32.7
242	34.2
159	32.8
172	36.5
294	68.0
98	-21.1
349
308	Florida A&M	MEAC	30	12–18
8–8	94.3
327	107.9
236	.1741
308	44.4
341	47.8
101	20.4
299	20.6
39	35.6
36	35.8
329	33.9
316	56.3
345	42.5
344	47.2
121	32.3
268	32.8
88	31.9
193	28.9
52	71.8
12	-13.5
280
309	Southeastern Louisiana	Slnd	28	10–18
7–11	98.2
283	112.4
314	.1740
309	50.0
143	50.6
214	18.5
183	15.9
308	25.3
327	33.5
274	39.0
210	43.9
254	47.5
215	50.9
258	36.5
80	33.3
112	35.1
112	30.7
95	65.0
253	-13.9
286
310	Central Connecticut	NEC	29	10–19
7–9	97.4
291	111.6
297	.1725
310	48.1
234	50.9
227	19.9
275	18.2
177	28.8
262	36.4
342	29.6
347	34.2
52	47.3
220	48.8
178	33.5
205	36.6
279	28.4
275	34.0
213	70.2
31	-14.5
293
311	LIU	NEC	29	9–20
4–12	103.5
198	118.7
348	.1706
311	49.4
174	54.6
336	18.6
191	15.6
321	31.0
189	33.9
285	37.8
249	30.9
17	47.8
207	52.5
311	34.5
162	39.0
337	38.2
56	35.7
268	68.1
94	-15.1
300
312	Tennessee Martin	OVC	29	6–23
3–13	102.2
217	117.5
346	.1682
312	48.1
234	58.8
351	16.2
48	19.5
86	30.0
224	32.7
242	35.1
300	49.7
318	45.8
277	59.4
351	34.9
143	38.2
322	34.4
132	31.4
118	69.6
46	-17.4
325
313	Alabama A&M	SWAC	28	12–16
10–8	91.6
346	105.4
185	.1665
313	46.3
306	45.2
25	19.8
271	20.2
52	27.6
287	34.2
293	41.5
139	54.6
342	45.0
306	44.5
45	32.3
268	31.4
38	35.6
96	28.0
34	65.8
215	-12.3
261
314	NJIT	ind	25	9–16
0–0	96.0
307	110.6
278	.1640
314	48.0
239	50.3
200	18.6
191	18.8
137	26.1
315	32.7
242	38.8
221	47.5
296	45.0
306	49.8
217	35.7
108	34.1
152	35.4
102	39.5
332	68.8
68	-12.3
262
315	UNC Greensboro	SC	29	11–18
7–9	94.4
324	109.1
255	.1603
315	47.3
264	50.5
209	19.6
261	17.2
243	28.6
264	28.5
42	37.8
249	47.5
296	46.1
270	50.5
244	33.6
201	33.7
129	26.7
316	32.3
148	70.5
24	-13.1
275
316	Saint Francis	NEC	31	10–21
7–9	95.8
311	110.7
283	.1588
316	47.6
252	52.4
291	17.0
78	17.5
230	26.0
319	32.2
222	32.7
331	30.1
13	47.3
220	50.8
254	32.0
279	37.5
308	41.7
23	30.1
78	63.0
325	-15.7
312
317	Arkansas Pine Bluff	SWAC	29	11–18
11–7	93.0
338	108.2
239	.1502
317	47.0
276	54.0
328	22.3
337	23.9
6	29.2
245	33.4
269	41.1
150	50.7
326	44.7
317	53.3
327	34.1
178	36.8
282	35.0
113	36.7
298	66.7
164	-11.9
254
318	McNeese St.	Slnd	29	9–20
9–9	96.6
299	112.3
312	.1502
318	44.1
344	51.8
267	18.2
159	18.9
131	32.8
121	36.1
333	33.6
323	36.6
94	43.5
336	48.3
158	30.2
327	38.9
336	36.6
80	34.3
227	67.9
102	-12.5
267
319	Alabama St.	SWAC	29	16–13
12–6	95.9
309	111.6
298	.1486
319	45.5
326	49.7
170	17.6
115	21.4
23	33.3
105	34.7
310	40.7
161	40.0
159	47.2
228	50.9
258	28.0
345	31.4
38	32.6
178	30.4
87	67.5
117	-9.3
203
320	Delaware St.	MEAC	28	7–21
5–11	96.5
300	112.4
315	.1474
320	46.3
306	49.5
161	19.5
258	18.1
186	29.0
254	35.7
328	38.7
225	41.1
186	45.8
277	51.5
282	31.6
290	30.7
24	31.1
214	36.2
287	59.9
349	-15.6
308
321	Campbell	BSth	28	9–19
6–10	98.7
277	115.0
332	.1462
321	51.3
94	52.0
279	20.3
291	16.0
306	31.0
189	36.2
337	27.4
351	37.0
100	50.2
97	51.7
288	35.1
131	35.1
215	45.7
5	29.9
72	63.8
301	-14.7
295
322	IU Indy	Sum	29	3–26
1–13	96.7
297	113.0
321	.1430
322	46.5
296	54.1
329	17.2
91	15.3
327	22.7
347	31.9
211	32.6
333	33.2
41	46.8
247	53.6
333	30.4
323	37.0
288	25.4
332	28.8
49	66.3
186	-19.6
343
323	Samford	SC	30	10–20
6–10	99.9
259	117.0
341	.1394
323	51.8
74	53.3
314	18.9
218	17.1
245	27.1
297	33.7
280	38.9
215	49.1
314	53.0
22	52.3
304	32.6
245	36.8
282	27.6
296	33.4
190	67.3
129	-15.2
304
324	Alcorn St.	SWAC	28	9–19
9–9	93.3
336	109.5
263	.1367
324	45.2
333	49.5
161	17.8
129	19.1
120	28.6
264	34.5
300	41.4
142	41.4
194	45.2
302	48.2
153	30.1
329	34.8
200	28.0
289	31.1
109	63.8
301	-14.8
296
325	Cornell	Ivy	27	1–26
1–13	101.2
234	119.2
349	.1324
325	46.7
287	56.8
347	18.2
159	15.5
323	28.1
274	32.7
242	28.2
349	47.0
291	46.5
260	54.4
338	31.4
303	41.0
349	38.7
50	34.3
227	66.1
198	-18.3
336
Rk	Team	Conf	G	Rec	AdjOE	AdjDE	Barthag	Efg%	EfgD%	TOR	TORD	ORB	DRB	FTR	FTRD	2P%	2P%D	3P%	3P%D	3PR	3PRD	Adj T.	WAB
326	Prairie View A&M	SWAC	33	10–23
6–12	95.9
310	113.1
323	.1300
326	46.8
281	51.8
267	20.4
299	19.5
86	31.1
184	36.9
344	40.6
162	50.1
321	44.8
313	51.7
288	33.9
185	34.7
193	33.6
158	31.2
113	67.5
117	-17.0
324
327	New Orleans	Slnd	24	9–15
8–10	94.8
320	111.8
304	.1300
327	46.7
287	53.2
311	23.4
347	19.7
75	34.1
79	33.1
259	51.8
14	42.5
220	45.6
288	52.7
313	32.9
229	36.4
270	28.4
275	28.9
52	71.8
12	-10.1
228
328	Central Arkansas	Slnd	27	6–21
5–13	95.1
318	112.3
313	.1296
328	49.3
182	52.0
279	20.3
291	19.2
108	28.0
279	37.8
348	38.2
238	49.0
312	46.9
241	52.0
297	36.7
75	34.5
176	29.9
244	27.6
28	72.2
10	-16.4
321
329	Binghamton	AE	30	7–23
4–12	92.1
343	109.5
262	.1202
329	43.9
346	52.8
303	21.5
325	19.8
70	29.1
250	32.4
232	44.2
73	40.8
182	41.5
347	49.6
207	32.0
279	38.5
330	36.6
80	39.6
333	66.2
195	-17.9
330
330	New Hampshire	AE	29	5–24
4–12	88.9
349	106.1
199	.1160
330	43.7
347	46.6
60	20.5
306	17.0
252	27.3
294	29.1
69	32.3
336	43.8
252	39.7
350	46.5
95	32.9
229	31.3
33	41.5
25	34.2
224	62.7
331	-19.1
340
331	UMBC	AE	28	8–20
5–11	91.2
348	109.0
252	.1145
331	45.4
328	51.3
246	21.3
321	21.7
19	29.1
250	31.3
168	40.2
174	57.4
347	44.7
317	49.5
204	31.1
309	36.3
267	35.0
113	35.9
277	68.7
73	-15.1
301
332	Stetson	ASun	30	7–23
5–13	94.4
326	113.1
322	.1113
332	47.1
271	53.2
311	19.4
252	18.8
137	27.5
289	36.3
339	36.7
272	38.0
121	48.8
162	51.7
288	29.2
340	37.2
297	33.8
152	35.9
277	63.5
311	-18.0
332
333	Appalachian St.	SC	26	5–21
5–11	92.2
340	110.5
276	.1109
333	44.2
342	52.7
301	18.7
197	18.9
131	33.4
101	31.3
168	41.1
150	43.1
233	44.3
327	51.6
287	29.4
337	37.1
293	28.3
282	28.2
40	66.4
179	-16.4
322
334	North Carolina A&T	MEAC	31	8–23
5–11	94.2
329	112.9
318	.1108
334	42.7
349	50.1
187	22.1
334	17.9
206	33.4
101	32.1
218	58.6
1	54.4
340	41.9
346	47.8
144	29.5
336	35.9
256	34.8
123	37.0
307	67.2
137	-17.8
329
335	Lamar	Slnd	30	4–26
3–15	93.9
331	112.9
319	.1076
335	46.7
287	54.5
335	20.2
285	18.5
157	27.6
287	34.2
293	39.8
185	38.5
135	46.8
247	53.5
332	30.8
314	37.9
317	19.3
351	29.8
70	68.8
68	-21.1
348
336	Furman	SC	27	7–20
3–13	95.2
317	114.6
331	.1067
336	48.8
205	52.5
293	20.9
316	16.1
302	26.5
310	34.9
313	40.6
162	29.9
11	48.9
154	51.0
261	32.4
263	37.0
288	31.1
214	34.0
213	65.3
242	-15.9
316
337	UMass Lowell	AE	27	9–18
8–8	93.7
334	112.8
317	.1061
337	45.6
325	50.3
200	20.8
314	18.2
177	28.0
279	36.0
332	38.8
221	35.5
74	43.9
330	51.7
288	32.1
275	31.8
53	40.1
32	34.7
237	65.0
253	-12.2
259
338	Houston Christian	Slnd	29	4–25
2–16	92.1
342	110.9
286	.1057
338	46.3
306	50.9
227	22.4
339	16.4
286	30.6
201	33.6
277	39.5
193	43.2
238	44.8
313	51.0
261	33.7
196	33.7
129	26.2
328	30.1
78	69.6
46	-19.6
344
339	Kennesaw St.	ASun	29	4–25
3–15	91.9
345	110.7
281	.1056
339	47.2
267	51.2
239	23.8
348	18.1
186	31.0
189	34.8
312	38.3
236	47.3
294	45.3
298	51.4
276	34.0
180	33.8
138	32.2
191	29.2
60	67.9
102	-19.7
345
340	Howard	MEAC	31	6–25
5–11	88.2
350	106.2
206	.1050
340	42.1
351	49.9
177	24.0
350	21.3
27	31.8
161	36.3
339	49.3
25	54.4
340	38.9
351	49.8
217	32.9
229	33.4
117	30.5
235	38.0
317	67.7
109	-18.9
339
341	South Carolina St.	MEAC	28	7–21
5–11	92.0
344	111.6
299	.0981
341	43.5
348	50.2
195	22.5
341	17.7
217	35.5
38	34.3
298	33.6
323	44.6
267	44.2
328	50.0
223	28.0
345	33.8
138	30.8
228	34.0
213	66.6
170	-15.9
314
342	Maine	AE	28	5–23
4–12	94.6
322	115.2
334	.0936
342	48.9
199	53.2
311	20.3
291	17.6
222	24.5
337	35.5
323	33.9
316	39.4
153	48.7
169	52.9
321	32.9
229	36.1
262	31.9
193	31.5
119	74.8
3	-17.6
327
343	Longwood	BSth	28	4–24
3–13	95.9
308	117.1
342	.0917
343	47.1
271	55.7
343	18.8
208	18.2
177	26.8
307	35.3
320	30.9
342	44.4
264	45.6
288	55.2
342	34.1
178	37.7
312	28.4
275	38.7
324	68.4
83	-18.9
338
344	Maryland Eastern Shore	MEAC	28	5–23
4–12	98.3
282	120.1
350	.0907
344	45.0
335	54.3
333	18.7
197	19.0
124	32.3
139	35.9
331	42.3
112	43.6
248	43.4
337	53.0
324	32.1
275	38.1
321	34.3
137	32.4
157	66.8
158	-18.6
337
345	The Citadel	SC	29	4–25
2–14	95.7
313	117.1
344	.0889
345	47.7
249	51.6
260	19.2
240	14.8
343	27.0
300	34.6
307	34.4
310	36.4
90	45.1
304	51.1
268	35.7
108	35.1
215	31.0
221	33.4
190	65.6
221	-20.0
346
346	Abilene Christian	Slnd	21	2–19
2–12	94.5
323	115.8
337	.0881
346	47.2
267	56.4
346	22.3
337	18.0
197	24.9
331	33.8
283	42.3
112	48.3
303	42.3
345	56.8
347	37.3
58	37.1
293	35.6
96	30.3
82	64.9
258	-14.0
288
347	Bethune Cookman	MEAC	30	5–25
5–11	95.7
312	117.4
345	.0871
347	45.7
322	51.7
264	19.7
266	19.7
75	31.8
161	38.7
350	34.1
315	53.4
334	41.3
348	51.1
268	35.8
103	35.3
226	35.8
90	33.8
209	62.4
336	-20.3
347
348	Mississippi Valley St.	SWAC	29	6–23
5–13	93.9
330	115.8
336	.0827
348	45.3
329	54.8
338	20.3
291	18.6
153	29.9
228	32.0
212	36.1
285	49.3
316	44.7
317	54.5
340	31.1
309	37.2
297	33.9
147	26.2
13	72.9
6	-18.1
333
349	Presbyterian	BSth	30	4–26
2–14	94.8
321	118.6
347	.0707
349	50.1
141	54.1
329	19.1
236	15.0
338	21.6
349	34.5
300	30.6
344	28.3
4	49.2
144	52.7
313	34.7
154	37.7
312	31.1
214	36.0
282	65.4
235	-21.6
350
350	Grambling St.	SWAC	27	4–23
3–15	94.2
328	122.7
351	.0458
350	46.5
296	57.4
350	21.9
331	18.3
170	30.6
201	36.1
333	40.5
167	40.5
175	45.3
298	57.7
348	32.5
255	37.9
317	35.4
102	33.5
197	68.4
83	-19.2
342
351	Southern Utah	BSky	28	1–27
1–19	87.6
351	114.3
330	.0450
351	44.7
338	53.1
308	21.4
323	16.6
277	23.8
343	34.2
293	39.3
200	57.7
348	43.1
340	51.4
276	32.6
245	38.3
326	27.6
296	28.2
40	65.4
235	-21.8
351