Rk	Team	Conf	G	Rec	AdjOE	AdjDE	Barthag	EFG%	EFGD%	TOR	TORD	ORB	DRB	FTR	FTRD	2P%	2P%D	3P%	3P%D	3PR	3PRD	Adj T.	WAB
1	Kentucky
   1 seed, Final Four	SEC	34	34–0
18–0	119.0
7	83.5
2	.9834
1	51.8
67	39.7
1	16.4
33	21.8
28	40.4
5	31.6
198	43.8
34	31.6
58	51.5
47	39.1
2	35.0
131	27.4
2	28.1
308	31.0
80	63.5
254	+13.0
1
2	Wisconsin
   1 seed, Finals	B10	34	31–3
16–2	126.4
1	92.1
20	.9743
2	54.6
18	46.7
75	12.4
1	16.7
303	31.9
129	23.7
3	35.6
214	21.1
1	55.1
8	44.0
45	35.7
102	36.0
256	37.0
97	26.7
9	59.3
344	+11.3
2
3	Virginia
   2 seed, R32	ACC	32	29–3
16–2	113.2
25	83.3
1	.9714
3	51.2
80	41.7
2	16.1
24	18.1
231	34.0
79	24.3
5	34.2
249	27.9
17	50.1
82	39.5
3	36.1
86	30.3
18	27.3
319	36.5
252	58.3
349	+9.9
5
4	Duke
   1 seed, CHAMPS	ACC	33	29–4
15–3	124.6
2	93.1
32	.9663
4	56.9
4	47.4
98	16.8
45	18.7
192	37.4
16	30.1
123	40.2
88	24.9
6	56.3
3	47.1
140	38.6
26	32.0
64	34.5
166	27.7
14	66.8
80	+10.6
4
5	Arizona
   2 seed, Elite Eight	P12	34	31–3
16–2	115.5
13	86.5
3	.9654
5	53.6
29	44.3
16	16.7
43	21.1
57	34.1
72	22.3
1	47.1
8	36.3
164	53.4
18	42.0
10	36.0
90	32.8
88	25.8
336	31.4
90	66.9
72	+8.9
6
6	Villanova
   1 seed, R32	BE	34	32–2
16–2	120.7
4	91.4
14	.9608
6	55.3
15	45.5
40	16.6
38	21.7
31	32.7
110	31.1
169	42.4
46	30.3
38	53.1
21	45.2
74	38.9
20	30.8
26	43.0
21	32.5
121	64.8
180	+11.2
3
7	Gonzaga
   2 seed, Elite Eight	WCC	33	31–2
17–1	120.4
5	92.9
31	.9518
7	58.4
2	43.6
9	16.3
31	17.6
264	33.9
85	28.6
67	39.1
118	31.6
58	57.1
2	41.4
7	40.8
5	32.3
70	32.1
233	30.5
66	65.1
157	+7.9
9
8	Utah
   5 seed, Sweet Sixteen	P12	31	23–8
13–5	115.1
14	88.9
7	.9515
8	55.6
13	42.7
5	17.8
83	18.3
221	31.3
157	28.1
49	42.8
39	34.5
129	52.8
31	40.9
4	40.2
8	31.6
46	37.8
80	28.3
19	61.5
318	+3.7
20
9	North Carolina
   4 seed, Sweet Sixteen	ACC	35	24–11
11–7	118.4
9	91.7
17	.9496
9	51.4
76	45.3
35	18.2
108	17.8
253	39.9
6	30.5
139	34.7
237	37.6
193	51.3
51	45.7
91	34.5
159	29.8
8	22.6
350	37.1
264	70.2
11	+6.4
12
10	Oklahoma
   3 seed, Sweet Sixteen	B12	32	22–10
12–6	110.0
50	87.3
6	.9348
10	49.4
146	43.7
11	17.7
79	20.2
103	30.9
171	31.5
190	32.7
283	28.9
24	48.4
140	42.4
18	34.3
170	30.9
28	33.6
186	33.7
153	68.1
32	+4.2
17
11	Baylor
   3 seed, R64	B12	32	23–9
11–7	115.8
12	92.8
27	.9274
11	49.8
125	45.8
51	19.6
205	19.6
138	41.8
2	31.7
205	38.8
120	32.4
74	46.0
247	46.5
117	38.2
31	29.8
8	33.2
201	35.9
231	62.2
300	+4.8
15
12	Notre Dame
   3 seed, Elite Eight	ACC	34	29–5
14–4	124.4
3	99.8
122	.9260
12	58.6
1	48.1
128	14.4
3	17.4
272	28.1
275	31.6
198	37.1
170	23.3
2	58.4
1	47.4
156	39.2
17	32.9
93	38.6
63	32.6
126	64.1
213	+8.4
8
13	Louisville
   4 seed, Elite Eight	ACC	32	24–8
12–6	107.9
68	86.6
4	.9258
13	47.8
224	43.4
8	17.8
83	21.8
28	35.1
46	30.9
162	38.8
120	34.7
133	48.9
116	43.3
30	30.4
313	29.3
5	32.6
220	31.4
90	66.0
117	+5.7
13
14	Kansas
   2 seed, R32	B12	34	26–8
13–5	113.3
24	91.0
11	.9252
14	49.3
159	44.4
18	19.1
171	17.5
268	34.9
52	31.8
210	43.0
38	33.6
102	46.5
230	43.5
33	37.5
51	30.9
28	28.3
304	31.9
99	67.3
60	+8.7
7
15	Wichita St.
   7 seed, Sweet Sixteen	MVC	31	27–4
17–1	114.1
18	91.7
16	.9251
15	50.7
95	45.2
31	15.2
7	21.6
32	34.8
54	27.0
31	35.4
221	36.8
181	48.9
116	42.5
19	35.9
94	34.4
184	35.3
146	29.7
46	62.2
300	+4.4
16
16	Michigan St.
   7 seed, Final Four	B10	34	23–11
12–6	114.8
16	92.6
24	.9223
16	53.8
27	45.7
48	17.9
90	17.0
290	34.6
60	26.0
17	31.9
302	37.7
197	51.6
46	44.1
50	38.6
26	32.3
70	34.7
161	35.3
205	64.1
213	+3.0
26
17	Northern Iowa
   5 seed, R32	MVC	33	30–3
16–2	114.0
19	92.2
21	.9206
17	56.2
8	45.1
29	18.0
96	19.3
150	26.9
299	26.9
28	40.2
88	26.7
8	53.9
12	43.8
40	39.7
10	31.6
46	40.0
45	38.1
294	58.5
348	+5.6
14
18	Ohio St.
   10 seed, R32	B10	33	23–10
11–7	114.2
17	92.8
29	.9152
18	54.5
21	46.6
72	17.0
50	22.1
22	34.1
72	31.4
185	34.8
234	27.4
13	53.9
12	45.8
97	37.2
58	31.8
57	32.1
233	37.9
290	66.6
88	+2.4
28
19	Iowa St.
   3 seed, R64	B12	33	25–8
12–6	118.1
10	96.7
65	.9086
19	54.7
16	47.9
116	15.8
16	18.5
207	28.5
264	29.2
83	37.4
158	24.3
4	54.7
10	45.4
83	36.6
73	35.2
220	36.8
103	34.6
183	69.9
14	+6.8
11
20	Iowa
   7 seed, R32	B10	32	21–11
12–6	113.1
26	92.6
25	.9085
20	47.8
224	45.1
29	17.4
68	19.3
150	35.8
33	30.5
139	39.6
107	29.2
27	46.9
209	43.1
26	33.2
217	32.4
73	30.7
259	36.5
252	64.6
189	+2.0
30
21	Texas
   11 seed, R64	B12	33	20–13
8–10	110.6
42	91.4
15	.8999
21	49.4
146	42.2
4	20.0
234	14.2
349	38.0
11	29.0
76	36.9
174	34.2
125	48.6
129	37.8
1	33.9
188	34.8
197	34.0
173	30.9
78	62.9
274	+0.8
41
22	Butler
   6 seed, R32	BE	32	22–10
12–6	108.5
64	89.7
8	.8998
22	49.1
169	46.9
83	17.4
68	19.3
150	35.5
38	24.9
7	40.5
80	33.3
97	47.2
195	47.3
151	35.8
99	30.6
22	29.0
293	33.9
161	64.1
213	+3.4
23
23	Georgetown
   4 seed, R32	BE	31	21–10
12–6	111.5
36	93.2
34	.8872
23	50.9
88	46.6
72	19.2
178	20.6
77	34.3
68	31.3
177	44.1
29	43.9
302	50.4
72	42.7
20	34.7
148	35.9
253	31.6
240	35.1
198	64.7
183	+3.6
21
24	Xavier
   6 seed, Sweet Sixteen	BE	34	21–13
9–9	115.0
15	96.2
63	.8861
24	53.0
40	50.2
218	18.0
96	19.2
158	31.3
157	27.1
34	38.1
134	34.4
127	53.4
18	48.9
212	34.9
138	35.0
207	32.8
216	37.2
270	66.0
117	+1.3
36
25	West Virginia
   5 seed, Sweet Sixteen	B12	32	23–9
11–7	110.5
45	92.9
30	.8803
25	46.6
274	52.6
301	18.7
139	28.2
1	40.9
4	31.1
169	40.4
82	55.9
351	45.9
253	51.6
304	31.9
273	36.5
274	33.8
180	31.8
95	69.1
21	+3.9
18
Rk	Team	Conf	G	Rec	AdjOE	AdjDE	Barthag	Efg%	EfgD%	TOR	TORD	ORB	DRB	FTR	FTRD	2P%	2P%D	3P%	3P%D	3PR	3PRD	Adj T.	WAB
26	Providence
   6 seed, R64	BE	33	22–11
11–7	111.8
34	94.0
44	.8796
26	48.6
195	48.1
128	17.9
90	19.7
133	35.3
40	29.5
98	41.6
62	38.5
211	49.4
97	47.0
136	31.0
304	33.3
117	28.4
301	35.8
228	65.8
126	+3.6
22
27	Florida	SEC	33	16–17
8–10	106.2
91	89.7
9	.8745
27	49.6
140	46.0
55	19.6
205	21.6
32	31.7
140	29.1
80	31.4
311	37.8
200	50.3
74	44.6
61	32.4
250	32.8
88	38.2
71	31.5
92	62.7
283	-3.0
84
28	San Diego St.
   8 seed, R32	MWC	33	25–8
14–4	102.5
165	86.9
5	.8697
28	46.7
269	42.7
5	18.6
131	21.5
37	35.9
31	30.2
125	36.2
193	26.7
8	46.1
242	41.2
5	32.1
261	30.6
22	30.5
266	32.3
112	61.2
324	+1.5
33
29	SMU
   6 seed, R64	Amer	32	26–6
15–3	111.2
39	94.5
47	.8665
29	52.4
47	45.5
40	19.7
213	20.0
116	36.9
22	29.3
91	44.1
29	31.2
48	51.9
37	43.1
26	36.0
90	32.2
68	22.9
349	45.7
351	63.7
243	+3.3
24
30	BYU
   11 seed, R68	WCC	33	23–10
13–5	118.1
11	100.8
142	.8608
30	53.2
36	49.6
189	16.4
33	17.7
260	33.4
101	28.4
60	42.5
44	39.2
224	50.2
80	49.6
239	39.0
19	33.1
104	36.6
106	32.3
112	70.9
6	+0.9
38
31	Maryland
   4 seed, R32	B10	33	27–6
14–4	109.9
52	93.9
40	.8595
31	50.9
88	45.4
39	18.4
121	17.3
275	29.2
239	30.4
130	44.5
27	27.9
17	47.8
163	44.6
61	37.2
58	31.2
34	38.2
71	37.4
277	64.6
189	+6.8
10
32	St. John's
   9 seed, R64	BE	31	20–11
10–8	109.6
54	93.8
39	.8575
32	49.3
159	46.1
60	15.7
11	19.5
142	27.8
279	35.4
331	36.2
193	32.6
78	47.9
160	44.8
69	35.1
126	32.4
73	30.5
266	35.4
213	66.9
72	+2.2
29
33	Arkansas
   5 seed, R32	SEC	34	26–8
13–5	113.3
22	97.0
71	.8569
33	50.2
108	48.6
150	16.6
38	22.6
19	35.6
37	34.2
307	37.3
162	38.5
211	49.1
107	46.6
121	35.0
131	35.3
222	31.1
253	31.3
85	70.1
12	+3.8
19
34	Davidson
   10 seed, R64	A10	30	23–7
14–4	119.3
6	102.4
171	.8535
34	56.0
11	49.1
167	14.3
2	17.3
275	29.8
211	30.1
123	29.0
339	35.4
144	53.5
17	51.3
296	39.3
16	29.8
8	45.7
9	33.1
139	67.3
60	+1.8
31
35	Purdue
   9 seed, R64	B10	33	21–12
12–6	110.1
47	94.5
49	.8530
35	50.7
95	45.5
40	20.0
234	17.8
253	36.2
28	31.1
169	42.5
44	38.5
211	51.0
57	42.3
16	33.5
204	35.0
207	32.3
230	31.0
80	65.0
166	+0.9
40
36	N.C. State
   8 seed, Sweet Sixteen	ACC	33	20–13
10–8	113.3
23	97.3
81	.8520
36	49.6
140	45.5
40	16.2
27	15.4
340	34.1
72	30.5
139	36.1
200	34.1
117	47.4
185	43.6
36	36.1
86	33.2
113	32.4
227	31.3
85	64.9
175	+1.0
37
37	Syracuse	ACC	31	18–13
9–9	105.9
94	91.0
10	.8514
37	47.3
244	46.4
66	17.9
90	21.1
57	33.5
97	31.3
177	35.4
221	30.0
31	48.3
146	45.9
100	30.0
325	31.4
42	29.1
292	37.4
277	66.4
96	-0.38
53
38	VCU
   7 seed, R64	A10	35	26–9
12–6	109.0
59	93.9
43	.8466
38	48.8
186	49.3
179	15.7
11	23.8
9	31.7
140	30.8
155	37.5
155	37.7
197	47.2
195	48.1
179	34.2
175	34.4
184	39.9
46	35.3
205	67.4
59	+3.1
25
39	Georgia
   10 seed, R64	SEC	32	21–11
11–7	107.8
69	93.2
33	.8435
39	48.9
179	44.2
14	19.3
185	16.8
299	32.3
118	28.9
73	47.8
5	34.3
126	47.7
168	43.0
23	34.4
165	31.0
30	31.3
248	35.4
213	64.7
183	+1.5
32
40	Oklahoma St.
   9 seed, R64	B12	30	17–13
8–10	109.7
53	94.8
52	.8432
40	50.1
111	46.0
55	18.6
131	21.2
49	26.9
299	33.1
266	39.7
102	42.4
281	49.0
110	43.5
33	34.6
151	34.3
178	38.5
66	32.0
103	63.9
231	+0.05
48
41	Miami FL	ACC	34	22–12
10–8	112.3
31	97.1
76	.8416
41	51.0
85	48.6
150	16.0
20	18.0
239	29.0
247	29.7
110	35.2
225	27.9
17	48.5
135	47.3
151	36.4
79	34.0
162	40.6
39	33.7
153	62.7
283	+0.7
42
42	Cincinnati
   8 seed, R32	Amer	32	22–10
13–5	106.4
88	92.5
23	.8335
42	50.4
104	44.5
20	21.3
303	20.3
93	37.3
17	31.7
205	37.8
145	25.4
7	50.5
71	42.0
10	33.3
213	32.9
93	30.6
263	33.4
147	60.2
341	-1.2
65
43	Indiana
   10 seed, R64	B10	33	20–13
9–9	118.9
8	103.4
194	.8327
43	54.6
18	50.5
229	17.1
54	16.1
327	35.3
40	31.3
177	32.7
283	32.1
70	50.7
65	51.0
284	40.3
7	32.8
88	39.6
51	30.7
72	67.1
65	-0.37
52
44	LSU
   9 seed, R64	SEC	32	22–10
11–7	107.1
78	93.7
38	.8238
44	50.5
102	44.6
21	20.5
271	19.2
158	34.0
79	33.0
263	33.4
267	30.0
31	50.3
74	43.6
36	33.9
188	31.3
39	28.5
299	28.9
23	70.3
10	+0.45
45
45	Stanford	P12	33	20–13
9–9	112.0
32	98.1
103	.8211
45	49.8
125	49.0
164	16.2
27	17.3
275	33.8
87	27.8
41	38.5
129	36.3
164	46.1
242	45.4
83	38.5
29	37.7
314	31.3
248	32.3
112	65.1
157	-1.1
64
46	Mississippi
   11 seed, R64	SEC	33	21–12
11–7	112.8
28	99.0
115	.8175
46	48.2
203	47.4
98	16.6
38	18.9
178	34.9
52	31.3
177	37.2
165	41.4
261	47.1
203	43.4
32	33.7
193	35.5
230	32.9
211	40.0
319	66.6
88	-0.6
55
47	Minnesota	B10	32	17–15
6–12	110.7
41	97.4
84	.8138
47	52.1
56	50.8
241	17.7
79	24.2
7	30.0
204	33.4
282	32.9
278	34.5
129	50.1
82	48.3
191	37.2
58	36.8
286	33.6
186	36.6
255	68.1
32	-2.5
76
48	Vanderbilt	SEC	32	19–13
9–9	112.9
27	99.3
117	.8138
48	54.0
25	46.5
69	20.1
241	18.4
216	32.0
125	33.1
266	41.8
60	34.0
115	51.8
39	44.6
61	38.6
26	33.5
129	36.1
121	33.0
134	63.4
262	-2.6
78
49	UCLA
   11 seed, Sweet Sixteen	P12	33	20–13
11–7	110.1
48	96.9
69	.8126
49	49.4
146	48.7
156	17.5
72	18.5
207	33.8
87	28.1
49	36.3
191	32.7
82	47.2
195	45.7
91	36.3
80	35.5
230	29.3
289	39.1
314	66.9
72	-0.05
49
50	TCU	B12	33	18–15
4–14	106.8
80	94.1
45	.8118
50	47.9
218	44.1
13	18.4
121	20.0
116	37.5
15	33.4
282	46.5
12	48.0
331	47.5
180	42.2
14	32.7
241	33.5
129	25.4
339	24.5
3	64.1
213	-2.8
82
Rk	Team	Conf	G	Rec	AdjOE	AdjDE	Barthag	Efg%	EfgD%	TOR	TORD	ORB	DRB	FTR	FTRD	2P%	2P%D	3P%	3P%D	3PR	3PRD	Adj T.	WAB
51	Illinois	B10	33	19–14
9–9	107.2
76	94.5
48	.8100
51	47.6
233	48.0
121	15.2
7	19.7
133	30.2
193	28.0
44	31.2
314	30.4
40	44.4
300	47.3
151	35.5
112	32.9
93	35.2
150	36.0
236	65.6
136	-0.7
56
52	South Carolina	SEC	32	16–16
6–12	104.0
136	91.8
18	.8072
52	45.2
314	44.8
24	19.6
205	21.0
60	34.6
60	31.5
190	37.3
162	44.5
309	45.2
277	43.2
28	30.1
320	31.7
51	33.6
186	36.3
246	64.9
175	-3.7
95
53	Oregon
   8 seed, R32	P12	33	24–9
13–5	112.6
29	99.5
118	.8062
53	52.1
56	47.8
112	17.0
50	16.8
299	30.6
180	31.7
205	29.5
337	35.3
142	50.6
68	46.8
128	36.7
70	33.3
117	33.9
175	32.5
121	66.9
72	+3.0
27
54	Michigan	B10	31	15–16
8–10	109.3
56	96.7
67	.8022
54	49.4
146	50.9
248	15.6
9	19.4
144	25.5
325	31.2
174	26.6
350	26.7
8	47.0
205	50.8
277	35.3
119	34.0
162	40.6
39	35.4
213	60.3
340	-2.5
77
55	Boise St.
   11 seed, R68	MWC	32	23–9
14–4	109.5
55	96.9
68	.8021
55	53.2
36	47.6
104	16.1
24	19.4
144	27.8
279	25.6
12	32.4
292	31.6
58	49.6
93	48.1
179	38.9
20	31.3
39	41.5
34	35.7
224	63.5
254	+0.47
44
56	Texas A&M	SEC	32	21–11
11–7	107.0
79	94.9
57	.8001
56	50.6
100	46.4
66	19.1
171	19.4
144	33.7
90	28.0
44	37.8
145	37.0
187	49.7
89	46.7
124	35.2
122	30.6
22	29.6
284	42.8
344	64.2
203	-0.43
54
57	Stephen F. Austin
   12 seed, R64	Slnd	30	26–4
17–1	111.6
35	98.9
112	.7993
57	56.2
8	48.8
161	20.3
257	24.4
5	37.7
12	29.9
117	42.4
46	49.0
337	55.6
5	48.2
187	38.1
34	33.6
137	36.2
118	27.8
16	66.5
95	+1.5
35
58	Illinois St.	MVC	33	21–12
11–7	106.6
81	94.8
54	.7948
58	48.5
197	47.2
93	19.9
226	20.5
82	36.7
23	29.2
83	34.9
230	40.9
249	46.8
214	46.1
106	34.7
148	32.9
93	31.6
240	33.7
153	65.5
138	-2.6
80
59	Saint Mary's	WCC	30	20–10
13–5	110.2
46	98.0
98	.7946
59	52.4
47	48.0
121	18.8
152	15.4
340	33.2
109	24.7
6	34.1
253	33.2
93	50.6
68	47.2
143	37.1
62	33.1
104	35.7
133	32.5
121	63.2
266	-0.7
57
60	Colorado St.	MWC	33	26–7
13–5	110.5
44	98.4
108	.7920
60	50.1
111	48.7
156	16.1
24	18.0
239	34.1
72	25.4
9	41.9
56	33.3
97	49.0
110	45.7
91	34.8
144	36.2
267	36.6
106	35.4
213	67.1
65	+1.5
34
61	Dayton
   11 seed, R32	A10	34	26–8
13–5	106.4
87	94.8
53	.7907
61	52.9
42	47.2
93	17.8
83	20.9
64	23.9
333	28.2
54	48.2
4	30.7
44	53.1
21	47.1
140	35.1
126	31.7
51	37.7
82	32.9
132	63.9
231	+0.9
39
62	Richmond	A10	33	20–13
12–6	107.1
77	95.6
59	.7877
62	52.4
47	46.5
69	15.9
17	21.5
37	23.0
341	33.1
266	32.6
286	33.2
93	53.0
24	46.7
124	34.3
170	30.7
25	37.5
88	29.5
37	61.9
306	-3.4
89
63	Rhode Island	A10	31	22–9
13–5	102.1
170	91.2
13	.7861
63	49.0
174	44.2
14	20.8
284	22.1
22	32.6
112	29.1
80	47.7
6	44.4
308	50.3
74	45.2
74	30.3
315	27.6
3	28.0
310	26.6
8	65.7
130	-1.0
62
64	George Washington	A10	34	22–12
10–8	106.0
93	94.9
56	.7820
64	48.7
191	45.6
45	18.9
159	18.5
207	35.8
33	30.5
139	39.7
102	28.6
22	47.4
185	44.5
59	34.7
148	31.7
51	28.6
297	34.5
180	62.6
290	-2.2
71
65	Buffalo
   12 seed, R64	MAC	32	23–9
12–6	108.8
62	97.6
87	.7786
65	48.6
195	48.5
148	16.4
33	19.8
126	34.7
56	30.4
130	42.3
51	33.8
106	47.6
175	47.9
170	34.0
182	33.0
99	30.2
272	38.1
294	69.2
20	-1.0
60
66	Valparaiso
   13 seed, R64	Horz	30	25–5
13–3	105.0
106	94.3
46	.7757
66	51.4
76	44.9
26	19.1
171	18.6
202	35.0
47	27.6
37	36.7
178	32.7
82	48.5
135	42.1
13	38.1
34	33.0
99	33.4
196	36.9
261	63.2
266	+0.40
46
67	Alabama	SEC	32	18–14
8–10	109.2
57	98.0
99	.7749
67	50.9
88	47.4
98	19.0
164	19.0
170	29.8
211	31.8
210	44.2
28	39.2
224	52.3
33	46.7
124	32.6
243	32.4
73	40.5
41	37.2
270	62.7
283	-1.8
69
68	Clemson	ACC	31	16–15
8–10	103.7
142	93.4
37	.7692
68	46.0
294	45.6
45	18.6
131	17.7
260	34.1
72	31.4
185	34.4
244	31.2
48	46.5
230	43.9
44	29.9
326	32.8
88	33.9
175	33.2
141	62.2
300	-3.1
86
69	Arizona St.	P12	33	18–15
9–9	107.7
71	97.1
74	.7666
69	51.1
83	50.2
218	20.8
284	19.3
150	31.7
140	25.7
14	42.6
42	34.0
115	50.3
74	48.5
199	35.0
131	36.3
270	36.7
104	28.5
20	66.2
106	-3.8
99
70	Old Dominion	CUSA	32	25–7
13–5	104.9
110	94.7
50	.7653
70	48.9
179	46.1
60	17.5
72	21.2
49	36.3
26	26.8
27	30.7
324	39.4
226	48.6
129	45.6
88	32.9
233	31.2
34	33.1
206	39.2
315	60.5
338	-1.0
61
71	Georgia St.
   14 seed, R32	SB	32	23–9
15–5	109.1
58	98.5
109	.7642
71	51.9
63	45.0
27	16.5
37	22.8
16	30.5
184	34.5
319	38.4
131	39.4
226	53.4
18	42.2
14	31.9
273	32.6
83	27.4
318	42.0
340	63.5
254	-2.6
79
72	Temple	Amer	34	24–10
13–5	101.7
180	91.9
19	.7633
72	43.9
335	44.3
16	15.0
5	19.3
150	31.7
140	29.5
98	35.5
218	33.9
112	43.0
328	43.3
30	30.3
315	31.0
30	36.4
114	32.7
129	66.0
117	-0.27
51
73	Murray St.	OVC	31	26–5
16–0	113.4
21	102.5
174	.7613
73	54.3
23	46.9
83	16.8
45	18.7
192	35.7
35	32.2
232	40.0
93	37.0
187	52.9
28	44.5
59	38.0
38	34.3
178	34.0
173	34.8
189	66.8
80	+0.27
47
74	Green Bay	Horz	31	22–9
12–4	102.6
161	92.8
28	.7609
74	49.3
159	46.0
55	18.5
128	20.8
70	33.3
105	29.4
94	39.3
113	39.8
232	51.8
39	44.0
45	28.3
344	33.7
143	26.4
327	30.3
57	65.4
144	-0.9
59
75	Seton Hall	BE	31	16–15
6–12	108.0
66	97.8
95	.7574
75	48.2
203	47.7
111	18.7
139	18.0
239	34.7
56	33.2
273	38.1
134	38.0
205	46.0
247	49.0
214	35.0
131	30.0
16	34.9
156	31.9
99	66.3
99	-2.4
75
Rk	Team	Conf	G	Rec	AdjOE	AdjDE	Barthag	Efg%	EfgD%	TOR	TORD	ORB	DRB	FTR	FTRD	2P%	2P%D	3P%	3P%D	3PR	3PRD	Adj T.	WAB
76	Pittsburgh	ACC	33	18–15
8–10	112.4
30	101.8
161	.7568
76	49.1
169	50.0
212	15.7
11	17.4
272	34.3
68	31.6
198	34.8
234	37.8
200	48.6
129	49.0
214	33.6
200	34.9
204	25.9
334	30.8
74	61.0
329	-1.6
68
77	Memphis	Amer	32	18–14
10–8	104.3
129	94.7
51	.7522
77	48.4
199	44.4
18	20.2
251	19.2
158	37.0
20	31.6
198	31.6
305	38.7
215	48.1
153	43.8
40	32.8
236	30.4
19	27.7
315	30.9
78	66.7
84	-5.2
125
78	Tulsa	Amer	32	23–9
14–4	101.3
188	92.5
22	.7416
78	47.6
233	45.0
27	17.8
83	19.4
144	30.4
189	28.1
49	41.7
61	30.1
34	46.6
224	42.7
20	33.3
213	32.4
73	32.1
233	38.1
294	64.2
203	-0.23
50
79	Georgia Tech	ACC	31	12–19
3–15	102.3
168	93.4
36	.7398
79	44.4
329	49.2
172	19.6
205	18.0
239	38.7
10	25.8
15	31.1
316	33.8
106	46.1
242	49.9
252	26.7
349	31.9
60	27.3
319	32.8
131	64.2
203	-6.2
147
80	Penn St.	B10	34	18–16
4–14	103.8
141	94.8
55	.7392
80	48.0
215	45.3
35	18.2
108	17.8
253	29.7
219	31.0
166	34.7
237	41.5
262	46.8
214	43.6
36	33.4
208	32.6
83	35.9
125	33.3
145	65.9
123	-3.6
94
81	Boston College	ACC	32	13–19
4–14	107.5
72	99.2
116	.7165
81	50.8
92	49.4
185	18.8
152	18.8
187	26.0
316	30.9
162	35.0
229	40.8
245	52.1
36	49.0
214	32.4
250	33.5
129	38.3
68	31.5
92	63.9
231	-6.0
139
82	Marquette	BE	32	13–19
4–14	104.0
135	95.9
61	.7162
82	49.8
125	49.2
172	19.3
185	21.0
60	29.0
247	36.4
337	35.8
209	30.3
38	48.8
121	46.4
112	34.4
165	36.0
256	35.4
141	36.4
249	64.3
200	-4.9
119
83	Central Michigan	MAC	29	20–9
12–6	113.7
20	104.9
222	.7155
83	54.5
21	51.7
281	15.1
6	19.7
133	28.8
254	30.9
162	36.6
183	36.2
163	53.7
16	51.7
305	36.9
66	34.4
184	48.1
3	36.2
243	64.6
189	-2.3
74
84	Sam Houston St.	Slnd	30	22–8
15–3	101.7
182	93.9
41	.7148
84	47.7
231	44.8
24	19.8
219	20.3
93	36.1
29	27.5
36	46.5
12	40.8
245	47.3
191	43.5
33	32.2
255	31.9
60	40.3
44	28.1
18	65.0
166	-3.2
87
85	Kansas St.	B12	32	15–17
8–10	104.7
117	96.7
66	.7126
85	47.8
224	49.7
199	20.9
290	20.2
103	34.0
79	31.4
185	46.0
18	41.0
252	46.9
209	49.5
236	33.5
204	33.5
129	26.4
327	31.8
95	62.7
283	-2.8
83
86	Louisiana Tech	CUSA	33	25–8
15–3	105.7
99	97.6
92	.7123
86	50.6
100	46.7
75	15.7
11	22.8
16	29.0
247	35.2
329	34.4
244	30.8
45	51.5
47	45.4
83	32.8
236	33.2
113	35.7
133	29.1
27	67.9
43	-1.4
67
87	Oregon St.	P12	30	16–14
8–10	98.6
248	91.1
12	.7117
87	46.6
274	44.7
22	19.1
171	23.7
10	28.5
264	32.8
254	36.8
176	44.3
306	46.0
247	44.4
56	32.0
265	30.0
16	31.8
237	40.9
335	60.9
331	-4.0
101
88	Creighton	BE	33	14–19
4–14	108.5
63	100.5
136	.7087
88	49.4
146	50.5
229	18.4
121	17.1
286	31.3
157	28.1
49	36.3
191	33.4
100	47.6
175	46.9
131	34.6
151	38.0
324	42.7
24	35.7
224	63.1
271	-5.9
136
89	UC Irvine
   13 seed, R64	BW	31	19–12
11–5	105.0
107	97.3
80	.7073
89	50.7
95	44.7
22	18.0
96	17.3
275	29.8
211	30.7
151	31.0
318	36.1
160	47.7
168	42.3
16	38.3
30	33.6
137	30.5
266	29.1
27	64.1
213	-4.3
107
90	Toledo	MAC	33	20–13
11–7	111.3
38	103.1
185	.7067
90	52.3
51	49.7
199	18.1
104	16.2
322	33.3
105	29.4
94	41.2
68	31.0
47	51.2
53	51.0
284	36.6
73	31.7
51	29.0
293	38.2
297	67.2
63	-4.7
116
91	Connecticut	Amer	35	20–15
10–8	104.7
116	97.0
73	.7049
91	50.0
117	45.2
31	18.6
131	17.9
247	30.2
193	30.5
139	32.3
296	32.6
78	48.4
140	42.8
22	35.4
115	33.2
113	35.0
153	33.7
153	62.6
290	-3.2
88
92	UTEP	CUSA	33	22–11
13–5	104.8
111	97.3
78	.7037
92	52.0
61	46.9
83	18.8
152	18.7
192	29.1
244	29.8
113	43.8
34	31.9
64	50.9
58	45.2
74	36.6
73	33.6
137	29.5
286	32.0
103	65.0
166	-3.5
93
93	Colorado	P12	33	16–17
7–11	105.7
98	98.1
100	.7022
93	48.7
191	48.7
156	19.8
219	17.0
290	34.1
72	28.2
54	40.4
82	33.6
102	48.0
157	46.5
117	33.7
193	35.0
207	28.3
304	36.9
261	65.0
166	-5.6
132
94	Harvard
   13 seed, R64	Ivy	27	20–7
11–3	100.9
195	93.9
42	.6958
94	47.3
244	46.1
60	18.7
139	19.9
120	32.3
118	27.8
41	39.0
119	33.1
90	45.8
257	44.1
50	34.1
180	33.4
124	26.5
326	32.3
112	61.8
311	-1.1
63
95	Wake Forest	ACC	32	13–19
5–13	104.6
118	97.6
91	.6890
95	47.8
224	50.9
248	19.3
185	17.1
286	31.8
134	26.4
21	41.5
65	35.2
140	46.5
230	51.1
288	33.6
200	33.8
152	33.9
175	35.2
200	68.7
25	-5.8
134
96	Yale	Ivy	30	20–10
11–3	104.2
132	97.3
83	.6864
96	49.9
121	47.6
104	20.4
265	19.0
170	34.2
71	27.8
41	40.9
77	33.1
90	47.3
191	48.1
179	36.5
78	31.0
30	35.3
146	32.3
112	62.6
290	-2.7
81
97	UNLV	MWC	32	17–15
8–10	105.7
97	98.9
111	.6839
97	50.2
108	45.3
35	17.3
64	16.2
322	26.7
305	32.4
242	32.7
283	29.9
30	48.0
157	42.0
10	36.1
86	35.1
213	35.3
146	30.5
66	65.7
130	-5.3
129
98	Akron	MAC	34	20–14
9–9	103.7
147	97.3
79	.6754
98	49.4
146	45.5
40	18.8
152	18.8
187	33.3
105	31.5
190	31.3
312	41.0
252	46.7
217	43.8
40	34.9
138	33.0
99	47.8
5	30.7
72	64.1
213	-6.7
155
99	Florida St.	ACC	33	17–16
8–10	103.7
145	97.3
82	.6751
99	50.1
111	47.3
97	21.9
321	18.0
239	31.8
134	31.9
218	46.9
11	37.9
202	51.4
49	46.5
117	31.3
294	32.5
82	28.2
307	32.5
121	66.6
88	-3.4
92
100	UC Santa Barbara	BW	31	17–14
11–5	107.7
70	101.1
150	.6749
100	49.6
140	47.8
112	16.9
48	17.9
247	30.7
176	29.8
113	32.0
300	39.9
235	46.6
224	45.2
74	37.0
64	35.4
226	33.1
206	33.2
141	62.9
274	-5.0
122
Rk	Team	Conf	G	Rec	AdjOE	AdjDE	Barthag	Efg%	EfgD%	TOR	TORD	ORB	DRB	FTR	FTRD	2P%	2P%D	3P%	3P%D	3PR	3PRD	Adj T.	WAB
101	Bowling Green	MAC	31	21–10
11–7	103.9
138	97.6
88	.6723
101	49.7
134	46.7
75	18.5
128	19.8
126	31.7
140	29.4
94	32.1
299	32.7
82	48.7
126	45.8
97	34.3
170	32.2
68	36.5
111	37.5
279	63.8
237	-3.9
100
102	La Salle	A10	33	17–16
8–10	99.3
229	93.3
35	.6712
102	46.7
269	45.8
51	19.9
226	20.1
110	29.6
223	30.8
155	36.4
188	34.4
127	46.1
242	45.1
72	32.1
261	31.6
46	29.4
287	29.5
37	64.9
175	-6.1
144
103	New Mexico St.
   15 seed, R64	WAC	31	21–10
13–1	104.4
127	98.1
101	.6712
103	51.0
85	45.9
54	21.9
321	20.5
82	39.5
9	30.7
151	44.8
26	32.5
76	49.7
89	46.4
112	36.3
80	29.5
6	25.3
341	23.5
2	64.2
203	-4.3
104
104	Nebraska	B10	31	13–18
5–13	98.3
252	92.6
26	.6651
104	46.2
289	46.8
80	19.4
191	20.6
77	26.7
305	30.3
127	36.5
185	38.5
211	48.0
157	44.7
65	28.4
340	33.4
124	35.1
152	38.2
297	63.7
243	-5.4
130
105	San Diego	WCC	30	14–16
8–10	101.7
181	95.9
60	.6633
105	48.0
215	47.9
116	18.4
121	21.3
44	30.0
204	31.6
198	38.4
131	42.0
271	46.0
247	46.9
131	34.5
159	33.7
143	34.7
161	27.4
11	63.6
250	-6.3
148
106	Tennessee	SEC	32	16–16
7–11	107.3
75	101.2
151	.6630
106	48.2
203	51.9
285	19.7
213	22.6
19	37.0
20	33.3
278	32.3
296	43.5
299	47.4
185	49.1
223	33.1
222	37.1
296	34.3
168	43.1
345	60.8
333	-3.4
90
107	Washington	P12	31	16–15
5–13	106.5
86	100.6
139	.6575
107	49.3
159	47.1
89	17.5
72	16.8
299	31.4
153	33.2
273	33.9
259	31.7
62	48.9
116	46.0
105	33.4
208	33.0
99	33.1
206	29.5
37	66.1
111	-4.6
114
108	South Dakota St.	Sum	32	22–10
12–4	105.6
101	99.9
123	.6550
108	52.2
55	46.6
72	17.1
54	18.1
231	28.7
258	28.0
44	40.6
79	40.4
241	49.2
99	44.7
65	37.9
40	33.8
152	39.0
57	31.2
84	66.3
99	-4.4
110
109	Iona	MAAC	35	26–9
17–3	112.0
33	106.0
246	.6539
109	54.7
16	48.1
128	17.2
59	16.7
303	28.7
258	33.2
273	37.4
158	28.5
21	51.3
51	45.7
91	39.6
12	35.5
230	42.4
25	31.9
99	70.4
7	-1.8
70
110	Northeastern
   14 seed, R64	CAA	34	23–11
12–6	106.6
82	100.9
146	.6537
110	54.6
18	49.6
189	21.4
306	15.6
337	29.6
223	25.6
12	42.2
53	24.7
5	52.9
28	48.7
208	38.8
24	34.4
184	30.8
257	29.1
27	63.7
243	-4.2
102
111	Hawaii	BW	33	20–13
8–8	103.6
148	98.1
102	.6524
111	49.3
159	47.6
104	18.7
139	23.4
12	32.2
121	34.4
314	36.7
178	42.0
271	49.3
98	45.2
74	32.8
236	34.8
197	34.4
167	34.4
178	69.7
17	-6.0
140
112	Wofford
   12 seed, R64	SC	32	26–6
16–2	102.5
163	97.2
77	.6479
112	51.6
72	46.9
83	17.3
64	20.1
110	29.3
237	27.7
40	38.0
139	36.5
169	49.5
95	47.3
151	37.1
62	30.8
26	32.9
211	31.8
95	61.5
318	+0.47
43
113	Wyoming
   12 seed, R64	MWC	32	23–9
11–7	102.7
159	97.6
90	.6420
113	52.1
56	46.7
75	18.7
139	18.1
231	22.1
343	26.9
28	41.0
73	26.7
8	54.6
11	44.0
45	32.3
253	34.4
184	39.7
49	35.2
200	59.1
346	-1.3
66
114	William & Mary	CAA	31	18–13
12–6	111.4
37	106.0
245	.6396
114	56.3
6	50.5
229	17.5
72	17.6
264	24.2
330	29.9
117	35.5
218	31.9
64	54.8
9	49.1
223	38.9
20	35.3
222	42.8
23	38.0
292	64.4
197	-5.2
123
115	Cleveland St.	Horz	31	17–14
11–5	104.8
112	100.1
127	.6307
115	51.5
74	48.1
128	18.9
159	21.0
60	31.8
134	30.7
151	30.8
322	44.5
309	48.7
126	45.3
79	37.8
44	35.5
230	35.6
137	35.7
224	61.3
323	-6.6
152
116	Hofstra	CAA	34	20–14
11–7	108.9
60	104.0
200	.6302
116	52.3
51	49.5
187	16.0
20	19.6
138	32.7
110	28.4
60	39.8
98	38.7
215	50.9
58	48.8
210	36.2
84	33.9
154	41.6
33	33.7
153	69.4
18	-8.0
173
117	California	P12	33	18–15
7–11	101.4
185	97.0
72	.6258
117	48.9
179	46.8
80	16.6
38	14.3
348	26.0
316	25.1
8	30.3
328	38.8
219	47.0
205	45.6
88	35.9
94	33.4
124	27.6
317	25.4
5	66.1
111	-3.4
91
118	Portland	WCC	31	15–16
7–11	107.9
67	103.2
189	.6257
118	50.0
117	49.7
199	18.3
112	17.2
281	35.0
47	30.7
151	36.1
200	35.9
156	46.9
209	49.0
214	37.8
44	34.1
165	31.5
243	32.4
117	64.6
189	-6.1
143
119	North Carolina Central	MEAC	30	22–8
16–0	101.8
177	97.5
86	.6233
119	53.2
36	42.1
3	19.8
219	20.2
103	31.0
168	30.8
155	37.2
165	41.1
255	53.1
21	41.3
6	35.6
105	29.1
4	36.5
111	34.5
180	59.9
342	-2.2
72
120	Pepperdine	WCC	31	17–14
10–8	99.1
231	94.9
58	.6218
120	46.9
259	45.6
45	19.3
185	19.1
165	28.7
258	32.8
254	37.0
172	33.8
106	46.6
224	47.7
162	31.8
277	27.3
1	27.9
311	30.3
57	64.1
213	-3.7
98
121	UC Davis	BW	30	23–7
14–2	109.9
51	105.3
227	.6204
121	57.3
3	48.4
142	20.9
290	17.9
247	28.6
263	33.7
287	39.3
113	33.3
97	51.7
44	46.5
117	44.1
1	34.6
192	39.1
55	35.0
193	63.1
271	-0.7
58
122	Kent St.	MAC	32	21–11
12–6	104.6
119	100.2
130	.6202
122	49.8
125	46.1
60	17.6
77	18.3
221	33.5
97	32.1
228	37.8
145	39.6
229	46.7
217	45.0
71	36.7
70	32.4
73	36.9
98	30.3
57	61.9
306	-4.4
108
123	Massachusetts	A10	32	17–15
10–8	104.4
125	100.2
129	.6164
123	47.3
244	48.7
156	20.5
271	17.5
268	34.0
79	31.3
177	42.4
46	35.2
140	48.4
140	47.1
140	29.6
331	35.0
207	27.3
319	29.4
33	67.8
45	-4.8
117
124	San Francisco	WCC	31	13–18
7–11	104.6
121	100.5
138	.6113
124	50.7
95	49.2
172	17.9
90	18.9
178	30.5
184	30.8
155	41.0
73	38.7
215	50.7
65	46.9
131	33.7
193	35.5
230	34.6
165	36.7
258	66.1
111	-9.0
199
125	Northwestern	B10	32	15–17
6–12	104.7
115	100.7
140	.6109
125	50.4
104	48.4
142	18.1
104	15.5
339	27.6
282	30.9
162	28.6
342	32.8
86	48.3
146	43.8
40	35.9
94	37.7
314	38.0
77	36.1
239	60.6
337	-4.2
103
Rk	Team	Conf	G	Rec	AdjOE	AdjDE	Barthag	Efg%	EfgD%	TOR	TORD	ORB	DRB	FTR	FTRD	2P%	2P%D	3P%	3P%D	3PR	3PRD	Adj T.	WAB
126	Utah St.	MWC	30	17–13
11–7	104.8
113	100.9
147	.6070
126	52.4
47	45.8
51	16.3
31	17.0
290	21.7
345	34.0
300	36.4
188	29.1
25	48.5
135	46.3
108	39.4
15	29.9
14	37.2
92	35.9
231	64.1
213	-5.9
137
127	New Mexico	MWC	31	15–16
7–11	99.7
224	96.1
62	.6041
127	47.9
218	46.7
75	20.2
251	18.6
202	33.3
105	26.1
18	38.4
131	32.8
86	48.6
129	46.4
112	30.8
307	31.4
42	30.2
272	41.8
339	62.8
280	-8.0
174
128	St. Bonaventure	A10	31	18–13
10–8	102.6
162	99.0
113	.6002
128	47.1
253	48.4
142	18.9
159	19.7
133	35.0
47	29.0
76	37.9
143	33.9
112	47.1
203	45.3
79	31.4
289	36.2
267	29.2
291	34.4
178	65.0
166	-5.2
126
129	Long Beach St.	BW	31	14–17
10–6	102.3
166	98.8
110	.5994
129	47.6
233	49.2
172	20.2
251	21.0
60	31.5
150	34.0
300	34.4
244	36.9
185	46.3
237	49.0
214	33.2
217	33.0
99	36.9
98	37.6
283	65.7
130	-5.5
131
130	Evansville	MVC	31	19–12
9–9	103.5
150	100.0
125	.5974
130	51.3
78	49.6
189	19.7
213	19.9
120	26.1
314	28.0
44	45.5
21	31.7
62	50.9
58	48.3
191	35.1
126	34.8
197	23.8
347	34.0
163	66.0
117	-4.5
112
131	DePaul	BE	32	12–20
6–12	107.5
73	104.2
205	.5888
131	50.7
95	50.8
241	19.8
219	18.8
187	27.4
292	35.5
332	36.5
185	48.7
334	49.2
99	52.7
325	35.2
122	31.2
34	40.5
41	31.0
80	67.7
47	-7.4
168
132	Vermont	AE	31	18–13
12–4	100.5
204	97.5
85	.5875
132	51.9
63	43.3
7	19.9
226	20.5
82	27.1
298	29.2
83	42.4
46	41.1
255	51.2
53	41.6
8	35.6
105	31.7
51	30.0
277	29.5
37	64.2
203	-8.7
189
133	Louisiana	SB	31	18–13
13–7	103.3
151	100.1
128	.5870
133	50.0
117	47.6
104	20.4
265	18.4
216	35.0
47	27.6
37	38.7
123	36.8
181	49.2
99	47.4
156	34.6
151	32.1
65	31.5
243	29.4
33	70.4
7	-7.9
171
134	Eastern Washington
   13 seed, R64	BSky	31	23–8
14–4	110.8
40	107.5
281	.5868
134	55.4
14	52.0
289	15.9
17	17.7
260	29.3
237	30.6
150	35.6
214	35.1
138	52.3
33	49.0
214	39.6
12	38.4
330	43.2
18	35.0
193	68.6
26	-2.3
73
135	Auburn	SEC	34	14–20
4–14	104.3
130	101.4
155	.5799
135	46.9
259	52.5
299	18.9
159	21.3
44	27.6
282	34.1
302	48.8
2	41.9
270	43.4
320	53.8
339	35.0
131	33.3
117	38.8
60	32.7
129	68.0
37	-7.0
162
136	Eastern Michigan	MAC	31	17–14
8–10	99.4
228	96.9
70	.5724
136	46.9
259	46.2
64	17.8
83	21.5
37	30.2
193	33.7
287	41.5
65	42.5
284	46.7
217	44.0
45	31.4
289	33.1
104	38.1
74	38.6
305	66.3
99	-6.1
141
137	Albany
   14 seed, R64	AE	32	24–8
15–1	104.7
114	102.1
167	.5718
137	50.1
111	49.6
189	19.0
164	20.3
93	32.5
115	25.5
11	39.9
96	30.4
40	48.1
153	45.9
100	36.0
90	36.5
274	34.1
171	41.6
337	61.5
318	-3.0
85
138	Eastern Kentucky	OVC	29	18–11
11–5	103.7
146	101.2
153	.5676
138	53.6
29	53.4
324	18.0
96	27.0
2	22.1
343	34.3
311	34.2
249	35.7
153	55.4
7	49.7
247	34.4
165	39.2
344	47.4
6	40.8
334	64.0
225	-5.3
128
139	Loyola Chicago	MVC	31	18–13
8–10	103.0
153	100.9
145	.5592
139	52.9
42	49.6
189	21.0
298	20.2
103	28.2
271	32.0
225	32.5
288	30.8
45	50.0
84	50.7
274	39.1
18	31.9
60	32.9
211	37.1
264	61.0
329	-4.5
113
140	Stony Brook	AE	33	21–12
12–4	100.2
211	98.2
105	.5576
140	46.0
294	46.0
55	18.6
131	17.7
260	37.1
19	25.4
9	32.4
292	32.2
72	45.1
282	43.0
23	32.1
261	34.3
178	29.0
293	35.2
200	64.5
195	-4.5
111
141	Cal Poly	BW	27	11–16
6–10	101.4
186	99.6
119	.5507
141	44.1
331	49.3
179	14.8
4	17.3
275	31.9
129	28.2
54	31.5
307	31.3
52	42.5
333	47.3
151	31.6
282	35.6
239	33.2
201	32.2
109	59.3
344	-8.8
190
142	Texas Tech	B12	32	13–19
3–15	99.7
223	98.2
104	.5427
142	45.7
301	49.2
172	21.8
319	20.1
110	34.6
60	32.6
248	46.1
16	36.5
169	44.5
296	48.2
187	32.3
253	33.9
154	32.5
223	38.4
300	62.4
297	-6.4
149
143	UAB
   14 seed, R32	CUSA	33	18–15
12–6	101.8
176	100.4
133	.5408
143	47.8
224	47.2
93	20.4
265	19.8
126	34.0
79	33.1
266	37.2
165	34.1
117	46.9
209	47.0
136	33.2
217	31.8
57	29.9
280	32.2
109	65.4
144	-7.2
165
144	Coastal Carolina
   16 seed, R64	BSth	29	20–9
12–6	104.2
133	102.8
177	.5388
144	49.9
121	47.1
89	17.8
83	17.0
290	35.2
42	27.6
37	39.6
107	35.6
148	48.2
151	45.1
72	35.4
115	33.5
129	34.2
169	39.4
316	63.9
231	-4.8
118
145	Columbia	Ivy	27	12–15
5–9	105.8
96	104.5
211	.5373
145	51.6
72	47.9
116	19.4
191	16.2
322	32.0
125	29.2
83	28.2
345	38.2
206	49.7
89	47.2
143	35.9
94	33.1
104	45.9
8	30.1
55	60.5
338	-9.5
207
146	Mississippi St.	SEC	31	12–19
6–12	98.9
237	97.8
96	.5313
146	47.5
238	48.0
121	23.3
337	18.9
178	32.3
118	31.1
169	46.4
15	36.5
169	47.9
160	47.0
136	31.1
300	33.2
113	28.3
304	37.3
273	64.2
203	-9.1
202
147	Georgia Southern	SB	28	19–9
14–6	98.7
245	97.7
93	.5296
147	47.3
244	46.2
64	18.3
112	22.0
24	32.6
112	32.2
232	36.2
193	32.7
82	47.5
180	45.9
100	31.4
289	31.2
34	41.5
34	37.2
270	63.8
237	-4.3
105
148	Western Michigan	MAC	32	18–14
10–8	106.5
85	105.5
237	.5265
148	51.3
78	51.9
285	18.1
104	18.9
178	29.8
211	30.4
130	42.7
40	36.7
178	49.9
86	51.1
288	35.9
94	35.4
226	35.8
127	40.6
332	65.5
138	-5.7
133
149	Morehead St.	OVC	32	15–17
10–6	101.7
179	100.8
143	.5264
149	49.3
159	49.1
167	20.1
241	21.2
49	34.7
56	28.2
54	34.7
237	55.2
350	48.4
140	48.4
196	34.0
182	33.7
143	33.7
183	32.4
117	65.7
130	-10.3
219
150	Belmont
   15 seed, R64	OVC	31	21–10
11–5	107.3
74	106.5
259	.5236
150	56.5
5	51.3
265	20.3
257	18.7
192	29.2
239	29.5
98	33.0
275	27.7
15	56.3
3	51.2
292	37.9
40	34.3
178	48.0
4	36.9
261	67.5
53	-4.4
109
Rk	Team	Conf	G	Rec	AdjOE	AdjDE	Barthag	Efg%	EfgD%	TOR	TORD	ORB	DRB	FTR	FTRD	2P%	2P%D	3P%	3P%D	3PR	3PRD	Adj T.	WAB
151	UNC Wilmington	CAA	31	17–14
12–6	100.5
203	99.8
121	.5218
151	47.5
238	47.9
116	18.0
96	20.4
88	31.0
168	32.4
242	37.5
155	47.4
329	46.3
237	46.9
131	34.0
182	33.5
129	25.3
341	30.3
57	68.0
37	-6.5
150
152	Mercer	SC	32	17–15
12–6	103.7
144	102.9
181	.5217
152	49.4
146	49.1
167	17.6
77	19.4
144	33.6
93	32.8
254	40.1
91	32.0
68	48.5
135	46.4
112	34.2
175	35.4
226	32.6
220	40.4
327	60.7
335	-9.2
204
153	USC	P12	32	12–20
3–15	98.8
240	98.2
106	.5176
153	46.8
266	48.0
121	20.0
234	19.1
165	31.5
150	34.3
311	33.8
261	31.2
48	45.8
257	47.2
143	32.9
233	32.9
93	27.7
315	35.3
205	68.6
26	-8.9
196
154	Montana	BSky	31	18–13
14–4	104.4
128	104.0
201	.5096
154	53.7
28	51.3
265	18.0
96	19.9
120	27.6
282	28.7
70	33.3
268	43.6
300	52.9
28	49.4
234	36.6
73	36.1
262	41.4
36	38.4
300	62.5
293	-6.8
157
155	Manhattan
   16 seed, R68	MAAC	33	19–14
13–7	100.0
215	99.7
120	.5078
155	49.4
146	48.1
128	21.1
299	23.9
8	30.9
171	33.1
266	47.4
7	52.3
345	48.8
121	48.0
171	33.6
200	32.4
73	36.6
106	27.2
10	68.1
32	-7.4
166
156	Saint Joseph's	A10	31	13–18
7–11	98.0
260	97.8
94	.5060
156	45.3
309	48.3
137	19.2
178	19.0
170	31.5
150	30.4
130	35.2
225	31.3
52	45.5
266	46.3
108	29.9
326	34.8
197	32.8
216	33.6
152	64.0
225	-9.4
206
157	Charlotte	CUSA	32	14–18
7–11	106.6
84	106.4
255	.5056
157	51.7
68	50.6
234	19.6
205	18.4
216	33.7
90	31.3
177	36.9
174	33.1
90	49.8
88	48.3
191	37.6
49	36.5
274	28.8
296	36.7
258	67.5
53	-9.9
213
158	North Florida
   16 seed, R68	ASun	32	20–12
12–2	105.2
104	105.0
224	.5054
158	53.6
29	47.9
116	18.3
112	17.9
247	29.2
239	31.8
210	39.7
102	34.1
117	51.1
55	48.3
191	38.1
34	31.3
39	42.1
28	27.6
12	67.5
53	-4.9
121
159	Virginia Tech	ACC	33	11–22
2–16	104.6
120	104.5
210	.5040
159	51.5
74	50.8
241	18.1
104	18.9
178	26.0
316	36.6
341	31.9
302	33.8
106	47.7
168	49.6
239	38.9
20	35.1
213	35.4
141	38.9
312	64.3
200	-9.0
200
160	Western Kentucky	CUSA	30	18–12
12–6	102.0
172	101.8
163	.5033
160	49.6
140	48.6
150	18.9
159	18.9
178	30.4
189	29.2
83	38.7
123	34.1
117	47.2
195	48.1
179	35.6
105	33.1
104	37.3
91	35.2
200	66.9
72	-5.3
127
161	Quinnipiac	MAAC	30	15–15
8–12	101.9
174	101.8
159	.5032
161	44.0
332	45.2
31	20.4
265	14.0
351	42.1
1	26.5
24	35.5
218	33.4
100	43.1
326	41.9
9	30.7
308	35.1
213	29.6
284	30.8
74	66.7
84	-10.6
223
162	Rider	MAAC	33	21–12
15–5	99.1
230	99.0
114	.5021
162	49.4
146	47.5
102	19.2
178	21.6
32	31.1
164	29.6
106	35.6
214	37.7
197	49.0
110	46.6
121	33.4
208	32.7
85	33.5
192	38.4
300	64.7
183	-5.2
124
163	Middle Tennessee	CUSA	35	18–17
9–9	99.8
221	99.9
124	.4962
163	47.9
218	49.9
205	20.3
257	20.3
93	31.6
147	26.1
18	36.8
176	42.2
276	44.2
307	48.0
171	36.3
80	35.7
242	36.1
121	32.6
126	61.5
318	-8.5
182
164	Princeton	Ivy	29	15–14
9–5	104.4
124	104.6
217	.4951
164	54.3
23	49.6
189	18.8
152	18.5
207	20.7
349	26.4
21	46.1
16	41.8
266	53.0
24	47.2
143	37.3
55	36.9
289	45.4
10	29.8
51	65.2
150	-8.7
188
165	Oakland	Horz	31	14–17
11–5	108.9
61	109.1
303	.4938
165	52.3
51	53.5
327	18.4
121	16.1
327	30.1
198	30.5
139	38.1
134	34.6
131	51.7
44	52.8
327	35.5
112	36.5
274	38.5
66	34.9
190	67.0
67	-7.0
163
166	Santa Clara	WCC	30	12–18
7–11	104.5
123	104.8
221	.4914
166	48.2
203	51.7
281	17.1
54	19.1
165	28.1
275	34.1
302	31.1
316	43.2
295	46.0
247	49.2
229	34.6
151	37.7
314	38.1
74	34.1
166	61.6
315	-8.7
183
167	Chattanooga	SC	30	20–10
15–3	103.0
154	103.3
191	.4910
167	50.5
102	48.0
121	19.4
191	18.7
192	32.5
115	32.7
250	43.8
34	43.2
295	49.9
86	46.3
108	34.4
165	35.0
207	35.8
127	27.6
12	65.3
149	-4.6
115
168	Canisius	MAAC	31	17–14
11–9	99.7
222	100.0
126	.4900
168	46.3
284	47.1
89	18.6
131	21.9
25	33.8
87	32.3
239	32.2
298	40.0
237	45.4
273	45.9
100	31.9
273	32.8
88	36.0
123	36.1
239	63.7
243	-8.9
197
169	North Dakota St.
   15 seed, R64	Sum	30	21–9
12–4	100.5
205	100.9
144	.4898
169	49.2
167	47.8
112	15.9
17	16.6
307	26.5
308	23.4
2	36.2
193	30.0
31	45.1
282	44.4
56	37.8
44	36.4
273	35.4
141	33.0
134	61.2
324	-3.7
97
170	Louisiana Monroe	SB	30	18–12
14–6	96.7
279	97.1
75	.4890
170	45.7
301	43.6
9	18.2
108	16.8
299	31.9
129	29.6
106	25.7
351	30.1
34	45.8
257	43.0
23	30.4
313	29.8
8	30.0
277	35.5
217	61.5
318	-6.7
156
171	USC Upstate	ASun	31	20–11
8–6	102.9
155	103.3
190	.4885
171	49.9
121	47.5
102	16.6
38	20.5
82	35.2
42	33.4
282	30.3
328	30.1
34	49.1
107	47.2
143	34.2
175	31.9
60	39.3
54	39.5
317	63.5
254	-6.6
154
172	High Point	BSth	29	20–9
13–5	105.0
108	105.5
236	.4849
172	51.9
63	51.0
251	17.3
64	19.8
126	30.3
192	31.8
210	34.0
256	32.5
76	49.2
99	50.0
257	38.7
25	35.1
213	30.5
266	38.8
310	62.9
274	-3.7
96
173	Washington St.	P12	31	13–18
7–11	106.6
83	107.3
278	.4796
173	49.6
140	52.4
296	17.3
64	14.1
350	26.4
311	30.3
127	39.7
102	34.1
117	48.7
126	50.8
277	34.2
175	37.4
302	36.6
106	29.6
43	67.8
45	-6.8
158
174	Indiana St.	MVC	30	14–16
11–7	100.3
209	101.1
149	.4796
174	49.4
146	48.6
150	20.9
290	20.8
70	26.4
311	31.7
205	42.3
51	37.6
193	46.6
224	44.7
65	35.7
102	38.6
335	39.9
46	29.8
51	67.3
60	-8.1
175
175	Winthrop	BSth	29	16–13
12–6	102.8
156	103.9
198	.4715
175	50.8
92	47.0
88	17.7
79	19.0
170	29.4
234	32.3
239	35.9
204	38.4
208	49.2
99	45.9
100	35.5
112	32.7
85	39.1
55	33.7
153	66.3
99	-8.7
184
Rk	Team	Conf	G	Rec	AdjOE	AdjDE	Barthag	Efg%	EfgD%	TOR	TORD	ORB	DRB	FTR	FTRD	2P%	2P%D	3P%	3P%D	3PR	3PRD	Adj T.	WAB
176	Radford	BSth	30	19–11
12–6	103.5
149	104.7
219	.4673
176	50.2
108	48.2
135	18.3
112	18.6
202	35.0
47	33.2
273	35.9
204	35.3
142	50.6
68	47.4
156	33.0
228	33.5
129	32.9
211	29.0
25	64.8
180	-6.1
145
177	Tennessee Martin	OVC	28	16–12
10–6	106.2
92	107.5
279	.4663
177	53.2
36	50.6
234	18.7
139	15.2
344	29.8
211	26.6
25	33.6
265	30.5
42	50.8
61	48.7
208	38.2
31	36.0
256	36.4
114	36.5
252	62.1
304	-6.5
151
178	Florida Gulf Coast	ASun	30	19–11
11–3	99.5
227	100.7
141	.4639
178	48.2
203	45.3
35	17.7
79	17.3
275	34.4
66	32.1
228	33.1
271	34.6
131	47.0
205	45.8
97	33.9
188	29.6
7	30.5
266	35.0
193	64.9
175	-4.9
120
179	Rutgers	B10	32	10–22
2–16	96.3
284	97.6
89	.4633
179	43.6
337	49.8
204	20.1
241	18.1
231	30.5
184	31.4
185	32.6
286	32.0
68	43.3
321	49.3
231	29.5
333	33.7
143	29.4
287	37.6
283	65.5
138	-8.8
192
180	UT Arlington	SB	30	15–15
10–10	101.8
178	103.1
186	.4614
180	49.4
146	47.8
112	20.8
284	19.6
138	31.8
134	32.8
254	38.1
134	42.2
276	50.8
61	47.8
166	31.3
294	31.8
57	36.6
106	40.5
329	70.1
12	-8.7
187
181	Colgate	Pat	32	15–17
12–6	104.9
109	106.7
264	.4528
181	56.0
11	50.7
238	18.8
152	16.5
313	23.7
334	28.4
60	27.4
348	35.1
138	53.8
15	47.8
166	39.5
14	37.8
318	38.7
62	32.1
106	61.2
324	-11.1
235
182	Lehigh	Pat	29	15–14
10–8	98.6
249	100.3
131	.4501
182	49.0
174	46.8
80	19.9
226	17.4
272	29.2
239	30.4
130	36.2
193	31.2
48	47.8
163	44.0
45	34.8
144	33.9
154	28.5
299	40.3
325	66.9
72	-9.1
201
183	St. Francis NY	NEC	34	22–12
15–3	100.4
207	102.3
169	.4471
183	46.3
284	47.4
98	19.8
219	20.2
103	39.6
8	28.8
72	40.9
77	40.2
240	47.5
180	44.7
65	29.1
336	36.7
283	32.5
223	26.5
6	65.0
166	-6.9
160
184	Northern Arizona	BSky	33	19–14
13–5	100.0
214	102.1
165	.4411
184	46.4
281	49.2
172	18.0
96	17.2
281	34.6
60	26.4
21	36.7
178	39.6
229	42.6
331	49.5
236	35.7
102	32.4
73	34.9
156	33.5
150	65.2
150	-8.3
179
185	Monmouth	MAAC	33	18–15
13–7	98.3
254	100.4
132	.4399
185	47.9
218	47.2
93	19.9
226	21.4
40	30.0
204	33.6
285	41.0
73	37.2
192	46.7
217	44.3
53	33.8
192	34.2
171	29.7
283	42.4
341	63.9
231	-8.7
186
186	Detroit Mercy	Horz	31	13–18
7–9	100.6
200	102.9
180	.4354
186	49.7
134	52.0
289	19.3
185	21.2
49	29.4
234	29.8
113	32.4
292	48.3
332	46.3
237	53.0
330	37.9
40	33.7
143	31.8
237	40.3
325	68.0
37	-10.1
217
187	Missouri	SEC	31	8–23
3–15	99.5
226	101.8
162	.4324
187	45.8
300	49.3
179	20.2
251	17.2
281	29.4
234	33.3
278	32.5
288	43.9
302	44.2
307	48.0
171	32.5
247	34.4
184	35.0
153	35.0
193	62.7
283	-10.0
214
188	NJIT	Ind	26	15–11
0–0	101.7
183	104.1
204	.4315
188	52.5
46	46.5
69	21.2
301	19.1
165	28.7
258	32.9
260	39.6
107	44.5
309	49.6
93	44.2
52	37.6
49	33.9
154	41.9
31	34.2
169	67.0
67	-6.1
142
189	East Tennessee St.	SC	28	14–14
8–10	102.7
157	105.2
226	.4314
189	49.8
125	51.3
265	18.7
139	21.4
40	29.6
223	33.0
263	39.8
98	42.3
278	45.5
266	49.5
236	36.7
70	35.8
248	44.8
13	44.1
349	67.9
43	-8.7
185
190	Houston	Amer	32	13–19
4–14	100.4
206	102.9
182	.4293
190	46.5
277	49.1
167	20.5
271	19.9
120	33.6
93	33.7
287	31.5
307	33.2
93	45.2
277	48.4
196	32.0
265	33.7
143	45.1
12	33.2
141	64.6
189	-11.4
240
191	Oral Roberts	Sum	31	17–14
10–6	103.9
137	106.6
262	.4282
191	48.1
211	50.8
241	17.9
90	18.5
207	29.8
211	31.0
166	44.9
24	36.9
185	45.8
257	48.6
203	35.6
105	37.2
300	29.9
280	30.0
54	65.6
136	-8.1
176
192	Robert Morris
   16 seed, R64	NEC	34	20–14
12–6	100.2
212	102.9
179	.4240
192	50.4
104	48.7
156	20.0
234	21.9
25	31.1
164	35.9
335	36.6
183	37.9
202	47.7
168	47.6
160	37.7
48	33.7
143	30.7
259	36.4
249	66.1
111	-8.3
178
193	Southern Illinois	MVC	32	11–21
4–14	97.9
265	100.5
137	.4232
193	45.7
301	51.4
273	20.8
284	21.3
44	31.4
153	26.2
20	41.0
73	40.8
245	44.3
304	48.2
187	33.3
213	38.1
325	25.9
334	35.8
228	62.8
280	-13.0
273
194	Lafayette
   16 seed, R64	Pat	31	19–12
9–9	110.6
43	113.7
339	.4201
194	56.3
6	52.9
308	16.9
48	16.9
296	27.6
282	34.4
314	31.0
318	27.6
14	53.0
24	50.8
277	41.4
2	37.6
309	35.4
141	37.1
264	65.2
150	-6.8
159
195	George Mason	A10	30	8–22
4–14	100.8
197	103.8
197	.4161
195	45.5
307	50.0
212	21.9
321	18.5
207	35.9
31	30.4
130	41.1
70	44.7
313	44.9
289	48.4
196	31.6
282	35.3
222	24.7
345	36.4
249	65.1
157	-12.5
263
196	Saint Peter's	MAAC	34	16–18
8–12	97.5
266	100.4
135	.4150
196	46.9
259	45.2
31	19.5
201	20.9
64	31.4
153	30.5
139	44.0
32	45.8
323	44.6
294	44.3
53	34.3
170	31.2
34	33.2
201	36.3
246	60.8
333	-12.4
262
197	Saint Francis	NEC	31	15–16
9–9	98.4
250	101.5
157	.4103
197	50.1
111	49.5
187	19.4
191	20.6
77	25.7
323	31.4
185	34.6
241	30.1
34	50.3
74	50.0
257	33.1
222	32.4
73	41.1
37	35.3
205	63.2
266	-10.0
216
198	New Hampshire	AE	30	17–13
11–5	98.1
259	101.3
154	.4098
198	49.7
134	46.0
55	18.7
139	17.1
286	27.2
296	23.7
3	36.1
200	42.6
289	45.9
253	45.6
88	37.4
53	31.1
33	37.1
93	33.0
134	64.3
200	-7.8
170
199	Dartmouth	Ivy	29	14–15
7–7	99.0
233	102.2
168	.4097
199	49.2
167	49.9
205	20.3
257	21.2
49	30.9
171	28.5
64	35.7
212	42.7
290	47.9
160	47.8
166	34.6
151	35.4
226	33.1
206	38.3
299	63.6
250	-8.8
195
200	Northern Illinois	MAC	29	13–16
8–10	99.5
225	102.8
178	.4085
200	47.6
233	51.8
284	21.7
316	21.4
40	36.4
24	31.1
169	47.1
8	40.9
249	47.2
195	52.5
322	32.2
255	33.9
154	30.7
259	43.3
347	62.8
280	-8.8
193
Rk	Team	Conf	G	Rec	AdjOE	AdjDE	Barthag	Efg%	EfgD%	TOR	TORD	ORB	DRB	FTR	FTRD	2P%	2P%D	3P%	3P%D	3PR	3PRD	Adj T.	WAB
201	Fordham	A10	30	9–21
4–14	99.9
219	103.2
187	.4076
201	46.7
269	50.2
218	22.2
330	18.7
192	33.4
101	29.5
98	33.1
271	41.7
265	47.8
163	49.6
239	29.8
329	34.1
165	36.0
123	36.6
255	65.9
123	-12.2
257
202	Denver	Sum	30	12–18
6–10	104.1
134	107.5
280	.4072
202	56.2
8	52.9
308	19.1
171	20.4
88	19.3
351	29.6
106	31.2
314	51.2
342	55.5
6	51.7
305	38.0
38	37.1
296	43.0
21	29.8
51	57.9
350	-12.2
259
203	Tulane	Amer	30	14–16
6–12	98.1
258	101.4
156	.4072
203	46.4
281	49.9
205	19.9
226	20.3
93	32.6
112	29.3
91	34.7
237	36.1
160	45.5
266	49.6
239	32.0
265	33.7
143	36.2
118	29.3
31	63.7
243	-8.8
194
204	Purdue Fort Wayne	Sum	28	13–15
9–7	104.2
131	107.7
285	.4067
204	53.3
35	51.3
265	18.7
139	16.0
329	25.1
328	26.6
25	41.1
70	27.7
15	52.6
32	49.9
252	36.3
80	36.0
256	38.2
71	33.7
153	65.1
157	-9.0
198
205	Charleston Southern	BSth	28	16–12
13–5	103.7
143	107.3
277	.4034
205	48.5
197	52.4
296	17.2
59	18.9
178	33.4
101	28.5
64	34.9
230	32.4
74	46.7
217	50.5
267	33.7
193	36.7
283	46.7
7	40.5
329	65.7
130	-5.9
138
206	American	Pat	33	17–16
8–10	98.9
238	102.6
175	.3967
206	53.4
33	51.0
251	19.4
191	21.8
28	21.3
347	31.6
198	34.4
244	33.0
88	51.8
39	50.9
281	37.4
53	34.2
171	38.6
63	32.6
126	57.2
351	-9.7
210
207	Fresno St.	MWC	30	13–17
10–8	100.6
201	104.3
207	.3956
207	47.1
253	49.4
185	17.2
59	20.3
93	25.9
320	32.7
250	38.8
120	44.3
306	47.2
195	48.0
171	31.3
294	34.8
197	33.4
196	33.4
147	65.4
144	-9.2
203
208	Gardner Webb	BSth	31	16–15
10–8	105.6
100	109.6
309	.3950
208	51.0
85	53.4
324	17.4
68	17.1
286	29.8
211	31.8
210	37.7
150	29.1
25	50.4
72	51.9
315	34.6
151	37.8
318	41.8
32	29.7
46	68.1
32	-7.5
169
209	Western Carolina	SC	30	13–17
9–9	101.3
189	105.2
225	.3945
209	48.8
186	50.1
216	20.1
241	20.7
76	34.7
56	33.9
295	34.6
241	52.5
346	47.2
195	48.6
203	34.8
144	34.9
204	31.6
240	40.4
327	66.2
106	-10.9
228
210	James Madison	CAA	33	19–14
11–7	102.5
164	106.4
257	.3939
210	51.9
63	50.2
218	20.3
257	17.9
247	29.0
247	31.9
218	42.2
53	31.9
64	49.7
89	48.2
187	37.2
58	35.7
242	36.9
98	38.0
292	64.8
180	-6.9
161
211	Milwaukee	Horz	28	12–16
9–7	100.5
202	104.5
212	.3907
211	49.0
174	51.2
260	20.0
234	16.5
313	26.9
299	29.5
98	36.2
193	31.6
58	48.6
129	48.6
203	33.2
217	38.6
335	39.4
53	27.9
17	65.0
166	-8.8
191
212	Cornell	Ivy	29	12–17
5–9	94.2
310	97.9
97	.3902
212	44.6
321	45.7
48	19.0
164	19.3
150	23.1
340	30.0
119	39.3
113	41.5
262	44.1
312	43.2
28	30.3
315	33.3
117	37.1
93	37.5
279	65.2
150	-10.9
230
213	Rice	CUSA	29	10–19
8–10	99.9
217	104.0
202	.3872
213	51.7
68	49.9
205	22.1
328	19.6
138	26.5
308	32.2
232	33.7
262	40.1
238	47.6
175	49.0
214	37.3
55	34.5
190	49.4
2	32.2
109	62.4
297	-12.9
272
214	Norfolk St.	MEAC	32	18–14
12–4	101.9
173	106.1
247	.3872
214	52.1
56	48.1
128	20.7
281	18.0
239	34.3
68	30.4
130	42.7
40	39.4
226	52.2
35	46.3
108	34.5
159	33.9
154	29.9
280	40.0
319	65.1
157	-7.4
167
215	Bucknell	Pat	33	18–15
13–5	102.7
160	106.9
271	.3866
215	49.7
134	49.9
205	17.1
54	14.5
347	29.6
223	25.9
16	40.3
85	38.4
208	46.2
240	47.7
162	38.1
34	36.6
279	32.8
216	29.6
43	64.9
175	-8.1
177
216	UTSA	CUSA	28	12–16
8–10	104.4
126	108.7
300	.3857
216	47.9
218	52.9
308	18.2
108	20.3
93	35.2
42	31.3
177	42.1
55	29.7
29	47.3
191	51.5
299	32.7
241	36.7
283	34.7
161	40.0
319	66.3
99	-11.1
233
217	Southeast Missouri St.	OVC	28	11–17
7–9	100.7
198	105.0
223	.3823
217	48.9
179	50.2
218	19.2
178	19.3
150	32.2
121	31.6
198	36.4
188	41.8
266	48.1
153	46.2
107	33.7
193	39.2
344	33.2
201	32.0
103	66.2
106	-12.0
253
218	Idaho	BSky	28	11–17
8–10	106.3
89	111.0
325	.3792
218	53.4
33	53.6
330	17.5
72	15.4
340	30.7
176	27.0
31	38.6
127	41.5
262	49.2
99	53.0
330	41.0
4	36.3
270	33.6
186	43.1
345	68.0
37	-12.7
266
219	Air Force	MWC	29	12–17
6–12	105.3
103	110.0
314	.3772
219	53.6
29	53.0
311	19.2
178	20.2
103	29.6
223	32.6
248	30.8
322	35.5
146	53.9
12	51.5
299	35.4
115	36.6
279	39.9
46	44.1
349	61.6
315	-10.0
215
220	Pacific	WCC	28	9–19
4–14	102.3
167	106.8
269	.3769
220	46.8
266	51.9
285	19.8
219	16.2
322	34.6
60	31.3
177	39.4
111	43.1
294	44.3
304	50.7
274	34.2
175	36.1
262	36.4
114	36.2
243	61.9
306	-10.6
226
221	North Texas	CUSA	29	12–17
8–10	97.4
273	101.7
158	.3759
221	46.9
259	49.3
179	20.1
241	20.4
88	31.1
164	33.1
266	40.0
93	38.2
206	47.8
163	48.1
179	29.9
326	34.2
171	30.1
275	40.1
322	66.0
117	-10.6
225
222	East Carolina	Amer	31	12–19
6–12	101.6
184	106.2
251	.3744
222	48.4
199	50.9
248	18.0
96	19.2
158	28.2
271	34.7
324	29.9
333	34.1
117	45.2
277	53.0
330	35.6
105	31.6
46	38.3
68	36.0
236	61.9
306	-10.6
224
223	Texas St.	SB	28	11–17
7–13	92.3
324	96.5
64	.3737
223	44.0
332	47.6
104	19.9
226	23.1
15	29.0
247	31.8
210	36.5
185	36.6
173	42.8
329	48.6
203	31.1
300	30.5
21	30.9
256	34.9
190	61.8
311	-11.5
244
224	Boston University	Pat	29	12–17
9–9	105.5
102	110.4
319	.3737
224	52.7
45	53.0
311	19.4
191	16.3
320	28.2
271	28.4
60	44.9
24	33.6
102	50.8
61	50.9
281	36.8
69	37.4
302	42.4
25	40.1
322	64.7
183	-11.6
247
225	Sacramento St.	BSky	30	19–11
13–5	105.9
95	110.8
324	.3726
225	54.0
25	53.7
332	16.8
45	19.9
120	27.4
292	33.7
287	35.7
212	32.1
70	50.8
61	54.5
347	41.1
3	34.8
197	29.3
289	37.1
264	62.7
283	-6.6
153
Rk	Team	Conf	G	Rec	AdjOE	AdjDE	Barthag	Efg%	EfgD%	TOR	TORD	ORB	DRB	FTR	FTRD	2P%	2P%D	3P%	3P%D	3PR	3PRD	Adj T.	WAB
226	Northwestern St.	Slnd	27	15–12
13–5	110.1
49	115.5
344	.3670
226	52.9
42	53.9
335	16.0
20	20.0
116	30.2
193	39.3
347	35.8
209	37.9
202	51.8
39	51.7
305	36.6
73	39.2
344	35.9
125	30.8
74	73.0
4	-6.2
146
227	UC Riverside	BW	29	12–17
7–9	96.4
282	101.2
152	.3644
227	46.7
269	49.0
164	20.2
251	18.7
192	30.7
176	28.7
70	33.7
262	42.5
284	45.1
282	44.6
61	33.0
228	39.7
349	35.8
127	29.7
46	65.7
130	-9.9
212
228	Little Rock	SB	30	12–18
8–12	102.7
158	107.8
287	.3633
228	47.6
233	51.0
251	15.6
9	19.9
120	28.4
269	31.2
174	36.0
203	40.8
245	45.8
257	49.1
223	34.0
182	36.3
270	35.7
133	36.0
236	64.7
183	-12.8
271
229	South Dakota	Sum	31	15–16
9–7	101.0
194	106.2
249	.3605
229	47.1
253	51.0
251	16.7
43	17.5
268	31.0
168	27.0
31	33.7
262	35.6
148	44.2
307	51.1
288	35.8
99	33.9
154	30.4
271	35.3
205	65.9
123	-10.4
220
230	Texas Southern
   15 seed, R64	SWAC	34	22–12
16–2	101.2
193	106.4
256	.3595
230	49.4
146	48.9
163	19.9
226	18.7
192	34.0
79	34.2
307	46.5
12	32.6
78	50.0
84	48.0
171	32.0
265	34.2
171	31.4
247	28.5
20	63.7
243	-4.3
106
231	Texas A&M Corpus Chris	Slnd	31	18–13
13–5	98.7
246	103.8
196	.3593
231	49.3
159	48.0
121	19.6
205	20.5
82	30.1
198	33.0
263	51.0
1	46.5
327	49.0
110	48.0
171	33.5
204	32.1
65	30.1
275	35.5
217	63.1
271	-8.5
181
232	Duquesne	A10	30	11–19
6–12	106.3
90	111.8
332	.3578
232	51.2
80	51.7
281	18.3
112	16.0
329	31.7
140	33.3
278	32.5
288	33.8
106	49.5
95	47.7
162	36.2
84	38.5
332	37.1
93	40.1
322	67.6
49	-11.2
237
233	Maryland Eastern Shore	MEAC	33	18–15
11–5	100.7
199	106.2
252	.3505
233	51.7
68	51.1
258	23.4
338	21.3
44	35.5
38	31.9
218	47.0
10	41.1
255	48.9
116	52.6
324	38.2
31	32.4
73	33.6
186	38.9
312	65.0
166	-8.5
180
234	Ohio	MAC	30	10–20
5–13	100.3
210	105.9
244	.3504
234	49.8
125	49.3
179	18.7
139	15.4
340	25.9
320	30.5
139	28.9
340	32.2
72	49.0
110	46.8
128	34.0
182	35.9
253	38.0
77	34.6
183	66.9
72	-13.2
277
235	Bryant	NEC	31	16–15
12–6	102.0
171	107.9
288	.3446
235	48.8
186	48.3
137	18.3
112	16.6
307	29.5
230	32.0
225	32.8
280	35.9
156	46.9
209	48.9
212	34.6
151	31.5
45	38.8
60	35.6
220	63.6
250	-10.1
218
236	Seattle	WAC	30	15–15
7–7	97.2
277	103.0
184	.3381
236	50.8
92	47.1
89	21.9
321	17.0
290	31.6
147	28.0
44	36.7
178	32.6
78	47.4
185	45.3
79	37.9
40	33.3
117	35.8
127	39.9
318	62.2
300	-11.3
239
237	Eastern Illinois	OVC	30	16–14
9–7	97.5
267	103.3
192	.3379
237	51.1
83	48.4
142	19.1
171	18.9
178	23.6
335	34.4
314	34.0
256	31.5
55	48.3
146	46.8
128	37.0
64	34.2
171	38.3
68	36.1
239	63.2
266	-7.9
172
238	UNC Asheville	BSth	28	12–16
10–8	100.4
208	106.5
260	.3356
238	49.9
121	49.7
199	20.8
284	18.3
221	31.6
147	32.2
232	35.4
221	43.3
298	48.2
151	49.0
214	35.2
122	33.9
154	37.6
85	34.6
183	68.4
29	-11.3
238
239	Drexel	CAA	29	11–18
9–9	97.4
270	103.4
193	.3354
239	45.0
317	50.1
216	17.0
50	18.5
207	27.5
289	31.2
174	33.1
271	35.7
153	42.6
331	49.0
214	33.0
228	35.1
213	34.7
161	30.6
68	61.2
324	-12.2
258
240	Northern Kentucky	ASun	28	11–17
7–7	101.9
175	108.3
294	.3313
240	51.2
80	50.6
234	17.8
83	16.6
307	28.5
264	30.0
119	30.0
331	45.3
319	51.9
37	49.2
229	33.4
208	35.5
230	37.5
88	35.6
220	64.1
213	-11.9
251
241	Bradley	MVC	32	8–24
3–15	92.5
322	98.4
107	.3298
241	42.3
345	50.3
224	20.4
265	21.9
25	32.0
125	29.0
76	37.8
145	46.2
325	40.7
345	47.2
143	30.1
320	36.9
289	35.5
139	37.7
286	62.5
293	-15.0
304
242	Incarnate Word	Slnd	25	14–11
10–8	105.0
105	111.8
331	.3287
242	52.0
61	51.4
273	15.7
11	17.9
247	25.7
323	31.5
190	45.3
22	39.6
229	51.8
39	50.6
270	35.0
131	35.5
230	33.5
192	29.4
33	67.7
47	-5.8
135
243	Wright St.	Horz	29	9–20
3–13	97.2
275	103.4
195	.3283
243	49.8
125	51.2
260	19.0
164	19.8
126	23.2
339	30.8
155	31.5
307	41.2
258	49.0
110	50.4
265	34.1
180	35.3
222	35.4
141	32.4
117	63.7
243	-13.4
279
244	Holy Cross	Pat	29	13–16
8–10	99.0
234	105.4
231	.3271
244	47.2
251	53.2
318	17.0
50	21.6
32	29.6
223	29.7
110	34.9
230	41.3
259	45.4
273	51.7
305	33.7
193	37.5
306	33.7
183	31.6
94	64.0
225	-11.0
232
245	Mount St. Mary's	NEC	30	15–15
11–7	95.8
290	102.0
164	.3262
245	47.2
251	49.6
189	19.0
164	21.3
44	30.6
180	32.4
242	30.4
327	35.6
148	45.5
266	48.5
199	33.0
228	34.8
197	42.0
29	29.5
37	62.9
274	-9.3
205
246	Cal St. Bakersfield	WAC	30	11–19
7–7	97.9
264	104.4
209	.3224
246	46.0
294	48.3
137	20.1
241	19.0
170	33.4
101	26.9
28	37.7
150	48.7
334	45.0
286	44.4
56	32.0
265	36.6
279	32.4
227	37.5
279	61.2
324	-14.4
293
247	Brown	Ivy	29	11–18
4–10	98.2
257	104.7
220	.3219
247	47.0
257	48.5
148	21.6
310	16.4
316	29.8
211	30.5
139	45.0
23	36.4
167	47.2
195	47.0
136	31.1
300	34.7
193	33.3
198	30.6
68	68.2
31	-12.0
255
248	Weber St.	BSky	28	11–17
8–10	98.8
243	105.5
234	.3187
248	48.0
215	50.8
241	20.5
271	16.6
307	28.8
254	30.2
125	46.0
18	31.5
55	45.0
286	49.6
239	34.9
138	35.9
253	40.4
43	27.7
14	63.3
263	-11.6
248
249	Siena	MAAC	31	11–20
7–13	104.5
122	111.7
330	.3175
249	47.5
238	51.4
273	18.7
139	21.2
49	36.3
26	37.1
345	41.9
56	51.0
341	46.6
224	49.9
252	33.2
217	36.2
267	26.4
327	34.2
169	66.7
84	-14.9
302
250	Ball St.	MAC	29	6–23
2–16	98.9
236	105.8
242	.3162
250	48.9
179	52.4
296	21.6
310	18.2
228	29.9
209	28.6
67	35.4
221	42.1
274	47.7
168	51.8
312	33.6
200	35.7
242	43.7
16	33.0
134	64.1
213	-15.5
307
Rk	Team	Conf	G	Rec	AdjOE	AdjDE	Barthag	Efg%	EfgD%	TOR	TORD	ORB	DRB	FTR	FTRD	2P%	2P%D	3P%	3P%D	3PR	3PRD	Adj T.	WAB
251	Miami OH	MAC	31	12–19
8–10	98.9
239	105.8
241	.3152
251	49.4
146	53.1
315	19.4
191	20.6
77	25.9
320	29.6
106	38.7
123	42.5
284	48.3
146	53.7
338	34.4
165	34.9
204	32.5
223	40.5
329	65.4
144	-11.9
252
252	Loyola Marymount	WCC	30	7–23
4–14	101.2
192	108.4
295	.3128
252	46.3
284	53.7
332	21.5
308	18.0
239	33.5
97	34.1
302	36.2
193	35.5
146	43.8
317	50.5
267	35.1
126	39.2
344	27.9
311	38.7
308	62.9
274	-12.8
270
253	Portland St.	BSky	27	13–14
9–9	101.2
191	108.4
296	.3118
253	48.7
191	52.7
303	16.4
33	17.5
268	27.6
282	32.1
228	37.2
165	31.4
54	45.5
266	50.2
263	37.3
55	38.5
332	31.0
255	33.2
141	66.3
99	-9.6
209
254	Tennessee Tech	OVC	28	10–18
4–12	101.3
190	108.5
298	.3115
254	48.8
186	53.1
315	20.5
271	18.7
192	36.4
24	29.2
83	34.8
234	42.7
290	49.1
107	52.0
318	32.2
255	36.8
286	30.6
263	35.7
224	66.6
88	-13.1
276
255	Missouri St.	MVC	29	9–20
5–13	97.4
269	104.6
218	.3058
255	45.4
308	49.6
189	19.5
201	16.4
316	29.7
219	30.0
119	31.7
304	36.8
181	44.5
296	46.6
121	31.4
289	36.9
289	31.9
236	33.9
161	61.9
306	-12.0
254
256	Nebraska Omaha	Sum	28	11–17
5–11	100.9
196	108.5
299	.3032
256	49.3
159	53.3
321	18.3
112	20.3
93	30.5
184	28.9
73	42.6
42	38.9
221	49.2
99	51.7
305	33.1
222	37.6
309	31.5
243	34.3
174	74.2
3	-12.5
264
257	Army	Pat	29	14–15
6–12	98.7
244	106.1
248	.3030
257	50.0
117	51.0
251	19.1
171	18.9
178	29.7
219	31.5
190	32.0
300	40.7
243	51.1
55	49.9
252	32.2
255	35.8
248	38.9
58	29.0
25	69.9
14	-10.6
227
258	Navy	Pat	31	12–19
8–10	97.9
262	105.4
229	.3007
258	49.1
169	53.1
315	19.4
191	20.1
110	29.5
230	30.0
119	30.6
325	36.6
173	48.8
121	49.7
247	33.1
222	39.1
343	31.3
248	37.6
283	61.8
311	-13.6
281
259	Northern Colorado	BSky	28	13–15
10–8	108.3
65	116.6
348	.3002
259	53.0
40	55.7
350	16.2
27	20.0
116	33.6
93	34.3
311	35.1
227	40.4
241	51.4
49	52.9
328	37.5
51	40.2
350	31.7
239	37.9
290	63.5
254	-10.5
222
260	Drake	MVC	30	8–22
6–12	103.2
152	111.1
327	.3000
260	52.1
56	54.9
345	22.3
333	16.9
296	23.3
338	32.0
225	34.0
256	30.5
42	47.4
185	53.2
335	40.6
6	38.5
332	35.2
150	35.9
231	59.5
343	-13.1
274
261	Marshall	CUSA	30	9–21
7–11	94.4
308	101.8
160	.2971
261	46.2
289	48.6
150	21.6
310	18.6
202	28.2
271	32.5
245	34.9
230	36.6
173	45.9
253	49.1
223	31.1
300	31.7
51	42.3
27	34.7
188	70.4
7	-14.5
297
262	Youngstown St.	Horz	29	8–21
2–14	103.8
139	112.0
333	.2958
262	50.1
111	53.6
330	17.2
59	17.8
253	27.6
282	34.2
307	35.9
204	36.8
181	48.5
135	51.7
305	35.6
105	37.9
321	32.9
211	36.1
239	67.6
49	-14.5
296
263	Sacred Heart	NEC	31	14–17
9–9	100.1
213	108.1
292	.2922
263	49.6
140	49.2
172	19.4
191	18.4
216	33.9
85	32.7
250	35.9
204	33.6
102	50.3
74	47.7
162	32.0
265	34.7
193	27.8
313	34.6
183	69.1
21	-12.8
268
264	Grand Canyon	WAC	30	15–15
8–6	103.8
140	112.1
334	.2919
264	50.4
104	49.6
189	17.1
54	16.3
320	26.8
303	33.9
295	40.1
91	36.1
160	50.2
80	49.3
231	33.7
193	33.6
137	36.3
117	30.3
57	65.0
166	-9.5
208
265	UCF	Amer	29	11–18
5–13	101.4
187	109.6
310	.2899
265	49.1
169	51.3
265	19.7
213	15.8
333	30.7
176	36.8
344	35.1
227	27.2
12	47.6
175	50.3
264	34.5
159	35.6
239	35.3
146	30.4
63	64.7
183	-11.1
234
266	South Florida	Amer	31	8–23
3–15	97.4
272	105.3
228	.2885
266	47.3
244	49.1
167	20.9
290	18.8
187	31.3
157	34.8
326	31.6
305	42.5
284	47.7
168	45.4
83	30.9
306	37.4
302	26.1
331	34.3
174	64.5
195	-14.3
292
267	Towson	CAA	31	11–20
5–13	98.8
242	106.9
272	.2872
267	44.6
321	47.6
104	21.5
308	14.9
346	41.1
3	29.5
98	48.3
3	45.0
317	44.4
300	45.7
91	30.1
320	34.2
171	25.2
343	33.5
150	60.9
331	-14.2
290
268	Cal St. Northridge	BW	31	7–24
4–12	98.7
247	106.8
266	.2871
268	45.3
309	51.0
251	19.5
201	16.6
307	28.4
269	30.5
139	41.1
70	35.9
156	44.3
304	48.5
199	33.0
228	36.6
279	19.0
351	38.6
305	65.8
126	-15.6
308
269	SIU Edwardsville	OVC	26	10–16
8–8	95.1
301	103.2
188	.2817
269	48.7
191	49.3
179	20.3
257	19.8
126	28.8
254	31.9
218	37.4
158	37.0
187	45.3
276	46.9
131	36.9
66	36.1
262	33.9
175	33.0
134	66.6
88	-11.6
246
270	Hampton
   16 seed, R64	MEAC	34	17–17
8–8	94.3
309	102.4
172	.2788
270	46.0
294	46.4
66	20.4
265	20.2
103	32.4
117	30.8
155	44.0
32	45.5
321	46.1
242	44.3
53	30.5
312	34.0
162	32.7
219	30.6
68	69.4
18	-12.3
261
271	Saint Louis	A10	31	10–21
3–15	94.8
303	103.0
183	.2784
271	46.2
289	51.6
278	21.7
316	20.9
64	27.2
296	32.1
228	41.5
65	44.5
309	45.2
277	50.6
270	32.0
265	35.7
242	33.6
186	33.3
145	63.5
254	-12.7
265
272	UNC Greensboro	SC	30	8–22
6–12	98.3
251	106.9
273	.2767
272	49.7
134	50.8
241	18.8
152	18.2
228	30.6
180	29.7
110	31.3
312	48.5
333	47.6
175	49.7
247	36.1
86	35.2
220	31.5
243	35.9
231	66.1
111	-16.9
326
273	Charleston	CAA	33	9–24
3–15	94.0
313	102.3
170	.2735
273	46.0
294	48.1
128	19.3
185	18.4
216	27.5
289	32.2
232	32.4
292	47.4
329	43.2
323	45.4
83	34.3
170	35.8
248	33.7
183	32.1
106	61.6
315	-16.8
324
274	Nevada	MWC	29	7–22
5–13	95.8
288	104.3
206	.2724
274	40.8
349	47.6
104	21.9
321	15.7
335	39.8
7	31.9
218	39.9
96	40.7
243	41.4
341	45.7
91	25.8
350	34.1
165	24.4
346	33.8
160	64.1
213	-14.6
299
275	FIU	CUSA	31	14–17
8–10	94.0
312	102.5
173	.2698
275	48.2
203	48.0
121	22.6
335	19.2
158	29.0
247	31.9
218	37.4
158	36.6
173	48.6
129	46.4
112	31.3
294	33.7
143	28.4
301	38.6
305	65.1
157	-11.2
236
Rk	Team	Conf	G	Rec	AdjOE	AdjDE	Barthag	Efg%	EfgD%	TOR	TORD	ORB	DRB	FTR	FTRD	2P%	2P%D	3P%	3P%D	3PR	3PRD	Adj T.	WAB
276	IU Indy	Sum	31	10–21
6–10	92.6
319	101.0
148	.2684
276	46.5
277	51.3
265	23.6
342	20.9
64	31.1
164	28.3
59	32.8
280	41.8
266	47.3
191	48.5
199	29.6
331	38.3
328	26.2
330	31.3
85	64.2
203	-14.2
291
277	Elon	CAA	31	13–18
6–12	95.8
289	104.6
215	.2671
277	47.5
238	51.3
265	19.0
164	21.2
49	27.9
278	31.9
218	37.6
152	44.1
305	45.1
282	50.6
270	34.5
159	35.0
207	35.8
127	34.3
174	68.6
26	-12.3
260
278	LIU	NEC	30	12–18
8–10	95.8
291	104.5
214	.2668
278	44.9
318	48.4
142	19.6
205	18.2
228	31.3
157	31.0
166	39.8
98	35.6
148	42.8
329	49.8
250	32.4
250	30.4
19	34.8
159	33.4
147	67.5
53	-13.4
278
279	Hartford	AE	29	13–16
7–9	95.6
297	104.5
213	.2628
279	47.3
244	50.4
225	19.0
164	20.9
64	25.3
326	29.5
98	29.8
334	42.1
274	46.0
247	52.0
318	32.5
247	31.6
46	45.4
10	34.9
190	63.8
237	-10.9
229
280	Penn	Ivy	28	9–19
4–10	96.6
281	105.8
240	.2607
280	49.1
169	51.2
260	23.6
342	18.1
231	29.5
230	29.1
80	35.8
209	39.8
232	47.7
168	48.1
179	34.6
151	37.6
309	32.5
223	37.1
264	63.8
237	-12.8
269
281	Cal St. Fullerton	BW	29	7–22
1–15	97.4
271	106.7
265	.2593
281	45.7
301	51.3
265	19.2
178	16.6
307	28.5
264	27.1
34	36.7
178	41.0
252	44.9
289	48.1
179	31.8
277	38.7
339	31.1
253	32.1
106	66.4
96	-15.7
311
282	Delaware	CAA	30	10–20
9–9	98.8
241	108.5
297	.2544
282	47.1
253	50.0
212	18.4
121	15.6
337	28.8
254	31.5
190	38.1
134	33.2
93	44.5
296	46.7
124	34.5
159	37.0
293	35.0
153	37.5
279	65.8
126	-13.7
284
283	Troy	SB	27	8–19
5–15	98.2
255	107.9
289	.2530
283	48.9
179	50.8
241	21.2
301	19.5
142	31.3
157	33.7
287	38.0
139	28.3
20	48.1
153	51.2
292	33.5
204	33.3
117	36.9
98	37.3
273	65.1
157	-14.4
294
284	Florida Atlantic	CUSA	27	7–20
2–16	97.2
276	106.8
267	.2524
284	48.2
203	49.9
205	19.5
201	16.7
303	26.0
316	31.5
190	27.8
346	37.6
193	45.6
264	51.3
296	34.9
138	29.9
14	38.1
74	21.1
1	64.4
197	-14.7
300
285	South Alabama	SB	31	10–21
9–11	99.8
220	109.7
312	.2512
285	47.8
224	49.0
164	20.9
290	15.2
344	30.0
204	33.1
266	41.9
56	34.1
117	47.0
205	48.1
179	32.9
233	34.2
171	34.8
159	29.7
46	68.8
24	-15.0
303
286	Delaware St.	MEAC	34	16–18
9–7	99.1
232	109.0
302	.2503
286	47.7
231	48.8
161	19.7
213	16.4
316	31.8
134	31.8
210	31.5
307	36.0
159	44.8
293	48.0
171	35.0
131	33.5
129	37.7
82	36.8
260	67.5
53	-10.4
221
287	McNeese St.	Slnd	27	11–16
8–10	100.0
216	110.0
315	.2503
287	46.4
281	51.9
285	16.0
20	18.5
207	33.7
90	34.4
314	30.9
320	34.9
136	45.9
253	53.1
333	31.6
282	33.1
104	33.5
192	35.5
217	63.3
263	-11.0
231
288	VMI	SC	28	9–19
8–11	97.4
268	107.2
276	.2499
288	46.9
259	53.2
318	19.6
205	20.5
82	31.9
129	33.9
295	29.8
334	42.3
278	46.7
217	53.9
340	31.4
289	34.1
165	51.7
1	24.8
4	77.4
1	-13.8
286
289	Samford	SC	31	12–19
6–12	99.9
218	110.0
317	.2474
289	49.8
125	53.3
321	19.2
178	21.1
57	30.1
198	34.1
302	37.9
143	45.4
320	49.2
99	51.0
284	34.0
182	38.9
341	33.3
198	31.1
83	66.8
80	-13.9
287
290	Alabama St.	SWAC	27	17–10
14–4	95.6
295	105.5
235	.2440
290	48.2
203	46.9
83	19.7
213	19.2
158	36.0
30	29.2
83	34.6
241	35.6
148	46.4
235	45.3
79	35.4
115	33.6
137	27.1
324	30.6
68	68.0
37	-7.0
164
291	Lamar	Slnd	26	11–15
9–9	97.3
274	107.7
284	.2391
291	49.7
134	52.8
304	23.4
338	20.4
88	34.6
60	32.9
260	41.9
56	46.0
324	50.7
65	50.8
277	31.9
273	37.6
309	34.1
171	35.3
205	66.6
88	-9.7
211
292	Howard	MEAC	29	13–16
10–6	90.8
335	100.4
134	.2388
292	46.2
289	45.7
48	25.0
348	21.4
40	33.5
97	34.6
322	43.4
37	40.1
238	47.4
185	44.8
69	28.9
339	31.4
42	30.7
259	38.7
308	63.2
266	-11.4
241
293	Fairfield	MAAC	31	7–24
5–15	94.0
311	104.1
203	.2369
293	45.2
314	48.3
137	20.2
251	18.3
221	27.3
294	33.9
295	37.1
170	42.7
290	43.2
323	47.2
143	32.2
255	34.3
178	38.9
58	26.5
6	62.1
304	-18.2
336
294	Campbell	BSth	29	7–22
4–14	96.4
283	106.8
268	.2341
294	49.8
125	52.5
299	20.1
241	19.0
170	27.5
289	30.8
155	35.9
204	42.4
281	46.5
230	52.7
325	36.0
90	34.7
193	44.2
14	32.4
117	61.8
311	-17.2
327
295	Appalachian St.	SB	29	12–17
9–11	95.7
292	106.2
250	.2330
295	45.6
305	50.6
234	20.6
278	17.2
281	31.4
153	29.8
113	33.6
265	37.6
193	44.5
296	51.5
299	31.6
282	32.3
70	36.7
104	29.4
33	65.8
126	-11.4
242
296	UMKC	WAC	31	12–19
8–6	95.9
287	106.4
258	.2310
296	46.1
293	51.6
278	20.0
234	23.6
11	31.7
140	36.5
340	40.3
85	39.8
232	43.7
318	52.2
321	33.4
208	33.6
137	36.9
98	35.6
220	64.2
203	-13.9
288
297	Niagara	MAAC	30	8–22
7–13	98.0
261	109.1
304	.2245
297	45.6
305	53.7
332	20.6
278	18.1
231	32.0
125	29.5
98	41.2
68	36.3
164	42.3
336	52.1
320	35.1
126	37.9
321	32.6
220	35.1
198	65.2
150	-15.7
309
298	Illinois Chicago	Horz	32	8–24
4–12	98.2
256	109.3
307	.2244
298	43.6
337	54.4
340	17.4
68	18.0
239	30.8
175	28.5
64	40.0
93	39.0
222	41.5
340	51.9
315	31.8
277	40.3
351	33.9
175	29.1
27	65.5
138	-16.5
319
299	Prairie View A&M	SWAC	32	14–18
12–6	95.6
296	106.9
270	.2173
299	47.5
238	48.4
142	20.7
281	24.3
6	32.1
123	40.1
350	30.9
320	51.2
342	46.7
217	50.1
261	33.1
222	29.8
8	27.8
313	30.2
56	69.0
23	-12.0
256
300	Southeastern Louisiana	Slnd	31	8–23
6–12	95.3
299	106.7
263	.2146
300	50.9
88	50.4
225	22.5
334	19.4
144	29.1
244	32.2
232	32.5
288	33.9
112	53.0
24	48.6
203	31.2
298	35.8
248	33.8
180	36.2
243	66.8
80	-17.3
328
Rk	Team	Conf	G	Rec	AdjOE	AdjDE	Barthag	Efg%	EfgD%	TOR	TORD	ORB	DRB	FTR	FTRD	2P%	2P%D	3P%	3P%D	3PR	3PRD	Adj T.	WAB
301	Southern	SWAC	32	15–17
13–5	91.2
331	102.1
166	.2142
301	45.1
316	44.0
12	20.1
241	20.6
77	32.1
123	34.7
324	40.5
80	45.6
322	44.9
289	43.7
39	30.6
309	29.8
8	26.0
332	31.3
85	65.2
150	-11.4
243
302	Lipscomb	ASun	28	11–17
7–7	98.3
253	110.3
318	.2111
302	48.1
211	54.1
339	18.7
139	17.8
253	29.2
239	29.4
94	39.7
102	47.0
328	47.5
180	51.8
312	32.6
243	38.3
328	43.2
18	40.7
333	68.3
30	-11.7
249
303	Furman	SC	31	9–22
5–13	97.9
263	109.9
313	.2103
303	49.0
174	52.3
293	21.1
299	16.5
313	29.5
230	32.3
239	44.1
29	36.5
169	48.9
116	51.3
296	32.8
236	36.0
256	39.7
49	35.2
200	62.9
274	-15.9
312
304	North Dakota	BSky	28	6–22
4–14	96.0
286	108.0
290	.2064
304	48.4
199	53.2
318	17.9
90	18.1
231	24.7
329	29.0
76	38.5
129	42.3
278	47.8
163	51.2
292	33.1
222	38.6
335	33.3
198	29.7
46	68.0
37	-16.0
313
305	Arkansas St.	SB	28	10–18
6–14	93.7
314	105.5
233	.2048
305	45.3
309	48.3
137	20.0
234	17.6
264	29.7
219	32.7
250	33.0
275	34.7
133	44.1
312	47.6
160	32.0
265	33.1
104	31.2
252	34.2
169	66.0
117	-12.8
267
306	Loyola MD	Pat	30	11–19
7–11	92.3
323	103.9
199	.2038
306	42.8
342	49.7
199	20.3
257	17.6
264	31.9
129	28.6
67	37.6
152	44.9
316	40.4
347	49.9
252	32.5
247	32.9
93	28.6
297	33.1
139	63.3
263	-13.5
280
307	Marist	MAAC	32	7–25
6–14	92.7
318	104.6
216	.1996
307	46.8
266	49.6
189	20.5
271	20.8
70	21.2
348	35.6
334	38.0
139	36.7
178	46.4
235	49.6
239	31.5
286	33.1
104	44.0
15	34.5
180	65.4
144	-19.6
341
308	Southern Utah	BSky	28	9–19
7–11	97.0
278	110.4
321	.1842
308	52.3
51	51.5
277	20.1
241	15.7
335	22.6
342	29.3
91	38.7
123	50.6
339	48.4
140	49.6
239	39.7
10	37.2
300	35.5
139	30.4
63	68.1
32	-14.5
298
309	Montana St.	BSky	29	6–23
4–14	94.6
306	107.7
286	.1834
309	46.9
259	53.0
311	20.6
278	17.0
290	29.1
244	28.2
54	28.7
341	44.8
315	42.4
334	50.4
265	35.6
105	39.4
348	41.0
38	29.6
43	66.2
106	-17.6
332
310	Longwood	BSth	32	9–23
5–13	95.7
293	109.2
306	.1792
310	49.0
174	52.6
301	20.7
281	20.8
70	26.9
299	35.2
329	30.0
331	45.0
317	44.9
289	50.5
267	36.9
66	37.5
306	39.5
52	37.3
273	67.0
67	-17.7
333
311	Wagner	NEC	29	9–20
8–10	96.7
280	110.4
320	.1787
311	44.6
321	53.4
324	20.1
241	19.8
126	37.2
18	30.3
127	33.9
259	53.3
347	44.0
315	51.7
305	30.6
309	37.7
314	31.3
248	34.3
174	67.6
49	-15.0
305
312	New Orleans	Slnd	26	8–18
6–12	95.7
294	109.4
308	.1766
312	46.5
277	54.8
344	22.2
330	21.2
49	35.7
35	32.9
260	45.9
20	44.0
304	45.2
277	53.9
340	33.9
188	37.8
318	23.0
348	31.3
85	67.6
49	-13.1
275
313	Idaho St.	BSky	28	5–23
4–14	95.4
298	109.2
305	.1747
313	48.1
211	52.0
289	18.7
139	18.7
192	29.9
209	32.2
232	37.0
172	34.8
135	46.6
224	49.3
231	34.9
138	37.0
293	25.7
337	42.7
343	63.9
231	-18.9
338
314	Jacksonville St.	OVC	29	10–19
5–11	92.8
316	106.3
254	.1734
314	43.0
340	51.1
258	18.5
128	19.2
158	28.7
258	34.5
319	37.6
152	39.0
222	42.3
336	50.0
257	29.5
333	35.7
242	35.6
137	30.3
57	63.8
237	-13.8
285
315	Austin Peay	OVC	28	6–22
3–13	93.1
315	106.9
274	.1697
315	44.5
327	54.9
345	20.8
284	20.3
93	31.8
134	29.2
83	41.6
62	38.4
208	44.2
307	53.2
335	30.1
320	38.6
335	30.2
272	36.3
246	67.2
63	-16.4
318
316	Utah Valley	WAC	28	9–19
5–9	91.6
328	105.6
238	.1633
316	44.5
327	49.9
205	20.3
257	17.8
253	28.5
264	30.4
130	33.3
268	37.0
187	44.4
300	49.1
223	29.8
329	34.3
178	37.1
93	34.2
169	62.5
293	-14.1
289
317	Jackson St.	SWAC	32	11–21
9–9	89.0
342	102.6
176	.1618
317	42.9
341	48.6
150	21.9
321	22.7
18	37.7
12	28.1
49	32.9
278	54.1
349	43.7
318	47.2
143	27.4
348	34.1
165	30.8
257	37.3
273	64.2
203	-16.6
322
318	UMass Lowell	AE	28	11–17
6–10	91.1
332	105.4
230	.1581
318	47.9
218	53.9
335	20.5
271	23.3
13	21.6
346	30.4
130	34.3
248	34.1
117	44.6
294	54.1
343	34.9
138	35.8
248	42.0
29	38.8
310	64.2
203	-11.5
245
319	Southern Miss	CUSA	27	7–20
4–14	94.6
307	109.7
311	.1533
319	48.9
179	53.5
327	22.2
330	20.1
110	26.6
307	34.2
307	34.1
253	31.9
64	48.8
121	53.1
333	32.8
236	36.0
256	38.6
63	41.2
336	62.4
297	-13.6
282
320	Houston Christian	Slnd	24	8–16
7–11	99.0
235	115.1
343	.1494
320	47.4
243	52.8
304	21.4
306	17.2
281	37.6
14	31.5
190	39.4
111	43.7
301	47.5
180	51.0
284	31.5
286	37.9
321	25.1
344	31.8
95	66.7
84	-11.7
250
321	Fairleigh Dickinson	NEC	28	7–21
3–15	95.0
302	110.7
323	.1467
321	46.5
277	52.3
293	18.6
131	23.2
14	27.6
282	40.4
351	34.2
249	51.8
344	45.5
266	52.5
322	32.1
261	34.7
193	37.8
80	34.2
169	67.5
53	-16.2
316
322	The Citadel	SC	27	8–19
6–13	102.1
169	119.6
351	.1398
322	51.7
68	55.1
348	21.7
316	15.9
331	31.3
157	34.6
322	38.0
139	29.6
28	46.8
214	56.5
351	40.2
8	35.1
213	35.8
127	35.8
228	59.1
346	-14.4
295
323	Presbyterian	BSth	28	6–22
6–12	95.2
300	112.2
335	.1320
323	48.4
199	54.0
337	20.9
290	15.9
331	27.3
294	33.6
285	33.3
268	28.7
23	48.8
121	50.6
270	31.7
281	38.9
341	25.4
339	43.4
348	62.5
293	-16.8
323
324	Nicholls St.	Slnd	26	7–19
7–11	89.0
341	105.4
232	.1245
324	47.8
224	50.0
212	25.0
348	20.3
93	30.1
198	34.5
319	42.4
46	50.7
340	48.4
140	48.3
191	31.2
298	35.7
242	33.0
210	31.9
99	66.9
72	-13.7
283
325	Western Illinois	Sum	26	6–20
3–13	89.3
340	105.9
243	.1245
325	45.3
309	50.7
238	18.3
112	16.7
303	20.0
350	28.9
73	30.3
328	37.1
191	41.2
342	49.4
234	35.2
122	35.5
230	35.7
133	32.5
121	67.0
67	-15.1
306
Rk	Team	Conf	G	Rec	AdjOE	AdjDE	Barthag	Efg%	EfgD%	TOR	TORD	ORB	DRB	FTR	FTRD	2P%	2P%D	3P%	3P%D	3PR	3PRD	Adj T.	WAB
326	Coppin St.	MEAC	30	7–23
6–10	96.2
285	114.3
340	.1212
326	47.0
257	54.5
341	18.4
121	19.3
150	25.3
326	38.1
346	30.5
326	42.4
281	42.4
334	53.2
335	35.3
119	38.4
330	43.1
20	30.8
74	74.4
2	-16.3
317
327	Morgan St.	MEAC	31	7–24
5–11	92.6
320	110.0
316	.1207
327	40.2
350	53.3
321	16.2
27	21.6
32	34.8
54	33.8
293	33.1
271	43.2
295	39.1
349	52.9
328	28.4
340	36.1
262	30.6
263	30.4
63	65.1
157	-18.2
337
328	Arkansas Pine Bluff	SWAC	32	12–20
9–9	90.4
336	108.0
291	.1147
328	46.3
284	51.2
260	23.5
340	24.9
3	30.5
184	39.5
348	35.6
214	48.8
336	44.2
307	48.8
210	33.3
213	36.9
289	37.4
90	35.9
231	64.1
213	-14.9
301
329	Binghamton	AE	30	5–25
5–11	90.9
334	108.9
301	.1110
329	44.6
321	52.3
293	21.6
310	20.4
88	26.2
313	32.5
245	39.8
98	33.8
106	43.9
316	49.8
250	30.6
309	37.5
306	33.8
180	38.4
300	63.6
250	-19.0
339
330	South Carolina St.	MEAC	31	9–22
7–9	88.6
344	106.5
261	.1072
330	42.4
344	51.0
251	19.4
191	20.1
110	30.1
198	33.2
273	32.8
280	36.4
167	41.1
343	51.5
299	30.1
320	33.4
124	33.2
201	35.6
220	65.2
150	-16.9
325
331	Tennessee St.	OVC	29	3–26
2–14	87.9
345	105.7
239	.1064
331	43.9
335	50.4
225	22.1
328	18.3
221	26.5
308	32.8
254	40.4
82	42.0
271	40.0
348	51.5
299	34.8
144	32.7
85	32.2
232	42.6
342	64.0
225	-19.5
340
332	Bethune Cookman	MEAC	30	9–21
7–9	89.7
337	108.2
293	.1039
332	44.2
330	48.2
135	22.7
336	20.9
64	34.4
66	34.1
302	40.3
85	46.4
326	44.4
300	47.5
159	29.1
336	33.1
104	34.2
169	34.1
166	60.7
335	-17.9
334
333	UT Rio Grande Valley	WAC	28	7–21
4–10	92.1
325	111.1
326	.1039
333	44.7
319	50.5
229	20.9
290	19.0
170	30.4
189	36.6
341	38.6
127	35.4
144	45.6
264	50.1
261	28.2
347	34.1
165	27.2
322	35.3
205	64.4
197	-16.0
314
334	North Carolina A&T	MEAC	30	7–23
6–10	91.5
329	110.6
322	.1017
334	44.6
321	50.4
225	23.6
342	18.8
187	34.1
72	34.4
314	37.3
162	40.9
249	45.7
263	47.8
166	28.4
340	36.5
274	34.9
156	37.1
264	62.7
283	-18.0
335
335	Abilene Christian	Slnd	28	7–21
4–14	92.1
326	111.3
328	.1016
335	47.3
244	55.3
349	19.8
219	20.8
70	24.1
331	33.9
295	28.3
344	44.7
313	42.0
338	55.2
349	37.8
44	37.0
293	36.2
118	32.9
132	64.0
225	-16.5
320
336	Jacksonville	ASun	29	7–22
4–10	94.7
304	114.6
342	.1010
336	46.6
274	54.5
341	18.6
131	19.1
165	27.7
281	33.8
293	39.3
113	38.8
219	43.1
326	54.1
343	35.8
99	36.8
286	32.3
230	37.8
289	64.0
225	-17.4
329
337	Stetson	ASun	28	6–22
3–11	94.6
305	114.5
341	.1009
337	48.1
211	51.6
278	18.3
112	16.4
316	26.1
314	35.1
327	34.1
253	31.5
55	48.3
146	49.1
223	31.8
277	37.1
296	33.5
192	37.7
286	66.3
99	-17.6
331
338	Liberty	BSth	28	4–24
2–16	88.8
343	107.6
283	.0989
338	46.0
294	50.2
218	24.5
346	18.1
231	30.6
180	32.5
245	40.2
88	41.8
266	45.8
257	48.0
171	31.0
304	35.6
239	28.4
301	41.7
338	66.2
106	-20.2
342
339	Chicago St.	WAC	29	5–24
4–10	87.7
346	106.3
253	.0983
339	42.3
345	52.8
304	23.5
340	22.3
21	33.6
93	33.3
278	27.1
349	53.9
348	40.6
346	50.0
257	30.2
319	38.1
325	37.6
85	38.5
304	63.5
254	-17.4
330
340	Savannah St.	MEAC	29	7–22
5–11	85.6
349	104.4
208	.0931
340	44.0
332	53.0
311	24.7
347	24.8
4	30.0
204	33.7
287	34.2
249	50.5
338	46.2
240	51.9
315	25.2
351	37.1
296	25.6
338	28.9
23	65.5
138	-16.1
315
341	Alabama A&M	SWAC	28	8–20
8–10	92.8
317	113.1
338	.0927
341	44.7
319	50.5
229	21.9
321	18.3
221	35.2
42	36.4
337	41.6
62	41.3
259	45.4
273	50.7
274	29.1
336	33.3
117	37.6
85	29.3
31	63.5
254	-15.7
310
342	Maine	AE	30	3–27
2–14	92.5
321	112.9
337	.0920
342	46.7
269	55.8
351	21.6
310	19.0
170	23.5
336	31.7
205	27.7
347	36.6
173	45.5
266	55.6
350	32.6
243	37.4
302	37.9
79	36.6
255	66.6
88	-20.6
346
343	Central Connecticut	NEC	31	5–26
3–15	91.3
330	111.5
329	.0918
343	44.6
321	51.4
273	21.3
303	15.8
333	30.9
171	32.8
254	28.6
342	23.9
3	43.2
323	51.2
292	32.2
255	34.5
190	27.1
324	35.3
205	63.8
237	-21.6
348
344	Kennesaw St.	ASun	30	8–22
4–10	91.9
327	112.5
336	.0889
344	45.3
309	50.7
238	21.3
303	16.2
322	29.6
223	35.1
327	29.8
334	35.7
153	44.1
312	51.1
288	31.5
286	33.4
124	37.7
82	34.0
163	66.1
111	-16.6
321
345	UMBC	AE	30	4–26
2–14	87.4
347	107.6
282	.0837
345	46.3
284	51.2
260	24.1
345	19.7
133	23.5
336	30.5
139	37.2
165	33.0
88	45.0
286	49.6
239	32.6
243	36.1
262	32.4
227	35.0
193	65.1
157	-20.5
344
346	San Jose St.	MWC	28	0–28
0–18	85.7
348	107.2
275	.0708
346	41.0
348	54.0
337	21.6
310	17.8
253	24.1
331	31.8
210	29.1
338	42.9
293	38.7
350	51.8
312	29.4
335	38.8
340	43.6
17	34.0
163	64.6
189	-21.2
347
347	Alcorn St.	SWAC	30	5–25
4–14	90.9
333	116.9
350	.0529
347	43.1
339	52.8
304	17.2
59	18.6
202	30.2
193	35.9
335	37.5
155	39.9
235	43.3
321	50.9
281	28.4
340	38.2
327	30.0
277	29.5
37	67.0
67	-20.4
343
348	Mississippi Valley St.	SWAC	32	6–26
5–13	89.6
339	116.2
347	.0476
348	42.7
343	54.5
341	20.9
290	20.8
70	30.1
198	39.7
349	33.0
275	36.7
178	41.7
339	55.1
348	30.3
315	35.5
230	27.2
322	34.1
166	71.2
5	-20.5
345
349	Central Arkansas	Slnd	29	2–27
2–16	89.6
338	116.6
349	.0460
349	48.8
186	55.0
347	25.6
350	18.3
221	28.0
277	36.7
343	39.3
113	42.5
284	46.5
230	54.4
346	35.3
119	37.6
309	36.5
111	28.8
22	69.9
14	-22.7
350
350	Florida A&M	MEAC	29	2–27
2–14	83.2
350	115.5
345	.0224
350	41.3
347	53.5
327	21.8
319	18.5
207	26.8
303	35.5
332	37.8
145	34.9
136	40.9
344	54.0
342	28.3
344	35.1
213	28.1
308	37.7
286	66.4
96	-23.0
351
351	Grambling St.	SWAC	27	0–27
0–18	77.1
351	116.1
346	.0089
351	39.4
351	52.2
292	26.1
351	16.9
296	28.9
253	36.4
337	39.6
107	38.7
215	38.4
351	54.3
345	28.3
344	32.1
65	26.0
332	34.6
183	65.5
138	-22.1
349