Rk	Team	Conf	G	Rec	AdjOE	AdjDE	Barthag	EFG%	EFGD%	TOR	TORD	ORB	DRB	FTR	FTRD	2P%	2P%D	3P%	3P%D	3PR	3PRD	Adj T.	WAB
1	Gonzaga
   1 seed, Finals	WCC	33	32–1
17–1	119.8
10	88.0
2	.9720
1	58.0
2	41.6
1	15.9
24	17.7
220	29.9
147	25.4
31	38.2
88	26.0
12	58.4
4	40.0
1	38.2
43	30.0
7	32.6
265	31.8
35	71.8
66	+7.8
8
2	Villanova
   1 seed, R32	BE	34	31–3
15–3	122.2
2	92.2
14	.9622
2	57.9
4	48.1
70	17.1
73	20.2
67	29.6
158	27.6
102	35.3
171	21.8
1	59.7
2	48.9
153	37.0
80	31.3
24	44.1
25	40.2
297	65.8
315	+11.0
1
3	Virginia
   5 seed, R32	ACC	32	22–10
11–7	114.1
34	86.7
1	.9591
3	52.9
66	45.7
20	15.6
15	21.0
33	28.7
202	24.2
8	25.7
348	34.0
151	50.0
141	45.0
28	39.3
18	31.2
22	33.2
251	39.7
290	60.3
351	+5.0
22
4	Kentucky
   2 seed, Elite Eight	SEC	34	29–5
16–2	119.2
12	91.5
10	.9545
4	53.2
61	47.4
45	16.0
30	19.4
120	34.0
39	27.2
84	41.7
31	34.7
163	53.4
35	48.0
121	35.3
156	30.7
13	31.6
286	32.7
49	74.6
13	+9.0
3
5	North Carolina
   1 seed, CHAMPS	ACC	33	26–7
14–4	121.0
8	93.1
22	.9531
5	52.3
87	48.5
82	16.4
43	18.7
159	42.0
1	25.1
27	33.1
246	31.4
79	51.1
95	46.7
70	36.7
90	34.2
124	30.0
311	39.4
277	72.7
38	+8.3
5
6	Florida
   4 seed, Elite Eight	SEC	32	24–8
14–4	115.7
28	89.3
4	.9516
6	51.5
123	45.6
18	16.6
48	21.1
32	31.9
76	29.2
173	40.4
55	33.9
146	49.9
147	45.5
43	36.3
107	30.7
13	36.2
179	31.5
30	70.4
117	+6.3
14
7	Louisville
   2 seed, R32	ACC	32	24–8
12–6	116.2
21	89.7
5	.9515
7	51.4
128	45.1
13	16.1
32	19.8
94	36.3
15	28.7
153	34.8
188	39.8
269	50.2
131	44.4
22	35.9
132	30.9
17	32.4
270	35.6
152	69.7
165	+6.8
9
8	West Virginia
   4 seed, Sweet Sixteen	B12	34	26–8
12–6	116.1
22	89.8
6	.9506
8	51.8
107	48.7
91	16.9
62	28.1
1	37.7
7	32.4
297	38.2
88	42.2
309	50.6
114	46.6
67	36.1
117	34.9
165	33.0
254	36.3
176	72.5
45	+6.3
13
9	Duke
   2 seed, R32	ACC	35	27–8
11–7	121.1
7	94.9
35	.9427
9	54.8
27	47.5
52	16.2
36	17.2
257	31.5
91	29.4
182	38.9
76	30.9
71	53.8
28	48.8
146	37.6
58	29.5
4	37.7
142	28.3
7	69.6
173	+8.5
4
10	Kansas
   1 seed, Elite Eight	B12	32	28–4
16–2	120.4
9	94.4
31	.9425
10	55.9
15	47.9
60	18.1
135	18.6
165	34.3
33	30.4
230	36.8
141	30.8
69	53.2
41	45.0
28	40.5
6	35.7
210	35.5
195	33.4
68	71.6
71	+10.9
2
11	SMU
   6 seed, R64	Amer	34	30–4
17–1	118.8
13	93.7
25	.9389
11	54.7
30	45.7
20	17.0
66	18.3
184	37.5
8	26.3
53	36.5
145	24.5
7	51.2
91	43.5
13	40.6
4	32.2
39	36.3
178	45.3
344	65.0
331	+6.5
11
12	Wichita St.
   10 seed, R32	MVC	33	29–4
17–1	116.9
18	92.8
21	.9340
12	54.7
30	43.9
4	15.9
24	19.8
94	33.9
42	24.2
8	40.9
43	35.2
178	51.0
98	42.3
7	40.7
3	31.0
19	36.4
173	38.8
255	70.5
113	+4.2
24
13	Purdue
   4 seed, Sweet Sixteen	B10	32	25–7
14–4	116.1
23	92.3
18	.9334
13	55.7
16	46.7
31	18.4
157	17.0
267	30.9
110	24.5
14	34.3
209	22.7
3	52.5
48	45.8
48	40.6
4	32.3
45	38.0
134	33.2
61	70.5
113	+5.6
19
14	Saint Mary's
   7 seed, R32	WCC	32	28–4
16–2	118.3
14	94.2
28	.9317
14	57.9
4	45.2
14	17.3
83	15.4
331	33.4
53	21.4
1	26.6
343	25.5
9	56.5
8	45.1
31	39.9
14	30.3
10	41.6
52	28.2
6	60.8
350	+4.0
25
15	Baylor
   3 seed, Sweet Sixteen	B12	31	24–7
12–6	116.0
24	92.5
20	.9310
15	52.7
72	45.2
14	20.7
308	16.9
273	40.0
3	29.7
201	34.2
214	30.4
58	52.5
48	44.2
19	35.3
156	31.4
25	33.9
236	34.4
109	64.8
332	+7.8
7
16	Cincinnati
   6 seed, R32	Amer	34	29–5
16–2	113.6
35	91.2
7	.9259
16	51.7
111	44.7
7	15.2
10	20.8
42	35.8
19	29.6
191	32.5
263	29.6
50	51.8
72	41.0
4	34.3
198	34.1
122	36.4
173	36.8
195	65.7
319	+5.7
18
17	Michigan
   7 seed, Sweet Sixteen	B10	35	24–11
10–8	121.6
5	97.9
68	.9236
17	56.9
8	51.7
218	14.6
5	20.1
72	25.3
294	29.4
182	30.5
297	27.5
27	56.7
6	49.7
188	38.1
45	37.8
306	45.1
17	28.7
9	64.0
343	+3.8
27
18	Wisconsin
   8 seed, Sweet Sixteen	B10	34	25–9
12–6	113.5
36	91.5
9	.9225
18	51.7
111	47.3
42	16.8
59	19.9
90	35.5
21	25.4
31	32.0
271	26.4
15	50.8
106	42.6
8	35.5
149	37.7
303	36.7
164	33.4
68	64.5
338	+5.1
21
19	Notre Dame
   5 seed, R32	ACC	34	25–9
12–6	119.5
11	96.4
49	.9222
19	54.0
41	49.0
103	13.9
1	18.8
156	27.4
234	31.0
249	28.2
328	26.6
17	51.3
88	48.1
125	38.6
30	33.7
96	40.8
69	34.5
114	68.5
228	+5.9
16
20	Oregon
   3 seed, Final Four	P12	33	28–5
16–2	116.0
26	93.7
26	.9206
20	55.6
17	46.1
25	17.0
66	20.1
72	32.0
74	29.8
204	34.4
204	26.6
17	54.8
18	45.8
48	37.9
51	31.1
20	39.1
106	37.2
209	68.5
228	+6.0
15
21	Iowa St.
   5 seed, R32	B12	33	23–10
12–6	118.1
15	95.6
42	.9187
21	54.8
27	49.0
103	14.1
3	20.0
80	26.1
278	32.0
287	27.6
335	25.7
10	51.2
91	47.1
82	40.2
10	34.8
158	39.5
95	35.6
152	69.6
173	+6.4
12
22	Oklahoma St.
   10 seed, R64	B12	31	19–12
9–9	125.1
1	101.4
122	.9175
22	53.8
45	52.8
274	18.3
149	20.8
42	38.0
6	32.2
288	37.8
105	45.6
334	50.0
141	52.5
290	40.3
8	35.5
193	36.1
180	34.3
102	73.0
32	+3.3
31
23	Arizona
   2 seed, Sweet Sixteen	P12	34	30–4
16–2	116.3
20	94.3
29	.9173
23	53.7
49	47.1
35	17.0
66	17.7
220	33.3
54	26.2
49	41.0
39	29.2
43	51.0
98	47.9
116	39.8
15	30.6
12	30.8
296	36.6
188	67.0
287	+7.9
6
24	Florida St.
   3 seed, R32	ACC	33	25–8
12–6	116.0
25	94.3
30	.9154
24	53.9
43	47.4
45	16.3
41	19.8
94	34.0
39	30.4
230	37.7
109	37.3
218	54.1
25	45.1
31	35.6
138	34.4
132	31.3
291	36.1
169	72.6
43	+5.9
17
25	UCLA
   3 seed, Sweet Sixteen	P12	33	29–4
15–3	121.7
4	99.2
87	.9130
25	59.5
1	48.4
79	15.4
13	16.2
306	29.4
171	28.3
134	26.9
340	25.8
11	58.8
3	45.0
28	40.5
6	36.2
243	37.6
146	36.0
167	75.4
9	+6.7
10
Rk	Team	Conf	G	Rec	AdjOE	AdjDE	Barthag	Efg%	EfgD%	TOR	TORD	ORB	DRB	FTR	FTRD	2P%	2P%D	3P%	3P%D	3PR	3PRD	Adj T.	WAB
26	Creighton
   6 seed, R64	BE	33	24–9
10–8	115.6
29	95.3
40	.9023
26	58.0
2	50.0
149	17.1
73	19.6
109	24.1
319	29.7
201	27.9
331	28.6
36	56.7
6	49.9
198	40.1
13	33.4
82	35.9
183	36.8
195	72.6
43	+4.2
23
27	Butler
   4 seed, Sweet Sixteen	BE	31	23–8
12–6	117.5
16	97.0
58	.9014
27	54.6
33	50.7
181	15.1
9	20.1
72	28.1
212	27.8
109	36.2
152	37.5
221	54.6
21	51.0
235	36.3
107	33.4
82	37.5
150	37.6
222	67.0
287	+5.5
20
28	Miami FL
   8 seed, R64	ACC	32	21–11
10–8	110.7
55	92.3
17	.8904
28	51.2
143	47.2
39	19.6
246	18.3
184	33.7
46	27.9
114	34.3
209	28.8
39	49.9
147	45.9
55	35.9
132	33.1
73	32.7
261	34.6
118	64.7
334	+2.9
32
29	Kansas St.
   11 seed, R64	B12	34	21–13
8–10	112.2
44	93.6
24	.8890
29	52.9
66	49.1
111	19.3
230	22.1
18	29.6
158	32.3
293	41.5
32	33.0
116	52.2
55	44.9
26	36.1
117	38.1
319	36.4
173	34.2
98	67.4
272	+1.6
40
30	Marquette
   10 seed, R64	BE	31	19–12
10–8	121.4
6	101.6
126	.8853
30	57.6
6	51.9
227	17.1
73	18.5
172	27.3
241	28.9
163	31.1
284	35.9
193	52.7
46	50.2
213	43.0
1	36.9
276	41.1
63	34.1
93	71.5
78	+0.6
49
31	South Carolina
   7 seed, Final Four	SEC	31	21–10
12–6	105.2
139	88.3
3	.8822
31	46.7
315	45.0
12	19.0
210	24.5
4	33.8
44	31.6
275	39.9
63	46.7
337	45.0
316	45.3
35	33.4
241	29.6
5	33.7
241	33.9
85	69.6
173	+1.7
39
32	Wake Forest
   11 seed, R68	ACC	33	19–14
9–9	121.8
3	102.4
147	.8803
32	54.1
38	52.7
269	16.4
43	16.2
306	30.7
118	27.7
106	40.7
45	38.0
230	52.1
58	52.1
273	38.5
31	35.8
216	35.7
192	38.8
255	72.0
60	+1.3
45
33	Vanderbilt
   9 seed, R64	SEC	34	19–15
10–8	112.8
41	95.2
37	.8751
33	52.3
87	47.9
60	18.3
149	16.0
314	25.0
298	27.1
78	34.9
183	30.6
66	48.3
216	46.7
70	37.7
55	33.6
90	48.6
6	33.2
61	67.0
287	+0.08
54
34	Minnesota
   5 seed, R64	B10	33	24–9
11–7	108.3
86	91.8
12	.8692
34	48.6
248	44.9
11	16.2
36	17.7
220	30.1
140	30.0
209	39.5
70	28.7
38	47.3
258	44.5
23	34.5
190	30.5
11	29.7
316	33.5
75	70.9
98	+3.7
28
35	Xavier
   11 seed, Elite Eight	BE	34	21–13
9–9	114.5
33	97.3
64	.8658
35	51.6
118	51.8
220	18.6
179	17.8
213	35.2
25	25.0
24	41.2
36	33.7
139	52.0
64	52.5
290	34.0
216	33.8
103	36.4
173	39.2
271	68.7
217	+1.6
42
36	Northwestern
   8 seed, R32	B10	34	23–11
10–8	111.1
51	94.7
33	.8626
36	49.7
206	46.0
23	15.9
24	18.0
200	30.9
110	30.7
240	30.8
288	35.5
185	48.9
195	43.9
17	34.1
210	33.5
87	35.8
187	34.4
109	66.7
299	+2.0
35
37	Illinois St.	MVC	33	27–6
17–1	107.3
104	91.8
11	.8571
37	51.7
111	44.0
5	18.8
196	18.9
151	30.4
130	28.3
134	30.4
298	32.6
108	49.1
183	41.2
5	36.9
85	32.2
39	41.3
58	38.9
263	66.2
308	+1.9
36
38	Clemson	ACC	33	17–16
6–12	115.3
32	98.7
80	.8567
38	51.1
150	51.9
227	15.8
20	20.1
72	31.4
95	32.2
288	34.3
209	24.1
5	49.8
154	51.0
235	35.7
135	35.6
198	34.5
229	36.9
198	67.8
259	-0.34
57
39	Maryland
   6 seed, R64	B10	31	23–8
12–6	113.0
39	97.3
63	.8478
39	52.6
76	47.1
35	19.1
216	17.9
207	30.6
120	32.3
293	38.6
83	32.2
97	50.9
102	45.3
35	36.7
90	34.0
115	40.8
69	32.5
44	68.6
223	+3.7
29
40	Rhode Island
   11 seed, R32	A10	33	24–9
13–5	110.2
62	94.9
34	.8477
40	50.7
173	44.7
7	16.6
48	19.5
113	33.1
58	29.3
176	39.6
69	45.4
333	50.5
117	45.3
35	34.0
216	29.0
2	32.0
279	29.8
17	67.8
259	+0.48
50
41	Michigan St.
   9 seed, R32	B10	33	19–14
10–8	109.7
66	94.6
32	.8461
41	53.9
43	46.3
27	20.7
308	16.1
311	29.3
176	27.3
88	33.8
226	35.1
174	52.4
51	43.5
13	37.6
58	34.7
150	37.9
135	32.7
49	68.2
240	+0.38
51
42	Indiana	B10	34	18–16
7–11	115.8
27	99.9
97	.8459
42	55.2
23	48.7
91	21.4
323	15.7
323	36.4
13	28.0
117	34.1
217	36.8
207	54.1
25	47.7
107	38.0
47	33.7
96	38.7
115	34.2
98	69.7
165	-1.1
64
43	Syracuse	ACC	33	19–14
10–8	115.5
30	99.8
95	.8428
43	53.6
52	50.1
153	18.0
127	19.7
103	31.4
95	34.4
335	35.3
171	29.3
44	51.0
98	49.6
179	38.4
34	33.8
103	40.4
75	42.4
327	68.2
240	-1.1
63
44	Houston	Amer	32	21–11
12–6	113.4
38	98.1
72	.8398
44	51.7
111	47.1
35	14.9
7	20.7
46	31.8
79	30.7
240	28.6
325	36.8
207	47.7
241	45.7
45	39.4
17	32.9
69	35.8
187	38.5
247	66.6
300	-0.8
60
45	Virginia Tech
   9 seed, R64	ACC	32	22–10
10–8	116.5
19	101.4
119	.8311
45	57.0
7	50.9
193	17.2
80	16.6
293	23.4
323	29.9
206	40.5
52	26.9
22	54.8
18	49.1
162	40.3
8	36.0
227	39.9
86	35.4
142	70.1
134	+3.3
30
46	Texas Tech	B12	32	18–14
6–12	111.6
49	97.2
59	.8305
46	52.9
66	50.8
186	16.5
46	20.3
58	30.0
143	25.7
41	35.6
165	35.6
188	51.9
68	48.9
153	36.7
90	35.5
193	32.5
267	42.5
328	65.2
328	-1.2
65
47	TCU	B12	34	19–15
6–12	111.6
47	97.3
62	.8284
47	52.3
87	50.4
166	19.2
220	18.7
159	33.6
49	29.6
191	33.3
240	31.5
81	51.8
72	48.5
137	35.6
138	36.2
243	34.8
221	32.9
55	68.2
240	+0.13
53
48	Middle Tennessee
   12 seed, R32	CUSA	33	29–4
17–1	110.4
59	96.3
47	.8279
48	54.3
35	47.4
45	15.6
15	20.2
67	30.2
137	24.3
13	29.7
307	37.9
227	53.8
28	46.8
74	37.0
80	32.5
54	30.3
305	35.4
142	65.7
319	+2.2
34
49	Dayton
   7 seed, R64	A10	30	23–7
15–3	110.5
58	96.5
51	.8252
49	54.2
36	47.7
57	17.1
73	20.8
42	25.8
283	27.0
74	43.7
12	34.6
161	51.8
72	47.2
84	38.7
27	32.4
47	38.4
124	39.4
277	69.8
156	+1.6
41
50	Arkansas
   8 seed, R32	SEC	34	25–9
12–6	115.4
31	101.1
114	.8195
50	51.5
123	48.2
74	16.4
43	18.3
184	32.4
69	33.5
326	38.8
79	39.3
257	50.2
131	47.2
84	36.4
102	33.2
77	29.8
315	37.4
215	70.9
98	+3.9
26
Rk	Team	Conf	G	Rec	AdjOE	AdjDE	Barthag	Efg%	EfgD%	TOR	TORD	ORB	DRB	FTR	FTRD	2P%	2P%D	3P%	3P%D	3PR	3PRD	Adj T.	WAB
51	Utah	P12	30	18–12
11–7	112.4
42	98.7
79	.8182
51	56.2
11	49.1
111	19.2
220	17.0
267	30.9
110	24.5
14	33.1
246	31.2
75	57.4
5	46.9
80	36.0
129	35.6
198	32.3
272	33.7
77	69.8
156	-2.2
79
52	Tennessee	SEC	31	15–16
8–10	110.2
61	96.7
55	.8178
52	46.8
310	48.6
87	17.4
88	19.3
129	31.8
79	30.1
216	42.9
15	43.3
321	46.0
296	46.2
60	32.4
286	35.5
193	30.6
302	33.4
68	70.8
104	-2.3
80
53	Providence
   11 seed, R68	BE	33	20–13
10–8	107.9
95	95.0
36	.8116
53	51.4
128	49.6
124	18.4
157	20.3
58	26.4
271	28.6
149	38.1
92	30.5
64	49.1
183	49.9
198	37.1
74	32.8
65	35.9
183	34.3
102	67.7
262	+0.6
48
54	Seton Hall
   9 seed, R64	BE	32	21–11
10–8	108.6
79	95.8
44	.8082
54	50.2
184	49.0
103	19.4
236	17.6
227	35.3
24	25.4
31	37.9
102	36.1
198	50.0
141	48.0
121	33.7
228	34.0
115	30.9
295	34.3
102	68.8
214	+2.6
33
55	Alabama	SEC	34	19–15
10–8	104.0
156	92.2
13	.8002
55	48.2
266	46.1
25	20.4
296	19.8
94	34.1
37	26.6
61	39.1
74	39.9
273	48.7
199	44.2
19	31.7
310	33.3
80	37.2
151	34.0
89	66.6
300	-1.9
75
56	Georgia	SEC	33	18–15
9–9	107.5
101	95.3
39	.8002
56	48.1
270	47.2
39	18.6
179	16.7
286	28.9
194	28.2
129	40.7
45	34.2
155	48.3
216	45.4
40	31.8
307	33.6
90	27.9
334	36.4
181	68.5
228	+0.22
52
57	Texas A&M	SEC	31	16–15
8–10	108.4
83	96.2
46	.7974
57	51.2
143	47.2
39	21.2
320	17.4
246	37.4
10	31.2
257	33.3
240	28.1
32	52.1
58	43.7
16	32.9
265	35.2
183	32.7
261	38.7
250	65.8
315	-2.9
85
58	VCU
   10 seed, R64	A10	34	26–8
14–4	107.9
94	95.8
45	.7970
58	51.1
150	47.1
35	17.9
116	21.0
33	31.4
95	27.5
96	36.3
148	39.8
269	51.5
83	45.5
43	33.4
241	33.8
103	29.7
316	31.3
28	69.8
156	+1.4
43
59	Nevada
   12 seed, R64	MWC	34	28–6
14–4	113.5
37	101.1
112	.7905
59	52.7
72	47.9
60	15.7
19	15.9
317	30.6
120	26.2
49	41.8
30	28.1
32	49.3
175	48.9
153	38.5
31	30.7
13	40.2
79	35.4
142	71.1
88	+1.8
37
60	California	P12	34	21–13
10–8	103.7
164	92.4
19	.7894
60	48.1
270	45.3
16	18.7
188	16.6
293	32.9
62	24.0
4	37.7
109	34.1
153	46.6
281	43.4
12	34.0
216	32.8
65	34.7
226	32.5
44	67.1
280	-0.9
61
61	Oklahoma	B12	31	11–20
5–13	106.7
110	95.2
38	.7883
61	47.4
298	50.0
149	19.0
210	18.5
172	30.8
114	29.8
204	36.7
142	33.5
132	45.7
301	47.1
82	34.3
198	36.5
260	30.0
311	37.9
229	71.5
78	-4.6
102
62	UNC Wilmington
   12 seed, R64	CAA	32	27–5
15–3	117.1
17	104.6
197	.7854
62	55.2
23	53.1
290	13.9
1	20.3
58	32.5
68	28.8
157	30.9
285	39.4
260	56.1
9	54.2
326	36.0
129	33.7
96	41.8
49	29.4
13	71.4
82	+1.7
38
63	Princeton
   12 seed, R64	Ivy	28	22–6
14–0	108.1
91	96.6
52	.7848
63	53.5
55	48.9
96	15.2
10	20.6
50	24.2
315	24.7
20	24.9
350	31.7
83	50.4
120	47.2
84	38.1
45	34.4
132	45.9
13	37.3
212	64.3
340	-0.29
56
64	UCF	Amer	33	22–11
11–7	103.2
175	92.2
15	.7848
64	50.9
161	42.5
2	21.9
332	14.6
341	32.9
62	25.4
31	40.5
52	22.5
2	49.5
166	40.1
2	35.3
156	30.9
17	39.6
93	39.6
288	67.0
287	-1.7
70
65	Ohio St.	B10	32	17–15
7–11	110.8
53	99.1
86	.7832
65	52.2
94	48.9
96	19.2
220	17.5
238	29.7
155	28.8
157	38.1
92	29.4
47	51.6
79	45.7
45	35.6
138	35.6
198	33.1
253	41.0
314	69.4
188	-3.1
87
66	USC
   11 seed, R32	P12	34	25–9
10–8	111.8
46	100.1
98	.7818
66	51.8
107	49.9
142	15.6
15	17.9
207	31.2
100	31.1
253	37.5
117	24.1
5	50.3
124	47.0
81	36.3
107	36.7
269	36.0
182	36.6
188	70.2
127	+1.4
44
67	Georgetown	BE	32	14–18
5–13	107.6
100	96.5
50	.7777
67	52.0
102	47.4
45	20.1
281	17.3
250	29.0
189	30.5
234	42.6
21	38.8
243	51.8
72	46.8
74	34.9
174	32.4
47	33.7
241	32.4
42	70.3
123	-4.6
101
68	Pittsburgh	ACC	33	16–17
4–14	113.0
40	101.6
128	.7713
68	51.4
128	51.3
203	17.6
99	14.3
345	28.2
210	29.5
190	39.4
73	26.6
17	49.6
162	50.2
213	36.1
117	35.6
198	39.9
86	36.2
173	67.0
287	-2.1
77
69	Vermont
   13 seed, R64	AE	33	28–5
16–0	109.5
67	98.6
76	.7701
69	55.4
19	48.2
74	17.1
73	19.7
103	30.1
140	26.9
69	34.9
183	26.6
17	55.6
12	46.7
70	36.7
90	34.5
138	31.5
288	30.3
21	65.9
314	+0.9
46
70	Iowa	B10	33	19–14
10–8	111.6
48	100.8
106	.7619
70	52.1
97	50.8
186	18.5
169	19.4
120	31.7
84	32.5
305	35.1
176	27.5
27	49.8
154	49.3
168	37.3
68	35.6
198	37.0
156	36.9
198	72.8
35	-1.8
72
71	East Tennessee St.
   13 seed, R64	SC	32	25–7
14–4	106.9
108	96.8
56	.7592
71	56.1
13	48.5
82	20.6
305	22.0
19	30.0
143	27.1
78	43.8
11	37.8
224	55.4
15	45.3
35	38.2
43	35.6
198	35.2
206	39.4
277	71.6
71	-0.6
59
72	San Diego St.	MWC	32	18–14
9–9	103.8
160	93.9
27	.7586
72	47.5
293	44.8
10	17.5
94	19.0
146	30.5
126	29.1
169	35.3
171	32.4
105	47.5
251	42.9
10	31.6
315	32.1
37	39.8
91	36.3
176	66.1
310	-5.9
131
73	Texas	B12	33	11–22
4–14	103.2
176	93.6
23	.7545
73	48.8
238	48.1
70	19.6
246	18.3
184	28.4
206	31.2
257	34.5
201	30.0
54	51.3
88	47.7
107	29.2
344	32.5
54	33.6
247	34.7
120	69.0
207	-5.8
128
74	Davidson	A10	32	17–15
8–10	108.8
75	98.9
82	.7497
74	51.6
118	49.7
131	17.4
88	17.1
265	25.1
297	26.9
69	31.5
278	33.4
129	51.9
68	45.8
48	34.1
210	38.1
319	46.0
11	33.7
77	69.7
165	-5.2
111
75	Illinois	B10	32	18–14
8–10	106.2
119	96.6
53	.7487
75	50.9
161	50.1
153	18.5
169	18.0
200	29.2
182	26.3
53	32.9
252	29.8
52	49.1
183	49.5
174	36.2
114	34.0
115	35.3
204	36.1
169	68.0
251	-1.4
67
Rk	Team	Conf	G	Rec	AdjOE	AdjDE	Barthag	Efg%	EfgD%	TOR	TORD	ORB	DRB	FTR	FTRD	2P%	2P%D	3P%	3P%D	3PR	3PRD	Adj T.	WAB
76	BYU	WCC	34	22–12
12–6	108.4
84	99.0
84	.7395
76	51.2
143	47.9
60	18.2
142	16.2
306	29.1
186	24.8
22	42.3
24	31.1
74	50.9
102	47.5
95	34.4
193	32.4
47	32.5
267	38.9
263	77.4
4	-2.3
81
77	Mississippi	SEC	34	21–13
10–8	109.4
68	100.1
99	.7364
77	48.7
243	49.7
131	19.3
230	18.8
156	33.7
46	30.0
209	44.4
9	35.7
190	46.7
278	45.8
48	34.7
181	36.9
276	37.2
151	40.2
297	72.8
35	-1.3
66
78	Auburn	SEC	32	18–14
7–11	111.3
50	101.8
134	.7354
78	51.1
150	50.6
176	17.9
116	19.9
90	30.3
135	33.3
324	42.5
22	38.8
243	48.5
206	48.7
142	36.6
96	35.7
210	40.1
82	38.8
255	75.2
10	-2.4
82
79	Colorado	P12	33	18–15
8–10	110.7
56	101.8
135	.7232
79	50.9
161	50.3
160	17.4
88	17.2
257	33.0
59	28.3
134	37.5
117	33.9
146	49.9
147	47.3
91	35.1
167	36.8
272	35.8
187	37.9
229	69.3
193	-3.7
94
80	UT Arlington	SB	32	24–8
14–4	109.0
71	100.4
100	.7218
80	52.5
78	48.9
96	18.7
188	20.0
80	32.7
67	29.6
191	34.7
191	35.8
192	54.7
20	49.8
192	33.0
261	31.9
33	42.0
47	44.6
341	71.6
71	-0.9
62
81	Boise St.	MWC	30	19–11
12–6	109.3
69	100.9
110	.7151
81	52.1
97	48.3
78	17.7
106	16.7
286	27.8
225	26.4
56	40.8
44	42.2
309	51.6
79	47.2
84	35.2
162	33.9
111	40.0
84	29.8
17	70.6
110	-3.1
86
82	San Francisco	WCC	32	19–13
10–8	103.7
163	95.8
43	.7126
82	52.3
87	47.8
58	18.3
149	19.4
120	26.5
268	27.1
78	27.2
337	33.9
146	52.5
48	46.4
63	34.7
181	33.8
103	44.4
21	32.8
52	70.5
113	-4.3
98
83	Colorado St.	MWC	33	22–11
13–5	107.8
96	99.6
92	.7118
83	48.5
252	46.5
30	15.8
20	16.9
273	31.0
108	28.8
157	38.0
99	31.7
83	46.7
278	46.8
74	34.5
190	30.8
16	36.8
161	40.4
305	67.7
262	-2.7
84
84	Bucknell
   13 seed, R64	Pat	34	26–8
15–3	107.5
102	99.5
90	.7089
84	55.4
19	48.0
65	18.8
196	19.7
103	26.8
261	27.4
91	37.2
130	32.7
113	54.6
21	46.5
65	37.7
55	34.0
115	38.6
119	31.8
35	71.3
84	-2.0
76
85	Georgia Tech	ACC	32	17–15
8–10	98.2
272	91.4
8	.6968
85	47.2
305	46.0
23	19.6
246	18.6
165	28.1
212	30.2
223	35.6
165	28.9
40	46.8
276	43.6
15	32.3
291	33.5
87	24.3
349	36.3
176	69.2
196	-2.2
78
86	Cal St. Bakersfield	WAC	29	20–9
12–2	99.1
258	92.2
16	.6961
86	47.9
278	43.6
3	20.8
312	23.4
9	32.8
66	30.0
209	37.7
109	47.3
340	47.5
251	40.5
3	32.6
275	32.2
39	31.7
284	39.9
292	68.0
251	-3.3
89
87	Richmond	A10	33	21–12
13–5	108.4
85	101.0
111	.6927
87	53.6
52	49.5
120	16.6
48	20.3
58	20.8
341	30.4
230	31.8
275	35.2
178	55.1
16	50.7
228	34.3
198	31.5
27	39.9
86	35.3
139	70.4
117	-3.7
93
88	Louisiana Tech	CUSA	31	21–10
14–4	106.4
117	99.2
88	.6902
88	53.4
57	48.0
65	17.7
106	19.4
120	29.2
182	26.2
49	34.6
194	26.9
22	52.0
64	45.8
48	37.1
74	34.7
150	36.7
164	34.1
93	70.0
140	-4.7
103
89	New Mexico St.
   14 seed, R64	WAC	30	25–5
11–3	109.0
72	101.8
132	.6879
89	52.8
70	47.4
45	19.7
256	19.2
137	36.0
18	28.3
134	44.1
10	35.3
182	54.5
24	48.7
142	33.4
241	30.0
7	39.1
106	33.2
61	68.9
213	-0.13
55
90	Monmouth	MAAC	34	27–7
18–2	106.6
112	99.7
94	.6841
90	50.8
169	47.0
33	16.7
57	19.5
113	29.7
155	30.0
209	37.3
124	35.7
190	47.6
249	45.1
31	37.3
68	33.4
82	38.2
129	38.0
234	73.8
21	+0.7
47
91	Nebraska	B10	30	11–19
6–12	104.9
142	98.1
70	.6839
91	46.0
326	52.0
232	18.6
179	19.3
129	33.7
46	29.9
206	30.0
305	33.3
126	45.3
310	47.5
95	31.8
307	40.7
347	29.0
326	33.3
66	69.5
182	-5.5
118
92	Connecticut	Amer	32	15–17
9–9	104.4
151	97.8
66	.6807
92	48.5
252	45.6
18	18.7
188	16.1
311	29.9
147	30.5
234	34.5
201	32.0
92	46.1
292	43.0
11	35.4
152	33.0
72	34.8
221	39.4
277	66.1
310	-5.5
119
93	Penn St.	B10	33	15–18
6–12	102.9
183	96.4
48	.6798
93	47.2
305	49.2
116	17.9
116	20.3
58	26.6
266	30.6
237	32.8
254	31.2
75	45.4
308	46.5
65	33.9
220	36.3
250	34.1
233	34.1
93	72.1
57	-4.9
107
94	Memphis	Amer	32	19–13
9–9	106.3
118	99.7
93	.6780
94	48.9
235	48.8
94	16.3
41	19.3
129	31.6
85	30.6
237	36.7
142	33.2
125	51.1
95	47.7
107	29.5
342	33.7
96	31.8
280	38.8
255	70.1
134	-3.3
90
95	Ohio	MAC	30	19–11
11–7	105.2
140	98.6
77	.6772
95	53.2
61	47.3
42	17.4
88	18.1
198	25.6
287	27.7
106	33.7
231	32.7
113	50.0
141	46.8
74	38.5
31	32.1
37	40.2
79	36.2
173	71.6
71	-5.8
129
96	Loyola Chicago	MVC	30	16–14
8–10	108.1
92	101.3
118	.6762
96	55.3
22	51.8
220	17.3
83	20.9
37	20.6
342	25.8
42	30.8
288	33.5
132	53.5
32	49.6
179	38.9
24	37.3
292	37.8
140	33.7
77	67.1
280	-7.1
155
97	St. Bonaventure	A10	32	20–12
11–7	108.1
90	101.4
120	.6757
97	49.7
206	49.9
142	17.6
99	20.9
37	33.0
59	31.0
249	42.4
23	41.5
299	48.5
206	48.1
125	34.8
178	35.3
185	31.0
294	38.3
241	70.0
140	-4.5
99
98	N.C. State	ACC	32	15–17
4–14	111.8
45	104.9
202	.6751
98	52.7
72	51.6
215	18.5
169	15.6
328	29.8
152	31.4
268	36.2
152	30.4
58	52.4
51	49.5
174	35.6
138	36.9
276	33.5
248	35.6
152	71.9
62	-4.1
96
99	Akron	MAC	34	26–8
14–4	112.2
43	105.5
209	.6705
99	55.5
18	50.7
181	17.0
66	16.6
293	29.4
171	28.1
123	37.3
124	33.4
129	55.5
14	48.6
139	37.1
74	36.6
264	48.3
7	33.0
56	67.1
280	-1.7
71
100	Fresno St.	MWC	31	18–13
11–7	103.8
159	97.6
65	.6705
100	50.8
169	48.5
82	18.8
196	20.6
50	27.2
244	27.5
96	40.5
52	46.2
335	49.5
166	47.2
84	35.6
138	33.6
90	32.2
274	38.1
236	69.8
156	-3.7
95
Rk	Team	Conf	G	Rec	AdjOE	AdjDE	Barthag	Efg%	EfgD%	TOR	TORD	ORB	DRB	FTR	FTRD	2P%	2P%D	3P%	3P%D	3PR	3PRD	Adj T.	WAB
101	Belmont	OVC	28	22–6
15–1	109.1
70	102.9
160	.6621
101	56.3
10	48.2
74	18.2
142	16.2
306	25.4
291	25.2
28	30.3
301	31.7
83	62.0
1	48.6
139	34.1
210	31.6
29	52.7
2	32.2
40	69.5
182	-0.6
58
102	St. John's	BE	33	14–19
7–11	108.1
87	102.2
142	.6564
102	50.3
182	52.4
257	17.7
106	20.5
53	27.4
234	32.8
314	36.2
152	39.3
257	47.5
251	50.5
222	36.4
102	37.4
297	38.2
129	33.9
85	74.6
13	-5.1
110
103	Stanford	P12	30	13–17
6–12	102.9
182	97.3
61	.6561
103	48.3
261	52.7
269	18.6
179	20.6
50	29.6
158	27.2
84	37.3
124	38.2
232	48.2
221	49.1
162	32.3
291	38.8
329	28.3
333	39.9
292	69.9
149	-5.2
113
104	Mississippi St.	SEC	32	16–16
6–12	104.8
146	99.1
85	.6555
104	51.1
150	48.1
70	19.0
210	19.7
103	27.1
248	30.1
216	33.9
223	37.9
227	50.4
120	48.6
139	34.7
181	31.5
27	38.5
123	34.1
93	70.2
127	-5.3
116
105	Chattanooga	SC	29	17–12
10–8	106.5
114	100.8
107	.6527
105	51.9
105	50.7
181	19.8
262	21.4
27	31.2
100	32.7
309	40.3
56	37.2
216	53.3
38	49.7
188	33.1
259	35.3
185	38.1
132	30.1
20	67.1
280	-5.4
117
106	Furman	SC	30	19–11
14–4	106.4
116	100.8
105	.6507
106	55.2
23	49.1
111	19.2
220	19.4
120	27.6
229	27.6
102	33.1
246	35.2
178	53.5
32	50.2
213	38.3
39	31.7
30	43.0
34	40.4
305	67.1
280	-4.7
104
107	Temple	Amer	32	16–16
7–11	107.7
98	102.2
141	.6479
107	49.7
206	49.1
111	16.6
48	18.3
184	27.5
232	32.2
288	26.4
344	32.1
96	47.0
269	47.7
107	35.6
138	34.3
127	42.1
44	35.1
132	68.7
217	-5.8
126
108	Valparaiso	Horz	32	23–9
14–4	104.9
143	99.5
91	.6462
108	50.1
192	47.4
45	18.2
142	17.9
207	30.4
130	26.8
65	36.9
138	32.4
105	50.5
117	46.4
63	33.0
261	32.8
65	34.9
214	37.9
229	68.7
217	-1.8
74
109	Charleston	CAA	34	24–10
14–4	103.6
167	98.4
74	.6441
109	49.4
221	48.0
65	15.9
24	18.6
165	25.4
291	28.9
163	42.7
19	31.9
90	49.1
183	48.9
153	33.2
255	31.1
20	35.8
187	38.3
241	65.7
319	-1.8
73
110	Oakland	Horz	31	23–8
14–4	102.7
186	98.0
69	.6323
110	51.1
150	45.8
22	18.4
157	19.1
142	29.3
176	29.3
176	37.9
102	28.2
35	52.1
58	44.9
26	32.9
265	31.9
33	35.4
201	31.9
37	73.5
27	-3.5
92
111	New Mexico	MWC	31	17–14
10–8	106.0
123	101.1
113	.6312
111	50.2
184	50.6
176	18.4
157	19.0
146	27.0
254	27.8
109	46.0
1	37.7
222	50.7
110	47.5
95	32.7
270	36.9
276	26.2
342	40.0
294	70.4
117	-5.3
115
112	Missouri St.	MVC	32	16–16
7–11	108.8
73	104.0
180	.6279
112	51.0
156	50.4
166	18.4
157	16.2
306	32.9
62	24.6
18	33.8
226	33.0
116	48.8
197	49.2
164	36.2
114	35.0
171	39.3
102	35.5
147	67.4
272	-8.4
178
113	Saint Peter's	MAAC	32	19–13
14–6	101.5
212	97.2
60	.6224
113	51.0
156	48.6
87	17.2
80	20.7
46	25.9
282	26.4
56	32.9
252	29.6
50	46.8
276	48.8
146	38.3
39	32.2
39	39.3
102	41.3
319	62.4
348	-7.5
161
114	Florida Gulf Coast
   14 seed, R64	ASun	30	23–7
12–2	108.5
81	103.9
177	.6217
114	54.1
38	49.1
111	18.1
135	17.3
250	34.6
31	29.6
191	34.0
220	34.8
167	55.6
12	50.3
218	34.0
216	31.4
25	31.8
280	38.0
234	66.8
297	-1.6
68
115	Harvard	Ivy	26	16–10
10–4	105.4
136	101.3
116	.6121
115	52.3
87	47.4
45	19.8
262	18.4
178	29.6
158	29.6
191	32.3
266	39.5
263	51.2
91	47.8
115	35.9
132	31.2
22	41.1
63	34.4
109	68.1
245	-4.9
106
116	UNC Asheville	BSth	30	21–9
15–3	105.4
135	101.3
117	.6118
116	54.1
38	51.8
220	15.8
20	22.7
11	24.4
310	27.4
91	35.2
175	30.4
58	51.5
83	51.3
246	39.2
20	35.0
171	35.5
195	38.2
238	69.5
182	-3.4
91
117	Old Dominion	CUSA	31	19–12
12–6	99.2
256	95.6
41	.6026
117	45.6
331	46.4
28	17.5
94	20.1
72	35.5
21	25.6
40	34.1
217	38.6
240	44.5
329	44.0
18	32.4
286	33.6
90	27.5
336	38.1
236	62.5
347	-5.6
122
118	UC Irvine	BW	34	19–15
12–4	101.9
205	98.3
73	.6024
118	50.0
195	44.1
6	19.9
273	15.3
333	31.9
76	26.4
56	29.7
307	40.2
282	48.2
221	41.6
6	35.6
138	32.7
61	34.9
214	33.1
58	68.0
251	-7.3
157
119	Winthrop
   13 seed, R64	BSth	30	24–6
15–3	105.4
134	101.8
131	.6012
119	53.7
49	46.4
28	17.9
116	18.7
159	27.0
254	28.7
153	38.9
76	33.8
144	51.2
91	45.7
45	38.0
47	31.8
32	43.6
29	35.4
142	72.3
52	-1.7
69
120	Lehigh	Pat	31	19–12
12–6	106.5
115	102.9
159	.5967
120	55.4
19	50.2
155	19.8
262	18.6
165	23.2
325	24.1
6	32.0
271	28.1
32	53.4
35	49.0
159	39.2
20	34.8
158	38.1
132	38.3
241	71.1
88	-6.1
133
121	Toledo	MAC	33	16–17
9–9	108.5
82	104.9
200	.5955
121	54.4
34	51.2
198	18.5
169	14.2
348	29.0
189	25.5
37	38.3
85	27.2
25	54.6
21	52.3
286	36.1
117	32.3
45	37.0
156	29.7
16	68.1
245	-9.4
197
122	Towson	CAA	32	19–13
11–7	104.0
155	100.6
102	.5944
122	48.3
261	49.0
103	18.7
188	18.7
159	37.0
11	26.1
47	45.6
4	47.1
339	49.2
178	47.4
94	30.6
329	34.3
127	26.3
341	39.6
288	69.4
188	-6.4
140
123	Evansville	MVC	31	14–17
6–12	104.5
149	101.1
115	.5928
123	48.8
238	49.6
124	17.9
116	18.5
172	27.1
248	27.1
78	45.8
2	40.9
292	47.2
261	47.9
116	36.9
85	34.9
165	19.1
351	38.8
255	68.0
251	-8.8
184
124	George Washington	A10	34	20–14
10–8	107.2
106	103.8
175	.5902
124	49.5
216	50.2
155	19.4
236	16.0
314	32.9
62	26.0
44	36.9
138	26.8
21	45.6
303	48.8
146	37.2
71	35.4
189	38.6
119	32.3
41	66.9
294	-5.1
109
125	Iona
   14 seed, R64	MAAC	34	22–12
12–8	108.7
77	105.3
206	.5897
125	53.4
57	49.6
124	16.5
46	18.0
200	26.9
256	31.7
276	31.2
282	33.4
129	49.3
175	47.2
84	39.7
16	36.0
227	40.0
84	35.5
147	71.8
66	-5.6
120
Rk	Team	Conf	G	Rec	AdjOE	AdjDE	Barthag	Efg%	EfgD%	TOR	TORD	ORB	DRB	FTR	FTRD	2P%	2P%D	3P%	3P%D	3PR	3PRD	Adj T.	WAB
126	Arkansas St.	SB	31	19–12
11–7	105.2
138	102.0
137	.5888
126	51.9
105	49.2
116	18.6
179	18.8
156	31.0
108	27.5
96	41.5
32	41.8
304	49.7
160	49.8
192	37.7
55	32.0
36	32.4
270	34.8
125	68.7
217	-5.6
121
127	Arizona St.	P12	33	15–18
7–11	111.0
52	107.6
251	.5886
127	51.4
128	55.4
337	14.3
4	18.3
184	24.4
310	32.2
288	31.9
273	29.9
53	48.7
199	55.9
342	36.6
96	36.4
256	43.8
26	40.9
310	71.7
68	-6.3
138
128	Albany	AE	33	20–13
10–6	107.2
105	104.1
185	.5838
128	51.7
111	51.3
203	18.3
149	17.8
213	33.5
51	23.7
3	34.0
220	31.4
79	50.3
124	50.9
231	36.9
85	34.6
145	26.6
338	43.5
332	65.6
322	-6.7
147
129	La Salle	A10	30	15–15
9–9	110.6
57	107.6
250	.5806
129	53.3
60	54.3
319	18.6
179	17.7
220	25.7
284	27.6
102	38.3
85	33.1
119	52.4
51	51.3
246	36.4
102	39.4
335	42.0
47	38.4
246	69.9
149	-6.9
149
130	Georgia St.	SB	31	18–13
12–6	103.3
172	100.4
101	.5793
130	53.0
65	49.0
103	20.0
278	19.8
94	29.9
147	29.1
169	33.9
223	40.0
275	53.3
38	49.4
170	35.0
172	32.4
47	36.7
164	46.0
348	69.6
173	-5.8
127
131	Santa Clara	WCC	32	16–16
10–8	104.8
145	102.0
138	.5756
131	52.4
83	51.8
220	15.9
24	19.0
146	18.3
349	24.5
14	24.0
351	35.2
178	47.9
233	49.3
168	38.3
39	38.0
316	46.9
8	32.7
49	64.2
342	-6.7
146
132	Rutgers	B10	32	14–18
3–15	100.3
236	97.8
67	.5708
132	44.7
339	47.5
52	19.7
256	18.9
151	37.5
8	30.1
216	31.2
282	31.2
75	44.5
329	46.6
67	30.2
336	32.7
61	25.2
347	37.5
220	67.9
257	-5.7
125
133	George Mason	A10	33	19–14
9–9	106.1
122	103.7
171	.5650
133	49.3
224	48.6
87	18.7
188	14.2
348	31.6
85	24.5
14	39.7
67	27.7
29	48.5
206	48.4
135	34.2
205	32.7
61	27.7
335	36.6
188	70.0
140	-5.2
112
134	Wyoming	MWC	31	17–14
8–10	103.6
166	101.5
123	.5592
134	51.2
143	47.0
33	17.8
111	16.4
302	22.7
329	27.0
74	38.2
88	41.0
297	50.2
131	46.1
57	34.8
178	32.5
54	45.9
13	34.3
102	74.9
12	-7.4
160
135	UNC Greensboro	SC	32	22–10
14–4	106.2
120	104.1
182	.5568
135	52.4
83	50.2
155	19.9
273	19.4
120	34.3
33	30.4
230	30.1
302	34.8
167	50.4
120	47.6
100	37.0
80	36.4
256	38.8
111	36.9
198	68.3
236	-2.5
83
136	William & Mary	CAA	29	15–14
10–8	110.7
54	108.5
268	.5567
136	56.2
11	52.3
251	17.4
88	14.5
343	25.6
287	27.4
91	38.7
81	35.1
174	55.8
10	51.0
235	37.8
52	36.1
234	41.1
63	40.9
310	72.0
60	-6.7
145
137	Boston College	ACC	32	9–23
2–16	103.5
168	101.6
125	.5542
137	51.6
118	53.2
298	20.1
281	17.2
257	25.6
287	24.2
8	29.6
309	39.6
264	49.1
183	53.2
308	37.4
66	35.4
189	36.4
173	35.2
136	72.5
45	-9.8
202
138	Utah St.	MWC	30	13–17
7–11	105.5
133	103.6
170	.5514
138	52.5
78	49.2
116	18.2
142	15.8
319	24.9
301	26.8
65	35.1
176	33.7
139	50.0
141	47.7
107	38.0
47	34.5
138	36.1
180	37.4
215	68.1
245	-9.1
191
139	Samford	SC	33	18–15
8–10	107.4
103	105.5
211	.5497
139	53.1
63	49.8
138	18.8
196	17.3
250	29.5
165	31.4
268	41.3
34	31.8
88	50.1
138	49.6
179	39.3
18	33.4
82	34.3
231	40.3
302	69.9
149	-8.1
173
140	Tulsa	Amer	32	15–17
8–10	103.4
170	101.7
129	.5494
140	48.9
235	50.4
166	21.8
331	18.4
178	29.5
165	28.3
134	42.8
16	33.1
119	47.2
261	48.2
129	34.3
198	35.9
220	40.8
69	39.1
268	69.6
173	-6.1
132
141	Purdue Fort Wayne	Sum	29	17–12
8–8	108.1
89	106.3
224	.5475
141	56.6
9	53.7
308	17.5
94	17.8
213	29.2
182	24.2
8	25.2
349	32.3
102	55.0
17	49.8
192	39.2
20	39.4
335	40.6
73	42.1
323	72.9
34	-6.8
148
142	Troy
   15 seed, R64	SB	34	20–14
10–8	108.8
74	107.0
240	.5469
142	51.8
107	49.9
142	17.6
99	17.7
220	30.6
120	29.6
191	40.6
48	32.6
108	50.8
106	49.5
174	35.5
149	33.7
96	40.3
76	39.5
285	69.4
188	-7.9
169
143	Grand Canyon	WAC	29	20–9
11–3	100.5
233	98.9
83	.5460
143	48.4
257	47.8
58	18.2
142	20.9
37	29.1
186	27.9
114	42.1
27	31.6
82	47.8
238	47.3
91	33.0
261	32.5
54	34.0
235	34.4
109	70.4
117	-3.1
88
144	Tennessee St.	OVC	28	15–13
8–8	99.5
249	98.1
71	.5421
144	48.7
243	48.5
82	21.7
327	21.4
27	34.2
35	28.0
117	39.5
70	48.7
344	48.3
216	45.4
40	33.1
259	35.0
171	30.1
307	44.0
337	68.5
228	-7.1
151
145	Elon	CAA	30	16–14
10–8	103.3
171	101.8
133	.5416
145	52.1
97	48.6
87	16.6
48	14.9
339	24.2
315	26.7
63	30.7
293	26.4
15	50.9
102	48.8
146	35.7
135	32.2
39	45.5
15	39.4
277	69.1
201	-7.6
164
146	Kent St.
   14 seed, R64	MAC	34	21–13
10–8	103.8
158	102.5
150	.5383
146	48.1
270	49.6
124	18.1
135	19.3
129	38.1
5	30.0
209	33.0
249	34.2
155	48.6
203	47.9
116	31.4
320	35.0
171	35.1
210	35.7
160	69.7
165	-7.0
150
147	Mercer	SC	30	13–17
9–9	108.1
88	106.7
234	.5371
147	50.4
179	50.0
149	18.0
127	15.7
323	33.9
42	28.4
140	32.8
254	35.3
182	49.6
162	47.7
107	34.4
193	35.3
185	39.2
104	44.1
339	63.0
346	-9.8
201
148	Eastern Michigan	MAC	29	12–17
7–11	105.3
137	104.0
179	.5361
148	48.8
238	50.4
166	17.1
73	21.5
25	33.6
49	35.0
339	35.3
171	50.8
347	48.0
229	50.2
213	33.6
232	33.9
111	30.8
296	39.3
273	69.6
173	-10.0
208
149	Northern Kentucky
   15 seed, R64	Horz	32	22–10
12–6	105.6
128	104.3
188	.5360
149	52.9
66	49.8
138	19.0
210	17.0
267	31.3
98	26.3
53	37.3
124	30.0
54	51.9
68	50.1
208	36.1
117	32.8
65	42.4
41	33.7
77	69.3
193	-4.8
105
150	Louisiana	SB	31	19–12
10–8	109.9
64	108.6
269	.5355
150	51.5
123	54.4
323	17.9
116	20.1
72	36.3
15	27.8
109	42.2
26	37.3
218	51.5
83	53.8
321	34.2
205	37.1
289	33.5
248	33.3
66	73.7
23	-6.2
137
Rk	Team	Conf	G	Rec	AdjOE	AdjDE	Barthag	Efg%	EfgD%	TOR	TORD	ORB	DRB	FTR	FTRD	2P%	2P%D	3P%	3P%D	3PR	3PRD	Adj T.	WAB
151	Yale	Ivy	28	17–11
9–5	105.5
131	104.2
186	.5353
151	52.3
87	49.7
131	19.3
230	17.0
267	31.2
100	28.5
143	33.9
223	26.3
14	51.8
72	49.6
179	35.5
149	33.2
77	34.9
214	38.7
250	69.2
196	-4.6
100
152	Wofford	SC	30	13–17
10–8	108.7
76	107.4
248	.5339
152	52.7
72	53.4
305	17.5
94	18.0
200	28.1
212	28.2
129	31.9
273	38.3
234	49.4
170	54.6
334	38.4
34	34.2
124	40.1
82	33.8
83	68.0
251	-9.6
199
153	Marshall	CUSA	34	19–15
10–8	110.0
63	108.8
274	.5317
153	53.6
52	51.5
211	15.9
24	16.8
280	24.4
310	32.8
314	37.1
132	31.0
72	51.8
72	51.3
246	37.4
66	34.6
145	42.7
39	29.5
15	79.0
3	-7.3
156
154	Washington	P12	31	9–22
2–16	106.9
109	105.9
219	.5264
154	50.6
176	52.8
274	18.8
196	16.4
302	34.9
28	31.4
268	30.8
288	34.7
163	49.4
170	49.6
179	35.4
152	39.9
342	32.8
258	30.7
23	72.7
38	-10.8
223
155	Missouri	SEC	32	8–24
2–16	100.2
239	99.4
89	.5239
155	45.2
334	49.6
124	16.9
62	19.2
137	28.2
210	30.2
223	38.7
81	42.6
315	45.0
316	48.3
132	30.4
333	34.4
132	39.0
108	39.5
285	69.7
165	-12.5
254
156	Buffalo	MAC	30	15–15
11–7	102.9
181	102.1
140	.5232
156	50.7
173	48.2
74	19.8
262	17.5
238	33.2
57	29.2
173	37.3
124	42.9
319	51.4
86	45.8
48	33.0
261	35.1
176	37.7
142	35.2
136	72.4
49	-8.1
171
157	Massachusetts	A10	33	15–18
4–14	99.4
253	98.7
81	.5191
157	49.7
206	46.9
32	20.3
289	19.6
109	28.1
212	30.2
223	34.6
194	44.5
330	53.3
38	44.5
23	29.7
339	34.5
138	40.7
72	32.4
42	73.6
24	-10.0
207
158	North Carolina Central
   16 seed, R68	MEAC	31	22–9
13–3	101.4
214	100.7
104	.5176
158	51.3
135	45.3
16	17.8
111	19.8
94	31.6
85	31.2
257	34.2
214	28.0
31	52.7
46	46.1
57	32.7
270	29.2
3	38.2
129	35.6
152	68.0
251	-5.0
108
159	Northeastern	CAA	31	15–16
8–10	105.9
125	105.5
210	.5094
159	53.5
55	52.1
239	18.5
169	17.0
267	25.7
284	27.0
74	37.8
105	31.0
72	52.4
51	50.7
228	36.7
90	36.4
256	43.3
31	36.4
181	67.7
262	-8.7
182
160	Rice	CUSA	32	21–11
11–7	106.6
111	106.3
223	.5093
160	54.0
41	49.7
131	19.4
236	17.2
257	28.6
203	26.0
44	42.1
27	35.9
193	50.8
106	49.5
174	39.0
23	33.4
82	41.3
58	31.1
27	74.0
19	-6.1
134
161	Saint Joseph's	A10	31	11–20
4–14	102.3
195	102.0
139	.5071
161	46.6
319	51.2
198	17.0
66	18.0
200	29.8
152	26.6
61	40.1
60	32.5
107	45.7
301	50.3
218	32.4
286	34.9
165	29.7
316	44.8
342	70.0
140	-10.8
222
162	Texas St.	SB	31	18–13
11–7	101.7
208	101.6
124	.5043
162	50.9
161	48.0
65	17.9
116	20.0
80	28.3
208	30.7
240	36.4
146	35.3
182	49.8
154	47.7
107	35.3
156	32.4
47	33.7
241	35.6
152	63.3
345	-8.1
174
163	Penn	Ivy	28	13–15
6–8	101.6
210	101.6
127	.5003
163	51.6
118	48.8
94	18.9
205	20.1
72	27.6
229	29.4
182	26.0
345	33.6
137	52.2
55	45.3
35	33.9
220	36.0
227	43.1
33	39.5
285	68.1
245	-8.8
186
164	Utah Valley	WAC	29	13–16
6–8	99.6
248	99.8
96	.4937
164	50.9
161	47.5
52	20.3
289	17.4
246	23.2
325	25.0
24	37.5
117	35.1
174	53.1
43	46.6
67	32.1
298	32.9
69	45.4
16	32.8
52	74.5
15	-9.8
203
165	Lipscomb	ASun	30	17–13
11–3	106.1
121	106.5
225	.4908
165	55.0
26	52.0
232	20.1
281	20.3
58	28.3
208	30.9
247	41.2
36	44.2
326	55.7
11	50.9
231	36.0
129	36.0
227	46.4
10	34.8
125	75.7
6	-8.0
170
166	North Dakota
   15 seed, R64	BSky	28	19–9
14–4	102.1
199	102.6
152	.4861
166	53.4
57	50.3
160	18.7
188	20.0
80	26.2
277	27.9
114	36.6
144	39.4
260	51.6
79	49.4
170	38.4
34	34.8
158	30.1
307	32.6
48	72.4
49	-5.2
114
167	Loyola Marymount	WCC	29	14–15
8–10	102.0
201	102.6
153	.4839
167	50.3
182	52.2
243	19.0
210	21.5
25	30.0
143	30.0
209	30.9
285	43.3
321	48.9
195	51.1
242	35.2
162	36.1
234	35.2
206	34.9
129	68.6
223	-7.1
152
168	Washington St.	P12	30	12–18
6–12	103.8
162	104.4
190	.4829
168	52.0
102	52.8
274	18.1
135	14.7
340	20.0
345	28.5
143	27.2
337	27.9
30	50.6
114	52.6
296	36.6
96	35.4
189	33.2
251	37.0
203	69.0
207	-7.8
166
169	South Dakota	Sum	32	20–12
12–4	102.0
202	102.6
155	.4821
169	49.6
214	50.8
186	16.2
36	18.5
172	27.5
232	27.3
88	42.7
19	31.9
90	48.8
197	47.7
107	34.2
205	37.5
300	32.7
261	36.3
176	72.1
57	-5.6
123
170	Ball St.	MAC	33	20–13
11–7	103.8
161	104.4
192	.4817
170	53.7
49	48.7
91	19.9
273	17.2
257	27.8
225	28.4
140	35.1
176	35.9
193	51.7
78	46.2
60	37.6
58	35.6
198	41.3
58	35.3
139	72.2
55	-6.7
142
171	Western Michigan	MAC	31	15–16
11–7	105.5
132	106.2
221	.4810
171	50.9
161	54.0
315	17.6
99	18.3
184	31.1
104	26.5
59	35.0
180	34.2
155	48.2
221	53.9
322	38.3
39	36.1
234	29.2
324	37.2
209	69.3
193	-9.1
190
172	Wright St.	Horz	30	18–12
11–7	104.5
148	105.3
204	.4798
172	52.0
102	52.0
232	20.4
296	19.5
113	29.4
171	26.5
59	38.0
99	37.1
214	49.4
170	52.0
267	37.2
71	34.8
158	41.3
58	39.4
277	70.5
113	-6.7
144
173	Northern Iowa	MVC	29	13–16
9–9	96.2
305	96.9
57	.4790
173	46.7
315	50.5
172	17.3
83	20.9
37	17.7
350	28.3
134	34.2
214	26.0
12	45.3
310	47.6
100	32.3
291	36.8
272	45.1
17	38.8
255	64.8
332	-6.7
143
174	DePaul	BE	32	9–23
2–16	102.6
189	103.4
167	.4767
174	48.1
270	53.8
311	20.4
296	20.0
80	29.9
147	30.0
209	35.6
165	40.2
282	47.7
241	53.6
317	32.6
275	36.1
234	31.3
291	40.2
297	69.1
201	-10.8
221
175	Siena	MAAC	34	17–17
12–8	104.7
147	105.6
213	.4765
175	49.9
197	50.3
160	19.7
256	17.2
257	35.5
21	29.3
176	40.0
61	35.5
185	50.2
131	50.0
202	32.7
270	33.9
111	28.6
331	32.8
52	70.0
140	-10.0
206
Rk	Team	Conf	G	Rec	AdjOE	AdjDE	Barthag	Efg%	EfgD%	TOR	TORD	ORB	DRB	FTR	FTRD	2P%	2P%D	3P%	3P%D	3PR	3PRD	Adj T.	WAB
176	Jacksonville St.
   15 seed, R64	OVC	32	18–14
9–7	104.0
157	104.8
199	.4763
176	52.4
83	49.3
119	20.7
308	16.8
280	31.5
91	28.0
117	33.8
226	34.8
167	50.9
102	44.7
25	36.7
90	37.9
313	36.6
168	37.5
220	65.2
328	-7.9
168
177	UAB	CUSA	32	16–16
9–9	103.2
173	104.1
184	.4754
177	51.3
135	49.8
138	20.0
278	17.3
250	30.0
143	28.1
123	37.7
109	29.4
47	51.3
88	48.8
146	34.1
210	34.2
124	32.2
274	37.8
227	67.8
259	-9.3
195
178	Weber St.	BSky	30	17–13
12–6	107.1
107	108.2
263	.4733
178	56.1
13	50.7
181	16.6
48	16.9
273	21.2
338	30.3
228	43.6
13	30.1
57	53.2
41	49.6
179	40.2
10	35.9
220	40.3
76	25.6
1	67.7
262	-8.6
180
179	LSU	SEC	31	10–21
2–16	107.9
93	109.0
276	.4724
179	50.2
184	54.6
328	19.8
262	16.9
273	31.2
100	31.3
264	31.5
278	36.9
211	50.2
131	52.9
304	33.6
232	38.2
323	30.8
296	38.2
238	73.4
29	-8.8
185
180	Eastern Washington	BSky	32	20–12
13–5	108.6
80	109.9
293	.4658
180	54.2
36	51.2
198	17.1
73	14.5
343	27.3
241	27.8
109	34.8
188	36.9
211	53.7
30	48.2
129	36.8
88	37.7
303	36.8
161	36.0
167	67.9
257	-5.7
124
181	East Carolina	Amer	33	15–18
6–12	95.5
312	96.6
54	.4657
181	45.8
329	44.7
7	20.8
312	17.0
267	30.7
118	31.1
253	37.4
121	27.2
25	44.5
329	42.6
8	32.0
301	32.5
54	37.2
151	34.0
89	68.3
236	-8.3
177
182	Southern Illinois	MVC	32	16–16
9–9	102.6
188	104.0
181	.4622
182	47.7
286	52.2
243	17.6
99	20.3
58	29.5
165	31.4
268	35.4
169	33.6
137	47.9
233	48.2
129	31.6
315	39.4
335	30.1
307	36.7
192	66.8
297	-7.1
153
183	North Dakota St.	Sum	28	17–11
11–5	102.5
192	103.9
178	.4600
183	52.2
94	50.4
166	16.9
62	17.2
257	25.0
298	28.0
117	39.7
67	31.3
78	50.8
106	46.7
70	36.3
107	37.8
306	37.9
135	37.3
212	68.2
240	-5.9
130
184	Georgia Southern	SB	31	16–15
11–7	104.8
144	106.3
222	.4596
184	51.5
123	51.3
203	17.0
66	18.7
159	25.2
295	33.0
320	39.9
63	34.7
163	49.2
178	51.4
251	36.3
107	34.1
122	43.7
28	40.9
310	69.8
156	-7.8
167
185	Nebraska Omaha	Sum	31	17–14
9–7	106.6
113	108.2
264	.4577
185	52.3
87	54.0
315	18.3
149	19.3
129	28.9
194	31.3
264	40.6
48	33.7
139	49.0
188	53.0
305	38.4
34	37.0
283	38.4
124	39.0
267	75.1
11	-7.1
154
186	Boston University	Pat	31	17–14
12–6	101.4
213	103.0
161	.4555
186	51.2
143	50.5
172	20.2
286	20.7
46	28.1
212	28.5
143	33.4
236	37.2
216	50.0
141	47.5
95	35.3
156	36.5
260	41.6
52	41.6
321	71.1
88	-8.7
183
187	New Hampshire	AE	29	17–12
10–6	100.7
226	102.4
146	.4536
187	50.2
184	49.9
142	18.3
149	14.6
341	27.2
244	21.7
2	34.1
217	29.3
44	49.5
166	50.1
208	34.2
205	32.9
69	41.4
56	35.9
165	66.9
294	-6.2
135
188	Montana	BSky	32	16–16
11–7	104.9
141	106.7
232	.4517
188	51.2
143	52.0
232	15.6
15	18.2
194	28.0
219	26.8
65	33.0
249	44.4
328	49.9
147	52.1
273	35.7
135	34.5
138	35.5
195	33.7
77	68.2
240	-10.7
219
189	Gardner Webb	BSth	30	16–14
11–7	101.0
219	102.9
158	.4486
189	52.1
97	49.0
103	20.4
296	20.4
55	30.8
114	28.6
149	44.7
7	40.8
290	50.3
124	46.8
74	37.6
58	35.5
193	29.3
323	34.7
120	72.3
52	-8.2
176
190	Fordham	A10	31	12–19
7–11	96.8
296	98.6
78	.4469
190	48.4
257	53.0
286	19.7
256	25.6
3	23.4
323	31.0
249	26.7
342	43.5
324	47.4
256	52.3
286	33.2
255	36.1
234	44.3
22	38.9
263	65.8
315	-11.7
241
191	Canisius	MAAC	34	18–16
10–10	107.7
99	109.8
291	.4437
191	53.1
63	54.5
326	18.2
142	20.8
42	30.2
137	32.2
288	30.9
285	33.8
144	51.4
86	56.0
344	37.1
74	34.3
127	40.3
76	33.8
83	70.8
104	-8.9
188
192	New Orleans
   16 seed, R68	Slnd	29	17–12
13–5	99.3
255	101.4
121	.4393
192	50.2
184	50.3
160	23.7
349	22.4
13	36.1
17	32.6
308	42.8
16	34.7
163	51.6
79	51.8
260	30.7
327	31.9
33	24.8
348	36.7
192	67.7
262	-6.2
136
193	Green Bay	Horz	30	16–14
12–6	100.6
231	102.8
157	.4383
193	48.3
261	50.8
186	18.0
127	18.6
165	30.4
130	28.6
149	37.7
109	33.1
119	48.7
199	48.7
142	31.6
315	36.3
250	29.5
321	37.6
222	75.5
7	-7.5
162
194	Indiana St.	MVC	30	10–20
5–13	98.7
262	100.9
109	.4369
194	47.8
281	47.9
60	17.8
111	17.8
213	22.4
330	29.3
176	30.8
288	42.8
318	45.8
299	44.2
19	33.9
220	37.3
292	39.6
93	30.9
25	71.1
88	-11.6
238
195	Hofstra	CAA	31	14–17
7–11	109.7
65	112.3
318	.4340
195	51.7
111	53.1
290	15.2
10	15.4
331	31.1
104	29.6
191	37.7
109	29.3
44	49.6
162	52.0
267	36.4
102	36.9
276	41.6
52	34.3
102	69.1
201	-10.9
226
196	UMBC	AE	29	17–12
9–7	107.7
97	110.2
296	.4340
196	53.8
45	52.0
232	15.8
20	18.0
200	24.9
301	28.8
157	34.8
188	36.3
201	51.0
98	52.1
273	38.8
25	34.5
138	38.6
119	37.6
222	71.9
62	-7.3
158
197	Morehead St.	OVC	28	12–16
10–6	105.9
124	108.7
271	.4271
197	51.0
156	55.1
332	18.5
169	19.4
120	35.2
25	28.1
123	28.8
323	42.1
308	48.0
229	51.8
260	38.7
27	40.2
345	30.5
304	38.9
263	69.8
156	-10.2
209
198	Northern Illinois	MAC	29	12–17
7–11	98.3
271	100.9
108	.4243
198	46.4
322	50.8
186	19.5
243	20.5
53	33.5
51	28.1
123	40.3
56	39.8
269	46.6
281	49.8
192	30.6
329	34.9
165	26.2
342	41.4
320	68.1
245	-11.9
247
199	Texas A&M Corpus Chris	Slnd	29	18–11
12–6	101.9
203	104.7
198	.4241
199	51.3
135	51.0
194	19.2
220	22.5
12	29.6
158	32.7
309	38.2
88	41.6
301	52.1
58	51.0
235	32.8
268	34.0
115	28.5
332	39.7
290	69.5
182	-6.4
139
200	South Dakota St.
   16 seed, R64	Sum	32	16–16
8–8	108.6
78	111.7
313	.4207
200	53.8
45	54.0
315	18.3
149	16.3
305	27.4
234	28.8
157	40.6
48	27.1
24	53.4
35	52.4
289	36.1
117	37.3
292	46.0
11	45.9
347	68.6
223	-9.7
200
Rk	Team	Conf	G	Rec	AdjOE	AdjDE	Barthag	Efg%	EfgD%	TOR	TORD	ORB	DRB	FTR	FTRD	2P%	2P%D	3P%	3P%D	3PR	3PRD	Adj T.	WAB
201	UC Davis
   16 seed, R64	BW	33	21–12
11–5	97.8
279	100.7
103	.4192
201	48.8
238	48.1
70	20.3
289	19.8
94	29.4
171	28.1
123	41.2
36	33.1
119	47.1
263	48.0
121	35.0
172	32.2
39	31.4
290	36.4
181	70.2
127	-7.4
159
202	Denver	Sum	30	16–14
8–8	105.7
127	108.8
273	.4176
202	54.8
27	51.4
208	19.4
236	15.5
329	28.8
200	24.7
20	34.6
194	39.1
251	52.1
58	50.0
202	40.2
10	35.8
216	33.0
254	38.8
255	68.1
245	-9.3
194
203	Mount St. Mary's
   16 seed, R64	NEC	35	20–15
14–4	98.6
265	101.7
130	.4123
203	51.3
135	49.7
131	19.4
236	21.7
22	23.0
327	34.5
337	32.7
260	33.0
116	49.5
166	49.2
164	36.1
117	34.0
115	36.9
158	27.3
4	68.3
236	-7.8
165
204	Air Force	MWC	31	10–21
4–14	104.1
154	107.7
255	.4038
204	49.8
203	54.6
328	17.9
116	17.5
238	26.5
268	24.6
18	37.4
121	32.6
108	47.0
269	54.4
333	36.2
114	36.6
264	38.7
115	46.8
351	68.4
235	-13.9
284
205	Eastern Illinois	OVC	27	12–15
6–10	99.7
245	103.2
165	.4004
205	47.8
281	49.7
131	17.5
94	21.0
33	29.5
165	32.4
297	26.9
340	39.3
257	43.5
338	47.6
100	36.6
96	35.9
220	37.9
135	33.4
68	70.1
134	-11.3
233
206	Murray St.	OVC	31	14–17
8–8	105.7
126	109.5
286	.4002
206	50.8
169	52.1
239	16.9
62	17.9
207	31.8
79	29.6
191	34.9
183	38.5
237	48.5
206	51.0
235	36.1
117	35.9
220	39.9
86	37.2
209	70.1
134	-11.9
248
207	Navy	Pat	31	15–16
10–8	98.8
261	102.3
144	.3991
207	47.8
281	53.0
286	21.9
332	23.8
6	36.9
12	26.2
49	35.9
161	38.9
245	49.0
188	52.5
290	30.6
329	35.8
216	38.3
127	40.3
302	65.5
325	-11.1
230
208	IU Indy	Sum	30	12–18
7–9	105.6
130	109.4
284	.3976
208	51.6
118	54.4
323	16.8
59	19.0
146	29.6
158	29.4
182	33.2
244	43.3
321	48.5
206	54.1
325	37.8
52	36.6
264	37.6
146	34.3
102	70.9
98	-11.1
231
209	Long Beach St.	BW	32	13–19
9–7	104.3
153	108.1
261	.3969
209	48.7
243	53.1
290	19.9
273	18.6
165	31.6
85	33.0
320	36.2
152	37.7
222	47.0
269	51.3
246	35.1
167	37.9
313	30.8
296	33.4
68	71.1
88	-10.4
212
210	Fairfield	MAAC	31	16–15
11–9	98.6
264	102.3
143	.3957
210	51.3
135	49.5
120	18.6
179	17.5
238	24.3
314	28.2
129	27.2
337	32.0
92	52.0
64	49.4
170	33.5
235	33.1
73	42.1
44	33.5
75	70.7
106	-8.9
189
211	UTEP	CUSA	31	14–17
12–6	98.5
267	102.4
145	.3910
211	51.8
107	49.5
120	19.0
210	17.5
238	22.2
332	25.0
24	36.3
148	39.1
251	51.9
68	48.5
137	34.3
198	34.0
115	30.1
307	40.6
308	67.6
268	-11.5
234
212	Coastal Carolina	SB	32	15–17
10–8	100.8
223	104.9
201	.3887
212	49.2
228	49.9
142	18.4
157	15.9
317	30.1
140	26.9
69	28.4
327	33.1
119	48.4
214	49.8
192	33.5
235	33.3
80	41.3
58	46.5
349	69.7
165	-10.2
210
213	San Jose St.	MWC	28	12–16
7–11	99.4
252	103.5
168	.3866
213	48.6
248	51.8
220	18.2
142	18.9
151	24.9
301	26.1
47	36.1
158	40.3
285	47.7
241	52.0
267	33.7
228	34.3
127	32.2
274	31.4
29	72.2
55	-8.9
187
214	Tulane	Amer	31	6–25
3–15	102.8
185	107.1
242	.3843
214	46.4
322	53.7
308	18.8
196	19.7
103	29.3
176	32.5
305	34.3
209	40.8
290	45.2
313	51.9
265	32.4
286	38.1
319	36.8
161	34.5
114	72.1
57	-15.4
306
215	Duquesne	A10	32	10–22
3–15	101.1
217	105.6
212	.3780
215	48.9
235	49.9
142	20.0
278	17.6
227	29.0
189	30.2
223	37.1
132	33.3
126	48.3
216	47.9
116	33.4
241	35.9
220	36.9
158	34.3
102	71.7
68	-14.7
295
216	Rider	MAAC	33	18–15
10–10	99.4
251	103.9
176	.3772
216	49.0
234	49.0
103	19.6
246	18.1
198	33.0
59	27.1
78	37.0
135	35.9
193	48.7
199	48.0
121	33.2
255	33.7
96	26.5
339	36.5
186	73.5
27	-9.9
205
217	Tennessee Martin	OVC	31	19–12
10–6	105.6
129	110.3
299	.3765
217	52.6
76	52.4
257	21.7
327	19.2
137	38.2
4	32.8
314	33.8
226	31.7
83	53.5
32	52.7
302	34.1
210	34.8
158	38.8
111	44.0
337	69.2
196	-6.6
141
218	Holy Cross	Pat	32	15–17
9–9	97.9
278	102.4
148	.3736
218	50.4
179	53.3
303	17.8
111	25.7
2	19.4
347	32.4
297	34.4
204	30.4
58	49.3
175	54.9
337	34.5
190	34.3
127	44.2
24	46.7
350	61.6
349	-10.6
218
219	UMKC	WAC	31	15–16
8–6	102.3
193	107.0
239	.3735
219	51.0
156	52.4
257	19.8
262	20.0
80	26.8
261	32.4
297	39.0
75	42.2
309	47.5
251	53.4
315	37.3
68	33.8
103	40.6
73	36.3
176	72.3
52	-9.2
193
220	Idaho	BSky	30	17–13
12–6	100.6
230	105.3
205	.3719
220	49.9
197	48.9
96	18.7
188	17.6
227	30.5
126	26.0
44	40.2
59	43.2
320	46.9
274	46.1
57	36.5
101	35.1
176	37.6
146	43.1
330	67.6
268	-9.1
192
221	Stony Brook	AE	31	18–13
12–4	100.9
221	105.8
218	.3668
221	47.5
293	50.7
181	15.4
13	19.5
113	28.9
194	28.7
153	33.7
231	40.1
280	45.8
299	47.3
91	33.3
249	37.8
306	40.9
68	35.8
164	67.2
275	-8.2
175
222	Texas Southern
   16 seed, R64	SWAC	34	23–11
16–2	101.7
209	106.7
228	.3665
222	48.2
266	48.9
96	16.6
48	19.3
129	32.3
73	34.4
335	44.9
6	32.2
97	50.1
138	49.0
159	29.7
339	32.4
47	34.1
233	28.5
8	69.9
149	-4.3
97
223	Liberty	BSth	30	17–13
14–4	98.3
270	103.1
163	.3653
223	52.2
94	52.0
232	16.2
36	22.0
19	15.0
351	24.9
23	34.5
201	42.2
309	50.3
124	51.5
252	36.1
117	35.1
176	50.6
4	40.9
310	64.4
339	-8.1
172
224	Lamar	Slnd	29	15–14
10–8	102.6
187	107.8
258	.3624
224	51.1
150	51.7
218	19.6
246	21.0
33	31.8
79	29.6
191	39.8
66	41.8
304	49.7
160	53.0
305	35.6
138	32.7
61	37.7
142	31.6
33	69.1
201	-10.6
217
225	Western Kentucky	CUSA	32	15–17
9–9	101.9
204	107.3
246	.3580
225	50.1
192	52.3
251	18.0
127	15.8
319	27.3
241	26.7
63	37.2
130	24.7
8	48.5
206	50.4
220	35.4
152	36.8
272	34.3
231	38.3
241	67.5
271	-10.9
225
Rk	Team	Conf	G	Rec	AdjOE	AdjDE	Barthag	Efg%	EfgD%	TOR	TORD	ORB	DRB	FTR	FTRD	2P%	2P%D	3P%	3P%D	3PR	3PRD	Adj T.	WAB
226	James Madison	CAA	32	9–23
7–11	97.9
276	103.0
162	.3579
226	50.2
184	51.1
197	21.4
323	17.6
227	29.1
186	25.5
37	36.1
158	38.5
237	50.3
124	50.6
227	33.3
249	34.6
145	36.6
168	42.2
325	65.4
326	-16.9
320
227	Columbia	Ivy	26	10–16
5–9	100.7
225	106.1
220	.3560
227	49.7
206	52.0
232	18.4
157	20.2
67	27.9
223	31.8
280	29.1
319	34.8
167	47.1
263	50.4
220	36.1
117	36.1
234	36.6
168	44.9
343	70.4
117	-11.0
228
228	Charlotte	CUSA	29	12–17
7–11	102.1
198	107.7
256	.3492
228	50.5
177	52.3
251	16.1
32	18.3
184	20.3
344	31.0
249	34.0
220	35.6
188	47.5
251	51.7
256	37.5
62	35.8
216	34.8
221	30.0
19	74.1
18	-10.5
213
229	UNLV	MWC	32	11–21
4–14	97.9
277	103.8
174	.3383
229	45.1
335	51.6
215	18.0
127	16.5
299	28.9
194	27.5
96	37.5
117	28.6
36	43.5
338	48.9
153	32.0
301	37.8
306	35.2
206	34.6
118	70.1
134	-12.5
256
230	Montana St.	BSky	30	14–16
11–7	102.2
196	108.4
266	.3362
230	51.2
143	52.3
251	16.6
48	18.4
178	27.2
244	27.7
106	36.3
148	50.6
346	47.7
241	50.1
208	37.2
71	37.2
290	43.5
30	38.7
250	70.9
98	-12.1
251
231	Bowling Green	MAC	31	12–19
7–11	99.6
247	105.7
217	.3360
231	48.0
277	53.1
290	17.3
83	20.0
80	28.5
204	28.2
129	35.8
163	34.2
155	46.5
284	53.3
313	34.1
210	35.2
183	32.7
261	35.5
147	71.5
78	-12.7
258
232	Oral Roberts	Sum	28	6–22
4–12	103.1
179	109.4
283	.3349
232	49.6
214	54.7
330	16.7
57	16.1
311	25.0
298	29.4
182	30.6
295	32.0
92	47.9
233	51.8
260	35.4
152	39.6
338	32.6
265	37.7
225	70.7
106	-14.9
297
233	Sam Houston St.	Slnd	30	17–13
10–8	96.6
302	102.5
151	.3346
233	47.1
307	50.0
149	19.3
230	22.2
16	31.6
85	27.4
91	36.3
148	48.2
341	47.7
241	48.8
146	30.6
329	34.7
150	32.8
258	35.5
147	71.6
71	-8.5
179
234	Illinois Chicago	Horz	31	13–18
7–11	100.4
235	106.7
229	.3329
234	50.0
195	48.5
82	21.9
332	16.7
286	32.4
69	30.7
240	38.9
76	32.6
108	47.1
263	45.8
48	37.1
74	36.9
276	34.8
221	28.9
11	73.0
32	-13.1
268
235	Drake	MVC	29	6–23
5–13	103.1
178	109.6
287	.3306
235	48.1
270	53.1
290	17.6
99	17.6
227	26.8
261	31.5
274	29.1
319	30.7
67	45.3
310	52.0
267	34.6
186	36.8
272	42.2
42	36.8
195	71.1
88	-15.7
310
236	Central Michigan	MAC	30	14–16
6–12	110.3
60	117.3
345	.3297
236	51.7
111	53.5
307	14.7
6	15.2
334	26.7
265	34.0
330	34.6
194	32.6
108	48.5
206	53.9
322	36.4
102	35.1
176	52.3
3	36.6
188	76.3
5	-10.6
216
237	Houston Christian	Slnd	27	13–14
12–6	103.2
174	110.0
294	.3253
237	49.1
230	53.2
298	19.3
230	18.5
172	35.7
20	28.6
149	37.8
105	38.7
242	48.6
203	52.6
296	33.5
235	36.2
243	30.0
311	35.6
152	71.6
71	-7.6
163
238	Portland St.	BSky	28	12–16
7–11	103.6
165	110.6
301	.3225
238	52.5
78	56.0
340	16.1
32	22.2
16	25.7
284	31.3
264	38.1
92	36.8
207	53.9
27	56.2
346	33.4
241	37.2
290	34.9
214	38.6
248	73.6
24	-11.9
245
239	Southeastern Louisiana	Slnd	30	14–16
9–9	96.7
301	103.2
164	.3207
239	50.2
184	49.0
103	22.8
344	21.6
24	35.0
27	30.8
246	37.0
135	39.6
264	48.3
216	47.6
100	36.1
117	34.5
138	33.0
254	33.9
85	68.8
214	-11.7
243
240	Bradley	MVC	32	12–20
7–11	96.2
306	102.7
156	.3196
240	48.5
252	48.9
96	21.9
332	18.4
178	26.3
273	29.4
182	42.1
27	40.9
292	46.1
292	46.8
74	35.3
156	34.7
150	35.3
204	39.4
277	69.0
207	-11.0
229
241	Army	Pat	31	12–19
6–12	97.8
280	104.5
194	.3180
241	51.5
123	50.3
160	20.6
305	17.3
250	26.4
271	24.0
4	28.0
330	33.7
139	50.7
110	50.1
208	35.1
167	33.8
103	42.8
36	34.8
125	72.7
38	-13.5
275
242	South Alabama	SB	30	12–18
7–11	97.8
281	104.5
195	.3174
242	48.4
257	52.2
243	18.4
157	22.4
13	27.2
244	31.7
276	38.3
85	40.4
287	49.0
188	51.0
235	31.7
310	36.2
243	37.7
142	38.2
238	71.0
96	-12.7
260
243	Drexel	CAA	31	8–23
3–15	102.0
200	109.1
280	.3157
243	49.9
197	53.1
290	18.5
169	17.4
246	30.4
130	30.5
234	31.6
277	39.9
273	48.5
206	52.6
296	34.9
174	36.0
227	36.6
168	36.2
173	71.9
62	-17.1
322
244	Pacific	WCC	32	10–22
4–14	98.6
266	105.4
208	.3156
244	44.6
340	52.5
261	17.0
66	16.5
299	29.3
176	24.1
6	34.6
194	40.9
292	42.9
344	51.8
260	32.5
279	35.7
210	28.9
328	40.7
309	67.7
262	-12.5
255
245	Saint Francis	NEC	32	16–16
11–7	101.6
211	108.7
272	.3155
245	52.5
78	50.2
155	21.0
317	18.7
159	30.3
135	32.4
297	30.1
302	23.9
4	50.2
131	47.2
84	38.0
47	36.7
269	34.5
229	38.7
250	71.5
78	-11.7
242
246	Little Rock	SB	30	13–17
6–12	97.5
287	104.3
189	.3147
246	49.1
230	51.8
220	19.5
243	19.9
90	28.4
206	27.6
102	32.3
266	40.3
285	48.2
221	50.2
213	33.8
227	36.2
243	33.7
241	37.9
229	64.7
334	-11.9
246
247	Loyola MD	Pat	31	15–16
8–10	97.6
285	104.5
193	.3139
247	46.8
310	52.4
257	21.9
332	21.3
30	33.3
54	27.8
109	39.9
63	36.1
198	45.6
303	53.2
308	33.3
249	33.8
103	29.4
322	33.2
61	67.0
287	-10.5
214
248	Southeast Missouri St.	OVC	31	13–18
9–7	101.8
206	109.1
278	.3115
248	51.4
128	55.3
336	17.6
99	21.9
21	24.7
306	30.1
216	35.1
176	39.0
249	49.0
188	55.3
339	36.8
88	36.9
276	37.9
135	40.0
294	69.8
156	-12.8
262
249	Cal St. Fullerton	BW	29	15–14
10–6	97.2
289	104.3
187	.3091
249	49.3
224	49.9
142	21.0
317	19.8
94	30.2
137	27.5
96	40.7
45	42.0
307	50.5
117	48.8
146	31.2
323	34.7
150	33.8
238	34.2
98	69.9
149	-10.9
224
250	Wagner	NEC	29	15–14
11–7	99.9
241	107.1
244	.3081
250	47.6
290	47.6
55	21.4
323	18.5
172	40.1
2	30.9
247	34.7
191	38.9
245	47.1
263	46.0
56	32.5
279	33.5
87	32.5
267	36.1
169	64.3
340	-10.6
215
Rk	Team	Conf	G	Rec	AdjOE	AdjDE	Barthag	Efg%	EfgD%	TOR	TORD	ORB	DRB	FTR	FTRD	2P%	2P%D	3P%	3P%D	3PR	3PRD	Adj T.	WAB
251	LIU	NEC	31	19–12
13–5	99.3
254	106.7
235	.3038
251	48.5
252	49.5
120	20.9
316	19.5
113	36.4
13	28.9
163	38.8
79	37.1
214	47.0
269	47.6
100	34.8
178	35.4
189	28.8
329	35.2
136	68.3
236	-8.6
181
252	Hawaii	BW	29	13–16
8–8	96.5
303	103.7
173	.3033
252	48.5
252	50.8
186	20.3
289	20.3
58	28.0
219	28.9
163	36.9
138	38.3
234	48.6
203	50.9
231	32.1
298	33.8
103	39.5
95	33.2
61	68.6
223	-11.5
236
253	Cleveland St.	Horz	30	8–22
5–13	95.2
316	102.4
149	.3023
253	46.3
324	52.1
239	18.8
196	22.3
15	28.9
194	32.7
309	29.6
309	41.8
304	46.5
284	51.7
256	30.7
327	35.3
185	38.7
115	35.5
147	67.2
275	-15.5
308
254	Northern Colorado	BSky	27	9–18
7–11	97.2
292	104.6
196	.3010
254	51.0
156	52.2
243	20.3
289	18.2
194	27.4
234	25.4
31	34.4
204	34.5
160	50.6
114	52.0
267	34.3
198	35.0
171	43.8
26	37.4
215	70.1
134	-12.6
257
255	Stephen F. Austin	Slnd	30	15–15
12–6	95.1
318	102.6
154	.2940
255	49.2
228	52.1
239	24.8
350	22.9
10	34.7
30	28.4
140	40.6
48	44.4
328	50.3
124	52.0
267	31.4
320	34.9
165	33.8
238	34.8
125	67.6
268	-9.3
196
256	Louisiana Monroe	SB	31	7–24
2–16	97.6
283	105.4
207	.2937
256	47.7
286	50.5
172	19.4
236	16.5
299	29.5
165	29.4
182	26.0
345	34.0
151	47.0
269	49.0
159	32.5
279	35.5
193	36.9
158	35.7
160	66.4
304	-17.8
331
257	USC Upstate	ASun	28	13–15
7–7	103.1
177	111.3
307	.2930
257	52.8
70	50.6
176	17.7
106	14.3
345	30.6
120	30.1
216	32.3
266	30.4
58	52.8
45	51.1
242	35.2
162	33.1
73	39.5
95	37.4
215	69.4
188	-10.4
211
258	Seattle	WAC	27	10–17
5–9	95.7
309	103.3
166	.2917
258	50.5
177	47.6
55	20.6
305	19.0
146	20.6
342	31.1
253	36.2
152	35.1
174	50.3
124	47.6
100	33.9
220	31.7
30	46.6
9	43.9
335	69.1
201	-11.6
237
259	Appalachian St.	SB	28	7–21
4–14	99.8
242	107.8
257	.2916
259	47.4
298	52.8
274	19.4
236	16.9
273	28.9
194	27.2
84	37.1
132	44.8
331	46.3
288	50.5
222	32.7
270	39.0
332	41.4
56	29.4
13	71.7
68	-14.6
294
260	San Diego	WCC	30	12–18
6–12	99.1
257	107.2
245	.2894
260	48.2
266	52.2
243	18.7
188	15.1
336	23.6
321	25.5
37	35.5
168	36.5
204	45.0
316	50.9
231	34.7
181	36.3
250	45.1
17	35.4
142	64.7
334	-9.9
204
261	Robert Morris	NEC	33	14–19
9–9	91.1
343	98.6
75	.2887
261	45.1
335	48.4
79	21.5
326	23.7
7	29.3
176	31.3
264	41.3
34	42.5
314	43.8
336	50.0
202	31.9
306	29.8
6	31.6
286	30.6
22	70.2
127	-13.3
272
262	UTSA	CUSA	31	12–19
8–10	94.1
328	101.8
136	.2865
262	42.6
347	49.7
131	18.1
135	17.6
227	32.4
69	24.2
8	36.2
152	37.9
227	43.7
337	48.4
135	26.7
351	34.8
158	30.7
301	36.4
181	69.6
173	-13.2
269
263	Fairleigh Dickinson	NEC	29	10–19
9–9	102.5
190	111.1
305	.2847
263	49.5
216	51.8
220	18.9
205	19.4
120	27.4
234	34.2
333	36.1
158	44.0
325	49.8
154	51.9
265	32.7
270	34.4
132	35.7
192	35.3
139	70.7
106	-13.7
282
264	Kennesaw St.	ASun	30	12–18
7–7	101.3
215	109.8
290	.2839
264	51.3
135	53.8
311	18.9
205	17.5
238	31.1
104	28.5
143	30.6
295	36.2
200	47.7
241	52.8
303	41.2
2	37.3
292	25.9
346	31.5
30	70.6
110	-12.9
263
265	Cornell	Ivy	28	7–21
4–10	98.7
263	107.1
243	.2809
265	52.1
97	51.9
227	20.1
281	15.5
329	22.0
334	27.2
84	29.5
312	31.8
88	53.6
31	51.1
242	33.3
249	35.6
198	43.2
32	34.2
98	71.4
82	-14.4
287
266	Eastern Kentucky	OVC	29	10–19
5–11	98.2
273	106.7
230	.2784
266	49.4
221	51.4
208	19.8
262	19.2
137	25.2
295	32.9
317	37.4
121	40.5
288	50.1
138	49.8
192	32.3
291	36.2
243	41.8
49	35.1
132	69.1
201	-13.2
271
267	Portland	WCC	31	9–22
2–16	98.1
274	106.6
227	.2769
267	47.1
307	51.3
203	19.2
220	16.8
280	24.4
310	32.7
309	37.6
115	30.5
64	43.2
341	49.2
164	37.0
80	36.3
250	31.8
280	40.5
307	67.1
280	-13.2
270
268	North Florida	ASun	30	11–19
8–6	100.3
237	109.0
277	.2764
268	51.3
135	52.7
269	22.2
341	16.7
286	33.3
54	31.8
280	34.9
183	35.0
172	50.7
110	51.6
254	34.7
181	36.6
264	41.7
51	33.9
85	71.1
88	-12.0
250
269	Saint Louis	A10	33	12–21
6–12	95.0
319	103.5
169	.2700
269	47.0
309	50.6
176	20.3
289	16.9
273	24.2
315	27.3
88	34.4
204	38.5
237	44.3
333	48.9
153	34.2
205	35.6
198	38.8
111	37.7
225	65.2
328	-12.7
259
270	Oregon St.	P12	31	4–27
1–17	95.6
310	104.4
191	.2675
270	48.2
266	51.3
203	23.0
345	17.5
238	26.9
256	32.3
293	34.3
209	39.6
264	46.3
288	50.0
202	34.6
186	35.7
210	35.1
210	36.4
181	66.3
307	-16.6
319
271	Niagara	MAAC	33	10–23
6–14	100.2
238	109.5
285	.2665
271	47.6
290	50.5
172	17.9
116	16.0
314	30.5
126	30.7
240	33.6
234	30.8
69	44.0
334	48.1
125	36.6
96	36.6
264	32.8
258	35.1
132	70.3
123	-17.7
330
272	Milwaukee	Horz	34	10–24
4–14	98.9
260	108.1
262	.2627
272	50.8
169	53.9
313	18.1
135	17.5
238	24.5
309	26.8
65	27.4
336	32.3
102	49.8
154	54.2
326	34.9
174	35.7
210	40.2
79	39.3
273	63.8
344	-17.6
328
273	South Florida	Amer	30	7–23
1–17	96.4
304	105.6
214	.2611
273	47.7
286	51.0
194	23.5
348	19.1
142	30.6
120	34.0
330	30.7
293	40.1
280	45.9
297	45.1
31	34.6
186	39.6
338	29.9
314	41.1
315	70.2
127	-14.6
293
274	FIU	CUSA	29	5–24
3–15	101.8
207	111.5
310	.2594
274	49.7
206	53.2
298	19.2
220	16.8
280	29.8
152	28.0
117	28.5
326	36.7
205	50.2
131	52.6
296	32.4
286	36.3
250	30.8
296	34.4
109	66.2
308	-18.7
338
275	Florida Atlantic	CUSA	28	8–20
6–12	97.6
284	107.0
241	.2575
275	46.0
326	51.0
194	16.6
48	17.7
220	26.9
256	31.2
257	30.4
298	35.9
193	45.5
306	49.2
164	31.4
320	37.0
283	34.8
221	28.8
10	70.4
117	-14.4
288
Rk	Team	Conf	G	Rec	AdjOE	AdjDE	Barthag	Efg%	EfgD%	TOR	TORD	ORB	DRB	FTR	FTRD	2P%	2P%D	3P%	3P%D	3PR	3PRD	Adj T.	WAB
276	Cal Poly	BW	29	9–20
6–10	101.2
216	111.0
304	.2574
276	47.3
304	52.6
265	16.1
32	17.7
220	25.6
287	30.3
228	29.4
316	41.1
298	45.1
314	50.0
202	33.5
235	39.8
341	42.2
42	27.1
3	66.4
304	-14.7
296
277	Brown	Ivy	28	11–17
4–10	103.0
180	113.1
326	.2550
277	50.7
173	57.7
350	19.6
246	21.2
31	27.1
248	29.7
201	44.5
8	39.1
251	49.0
188	58.6
351	35.6
138	37.4
297	39.7
92	36.9
198	72.8
35	-11.5
235
278	Abilene Christian	Slnd	25	9–16
7–11	97.1
294	106.7
231	.2520
278	52.5
78	52.8
274	21.0
317	21.4
27	23.0
327	31.7
276	34.7
191	44.3
327	50.7
110	52.1
273	37.1
74	36.1
234	35.8
187	36.5
186	67.1
280	-12.3
252
279	High Point	BSth	28	12–16
9–9	97.7
282	107.5
249	.2505
279	48.3
261	52.6
265	19.2
220	19.6
109	28.1
212	28.0
117	36.4
146	33.5
132	44.8
323	51.0
235	37.5
62	36.7
269	30.6
302	40.1
296	67.2
275	-11.3
232
280	Cal St. Northridge	BW	28	10–18
7–9	103.5
169	113.9
332	.2493
280	49.7
206	51.9
227	17.9
116	17.8
213	27.7
227	31.8
280	45.0
5	41.7
303	49.4
170	49.6
179	33.7
228	38.4
325	23.4
350	29.0
12	74.2
17	-13.0
265
281	Tennessee Tech	OVC	30	10–20
8–8	97.5
288	107.3
247	.2479
281	48.1
270	51.5
211	19.2
220	20.4
55	29.0
189	30.1
216	38.5
84	39.7
267	47.7
241	51.1
242	32.5
279	34.7
150	39.4
100	40.3
302	69.7
165	-14.5
290
282	Campbell	BSth	32	15–17
7–11	99.5
250	109.7
289	.2453
282	51.3
135	50.8
186	18.9
205	17.3
250	24.1
319	29.1
169	38.1
92	39.0
249	49.9
147	49.9
198	35.6
138	34.9
165	38.9
110	35.6
152	67.2
275	-12.8
261
283	NJIT	ASun	29	9–20
3–11	98.0
275	108.1
260	.2438
283	48.7
243	55.2
335	19.7
256	18.4
178	30.5
126	25.2
28	33.3
240	36.3
201	47.7
241	53.7
319	33.4
241	38.4
325	41.5
55	39.1
268	69.5
182	-14.4
289
284	Delaware	CAA	31	11–20
5–13	96.7
300	106.7
233	.2433
284	46.8
310	53.2
298	17.9
116	15.2
334	27.1
248	27.5
96	32.2
270	40.0
275	47.8
238	51.6
254	30.0
337	37.0
283	34.9
214	42.1
323	66.4
304	-13.5
276
285	Jacksonville	ASun	29	13–16
5–9	100.7
227	111.3
308	.2404
285	53.8
45	56.6
345	18.5
169	20.9
37	26.3
273	28.5
143	34.6
194	36.8
207	50.4
120	56.5
347	38.8
25	37.8
306	43.0
34	41.1
315	69.2
196	-11.7
239
286	Bryant	NEC	31	11–20
9–9	100.9
222	111.6
312	.2372
286	49.7
206	51.5
211	18.8
196	17.6
227	29.2
182	30.6
237	32.8
254	37.4
220	49.2
178	52.1
273	33.7
228	33.6
90	36.7
164	37.0
203	70.6
110	-14.6
292
287	Quinnipiac	MAAC	31	10–21
7–13	101.0
220	111.9
314	.2358
287	47.9
278	52.6
265	19.2
220	16.8
280	34.1
37	30.2
223	33.0
249	38.2
232	47.4
256	50.5
222	32.6
275	38.0
316	34.9
214	32.5
44	74.3
16	-15.4
304
288	The Citadel	SC	30	9–21
4–14	104.4
152	115.7
338	.2336
288	49.3
224	57.9
351	17.2
80	19.7
103	28.0
219	35.4
342	32.8
254	40.9
292	47.8
238	57.7
350	33.9
220	38.9
330	49.2
5	34.7
120	81.8
2	-14.4
286
289	Colgate	Pat	31	9–22
8–10	97.1
295	107.7
254	.2333
289	51.4
128	52.5
261	22.0
338	17.3
250	24.8
305	25.3
30	33.4
236	38.6
240	49.4
170	50.0
202	36.1
117	37.6
301	42.8
36	38.6
248	66.5
302	-16.1
314
290	Miami OH	MAC	30	9–21
4–14	95.2
317	105.7
216	.2319
290	48.6
248	51.4
208	20.1
281	20.7
46	24.9
301	31.8
280	37.0
135	40.0
275	49.8
154	50.8
230	30.9
326	34.8
158	35.4
201	42.2
325	70.0
140	-15.4
305
291	Detroit Mercy	Horz	30	7–23
6–12	102.2
197	113.4
328	.2313
291	50.9
161	56.9
349	19.5
243	19.4
120	26.9
256	31.4
268	38.1
92	48.4
342	48.4
214	57.3
349	37.0
80	37.6
301	35.9
183	37.3
212	73.8
21	-17.0
321
292	Manhattan	MAAC	32	10–22
5–15	96.0
307	106.8
238	.2279
292	47.4
298	51.6
215	22.6
343	20.0
80	30.8
114	30.1
216	41.0
39	53.4
350	46.3
288	48.1
125	32.9
265	39.2
333	35.1
210	32.5
44	70.7
106	-15.6
309
293	UT Rio Grande Valley	WAC	29	7–22
2–12	100.2
240	111.5
309	.2263
293	48.3
261	54.3
319	20.2
286	20.2
67	29.5
165	31.8
280	32.5
263	52.3
349	48.0
229	53.6
317	32.5
279	37.0
283	39.5
95	34.5
114	75.5
7	-16.4
317
294	UMass Lowell	AE	30	10–20
5–11	102.8
184	114.6
336	.2232
294	54.7
30	53.4
305	20.8
312	17.8
213	27.1
248	30.7
240	31.5
278	38.1
231	53.1
43	52.3
286	38.4
34	37.0
283	35.9
183	36.9
198	73.6
24	-15.4
307
295	Western Illinois	Sum	26	6–20
5–11	96.8
297	107.9
259	.2228
295	50.4
179	51.2
198	18.4
157	13.8
351	18.9
348	25.4
31	29.0
321	40.7
289	45.1
314	46.2
60	38.7
27	41.5
349	41.1
63	30.7
23	70.0
140	-15.2
300
296	Pepperdine	WCC	30	8–22
5–13	101.1
218	112.7
323	.2222
296	49.4
221	56.8
348	18.0
127	15.7
323	26.1
278	29.2
173	29.5
312	28.9
40	46.9
274	53.1
307	37.5
62	42.0
351	26.4
340	37.1
207	70.2
127	-13.9
285
297	Nicholls St.	Slnd	27	10–17
7–11	100.5
234	112.0
316	.2221
297	49.5
216	55.6
339	20.4
296	20.4
55	26.8
261	37.6
351	35.8
163	33.5
132	49.0
188	51.7
256	33.5
235	41.7
350	44.3
22	35.6
152	71.0
96	-11.8
244
298	Sacred Heart	NEC	32	13–19
8–10	97.1
293	108.5
267	.2191
298	49.5
216	52.8
274	22.0
338	19.5
113	30.9
110	27.1
78	35.0
180	33.3
126	49.2
178	50.5
222	33.5
235	37.9
313	31.7
284	35.9
165	72.7
38	-15.0
298
299	Marist	MAAC	32	8–24
5–15	100.8
224	112.6
322	.2183
299	49.9
197	52.6
265	18.4
157	15.7
323	21.6
336	32.9
317	37.9
102	37.0
213	49.9
147	50.5
222	33.3
249	37.7
303	42.1
44	34.7
120	68.6
223	-17.6
327
300	Austin Peay	OVC	28	9–19
7–9	104.4
150	116.9
343	.2150
300	52.4
83	56.4
342	17.3
83	17.6
227	24.2
315	35.8
345	41.0
39	29.5
49	52.2
55	56.9
348	35.2
162	37.0
283	37.2
151	37.9
229	71.3
84	-13.7
280
Rk	Team	Conf	G	Rec	AdjOE	AdjDE	Barthag	Efg%	EfgD%	TOR	TORD	ORB	DRB	FTR	FTRD	2P%	2P%D	3P%	3P%D	3PR	3PRD	Adj T.	WAB
301	Sacramento St.	BSky	29	11–18
9–9	99.7
244	111.6
311	.2149
301	49.8
203	52.3
251	16.8
59	15.8
319	27.4
234	29.3
176	37.3
124	33.1
119	51.1
95	49.5
174	31.0
325	38.5
328	29.0
326	33.4
68	67.0
287	-13.6
279
302	UC Riverside	BW	27	6–21
5–11	93.0
331	104.1
183	.2147
302	45.7
330	49.8
138	19.9
273	19.1
142	26.0
281	29.9
206	30.0
305	34.1
153	44.9
321	47.9
116	31.6
315	35.1
176	32.9
257	39.4
277	69.0
207	-16.2
316
303	Youngstown St.	Horz	32	11–21
5–13	100.5
232	112.5
320	.2146
303	49.1
230	53.0
286	16.0
30	16.4
302	26.3
273	31.4
268	25.9
347	29.1
42	49.0
188	53.5
316	32.8
268	34.6
145	33.7
241	35.1
132	73.1
30	-15.2
301
304	Northwestern St.	Slnd	25	9–16
7–11	99.8
243	111.9
315	.2110
304	50.1
192	53.9
313	20.8
312	19.2
137	29.6
158	32.4
297	41.0
39	39.4
260	47.9
233	52.5
290	36.3
107	37.8
306	33.8
238	33.7
77	72.4
49	-11.9
249
305	Norfolk St.	MEAC	32	15–17
12–4	93.9
329	105.6
215	.2055
305	47.4
298	48.0
65	20.5
304	16.7
286	29.7
155	28.9
163	38.0
99	38.4
236	46.1
292	45.4
40	33.2
255	34.7
150	33.9
236	39.1
268	69.8
156	-10.8
220
306	American	Pat	30	9–21
5–13	95.5
311	107.6
253	.2029
306	50.9
161	52.5
261	19.6
246	20.0
80	20.9
340	28.1
123	31.3
281	40.2
282	52.1
58	51.5
252	32.5
279	36.5
260	34.7
226	30.9
25	66.1
310	-15.3
303
307	Dartmouth	Ivy	27	7–20
4–10	98.4
269	111.0
303	.2002
307	49.9
197	53.3
303	21.7
327	15.8
319	27.7
227	27.0
74	33.8
226	30.7
67	48.1
228	53.7
319	35.2
162	35.1
176	38.6
119	35.7
160	68.7
217	-14.5
291
308	Radford	BSth	30	12–18
8–10	95.3
315	107.6
252	.1995
308	47.5
293	51.2
198	22.4
342	15.1
336	33.8
44	26.9
69	29.5
312	30.0
54	44.6
327	49.9
198	34.6
186	35.9
220	39.5
95	33.1
58	65.6
322	-11.7
240
309	Incarnate Word	Slnd	25	8–17
7–11	100.6
229	113.8
331	.1958
309	51.4
128	51.5
211	18.6
179	16.6
293	22.2
332	32.4
297	43.6
13	38.9
245	48.2
221	51.8
260	37.8
52	33.7
96	37.6
146	26.1
2	73.1
30	-13.1
267
310	Charleston Southern	BSth	28	9–19
7–11	102.3
194	115.8
339	.1943
310	48.7
243	54.3
319	16.2
36	16.8
280	27.4
234	27.4
91	35.0
180	41.6
301	48.0
229	53.2
308	33.3
249	37.3
292	35.6
194	37.8
227	69.9
149	-13.7
281
311	Central Arkansas	Slnd	32	8–24
7–11	102.5
191	116.2
340	.1912
311	49.8
203	55.1
332	19.1
216	15.7
323	28.8
200	31.7
276	35.9
161	32.0
92	46.7
278	52.2
279	37.5
62	39.2
333	32.1
278	43.9
335	72.5
45	-17.3
325
312	Alcorn St.	SWAC	29	15–14
13–5	93.9
330	106.6
226	.1882
312	47.9
278	47.3
42	20.4
296	18.6
165	31.9
76	31.2
257	32.8
254	39.8
269	47.9
233	48.3
132	32.0
301	30.2
9	35.5
195	32.0
39	69.0
207	-9.5
198
313	Prairie View A&M	SWAC	31	11–20
10–8	96.7
299	110.3
298	.1803
313	48.6
248	52.9
281	18.8
196	21.7
22	24.7
306	35.0
339	35.4
169	49.5
345	46.4
287	52.2
279	34.9
174	36.2
243	37.2
151	34.1
93	69.7
165	-13.8
283
314	North Texas	CUSA	28	6–22
2–16	95.8
308	109.4
282	.1793
314	47.4
298	50.4
166	18.4
157	17.8
213	26.5
268	31.2
257	34.9
183	35.0
172	47.3
258	49.6
179	31.7
310	34.6
145	33.4
250	37.4
215	71.2
86	-17.4
326
315	Binghamton	AE	29	9–20
3–13	95.4
313	109.3
281	.1739
315	48.8
238	52.2
243	18.6
179	17.1
265	23.5
322	28.2
129	30.8
288	32.2
97	47.1
263	51.3
246	34.4
193	35.7
210	39.0
108	37.1
207	67.2
275	-15.2
302
316	UC Santa Barbara	BW	27	5–22
4–12	93.0
332	106.8
237	.1693
316	42.1
350	52.5
261	18.3
149	17.6
227	30.8
114	29.6
191	28.8
323	32.3
102	41.7
348	53.2
308	28.5
348	34.4
132	32.2
274	44.2
340	66.1
310	-16.0
313
317	SIU Edwardsville	OVC	28	5–23
1–15	94.5
324	108.6
270	.1680
317	45.0
337	52.7
269	20.3
289	18.3
184	31.6
85	28.5
143	45.7
3	44.9
332	45.5
306	54.0
324	29.2
344	33.2
77	28.8
329	31.7
34	70.9
98	-17.9
332
318	McNeese St.	Slnd	26	5–21
4–14	94.9
320	109.1
279	.1669
318	47.5
293	50.6
176	19.8
262	17.9
207	25.4
291	36.2
348	34.4
204	39.1
251	46.2
291	49.7
188	33.4
241	35.1
176	34.9
214	31.5
30	71.6
71	-15.9
312
319	Morgan St.	MEAC	29	13–16
11–5	91.3
340	105.0
203	.1669
319	42.5
348	48.9
96	19.8
262	20.1
72	34.8
29	31.2
257	37.8
105	41.5
299	42.0
346	51.7
256	29.2
344	28.9
1	30.3
305	33.0
56	69.2
196	-13.1
266
320	Savannah St.	MEAC	27	11–16
10–6	99.7
246	114.8
337	.1646
320	49.5
216	52.9
281	17.8
111	19.3
129	27.6
229	35.8
345	32.3
266	31.7
83	52.0
64	55.9
342	31.8
307	32.6
59	57.4
1	43.6
333	83.4
1	-10.9
227
321	Stetson	ASun	29	8–21
3–11	99.0
259	114.3
334	.1610
321	49.9
197	52.9
281	14.9
7	15.1
336	21.1
339	33.0
320	32.6
261	32.2
97	49.9
147	52.6
296	33.4
241	35.6
198	38.3
127	35.7
160	73.9
20	-16.2
315
322	Maryland Eastern Shore	MEAC	32	12–20
9–7	96.7
298	112.0
317	.1556
322	48.4
257	52.8
274	18.0
127	19.3
129	27.1
248	33.7
327	32.5
263	40.9
292	46.5
284	52.2
279	34.4
193	35.9
220	37.9
135	38.8
255	69.9
149	-13.6
278
323	Hampton	MEAC	29	12–17
11–5	92.1
337	106.7
236	.1555
323	46.1
325	49.6
124	19.6
246	19.9
90	30.6
120	29.3
176	33.4
236	42.7
317	45.0
316	47.5
95	32.2
296	35.6
198	33.7
241	34.9
129	69.5
182	-12.4
253
324	VMI	SC	28	4–24
3–15	97.2
291	112.9
324	.1509
324	48.1
270	56.7
347	18.9
205	17.9
207	26.6
266	32.3
293	29.5
312	39.7
267	48.2
221	54.2
326	32.0
301	40.7
347	44.5
20	36.7
192	70.2
127	-17.2
323
325	Western Carolina	SC	30	7–23
4–14	89.1
348	103.7
172	.1487
325	43.1
346	52.9
281	23.2
346	19.1
142	31.5
91	29.0
168	27.7
333	46.6
336	41.9
347	52.1
273	30.4
333	36.0
227	31.8
280	41.1
315	68.5
228	-15.1
299
Rk	Team	Conf	G	Rec	AdjOE	AdjDE	Barthag	Efg%	EfgD%	TOR	TORD	ORB	DRB	FTR	FTRD	2P%	2P%D	3P%	3P%D	3PR	3PRD	Adj T.	WAB
326	Idaho St.	BSky	30	4–26
3–15	97.6
286	113.6
329	.1485
326	50.2
184	56.5
344	19.3
230	18.2
194	22.0
334	32.4
297	38.1
92	34.2
155	48.2
221	54.3
331	35.6
138	39.9
342	38.4
124	40.2
297	70.3
123	-19.9
344
327	Northern Arizona	BSky	31	8–23
6–12	94.2
326	109.7
288	.1482
327	46.7
315	52.9
281	20.4
296	16.7
286	31.3
98	26.9
69	33.2
244	32.8
115	46.1
292	54.2
326	31.7
310	33.9
111	39.4
100	39.2
271	70.9
98	-19.0
340
328	Southern	SWAC	30	13–17
10–8	97.2
290	114.3
333	.1346
328	47.8
281	48.4
79	19.8
262	17.2
257	34.2
35	33.7
327	42.8
16	37.8
224	47.6
249	48.3
132	32.1
298	32.4
47	27.1
337	33.1
58	69.8
156	-13.4
273
329	Jackson St.	SWAC	29	12–17
10–8	92.4
336	108.9
275	.1322
329	44.2
343	49.6
124	18.5
169	19.8
94	34.0
39	28.7
153	33.7
231	48.4
342	44.0
334	49.6
179	29.8
338	33.1
73	38.8
111	35.0
131	65.6
322	-13.5
277
330	Southern Utah	BSky	31	4–27
3–15	100.7
228	118.7
347	.1309
330	47.7
286	56.6
345	18.4
157	16.7
286	29.4
171	29.4
182	40.3
56	51.3
348	43.0
343	54.2
326	36.3
107	40.2
345	41.0
67	38.7
250	72.7
38	-22.7
349
331	Lafayette	Pat	29	8–21
5–13	94.9
321	112.5
321	.1229
331	49.1
230	54.5
326	20.7
308	18.2
194	20.0
345	29.1
169	29.4
316	30.4
58	49.2
178	52.2
279	32.6
275	38.4
325	39.9
86	43.6
333	71.1
88	-15.8
311
332	Hartford	AE	32	9–23
4–12	92.5
335	109.9
292	.1218
332	47.5
293	51.9
227	20.4
296	18.4
178	24.7
306	34.3
334	32.6
261	34.9
171	45.0
316	48.7
142	33.9
220	38.9
330	42.8
36	33.4
68	70.3
123	-17.9
333
333	Southern Miss	CUSA	29	7–22
6–12	90.9
344	108.2
265	.1188
333	45.0
337	52.2
243	18.1
135	16.6
293	22.3
331	25.8
42	29.3
318	33.9
146	45.4
308	49.4
170	29.6
341	37.4
297	38.7
115	43.0
329	66.9
294	-16.6
318
334	Maine	AE	31	6–25
3–13	91.8
338	110.0
295	.1113
334	45.5
332	53.0
286	19.1
216	16.6
293	26.9
256	28.8
157	29.6
309	33.5
132	44.8
323	52.2
279	31.2
323	36.4
256	35.5
195	34.5
114	69.6
173	-18.6
336
335	Bethune Cookman	MEAC	30	8–22
6–10	95.4
314	114.4
335	.1096
335	46.8
310	53.1
290	17.7
106	19.6
109	31.1
104	35.6
344	28.2
328	40.0
275	45.9
297	54.7
335	32.3
291	33.6
90	35.1
210	36.1
169	69.6
173	-18.6
337
336	Grambling St.	SWAC	30	13–17
10–8	94.4
325	113.4
327	.1081
336	46.8
310	55.5
338	20.2
286	24.3
5	32.0
74	35.0
339	38.1
92	42.2
309	46.6
281	54.8
336	31.5
319	37.8
306	29.6
320	37.0
203	68.5
228	-13.5
274
337	Chicago St.	WAC	29	3–26
1–13	91.6
339	110.4
300	.1052
337	42.4
349	55.0
331	19.6
246	18.3
184	26.1
278	31.1
253	27.8
332	35.5
185	40.7
350	55.7
340	30.4
333	36.1
234	35.5
195	45.5
345	68.7
217	-18.2
335
338	South Carolina St.	MEAC	29	9–20
7–9	98.4
268	118.7
348	.1034
338	47.4
298	54.3
319	18.0
127	17.6
227	28.1
212	35.8
345	30.4
298	39.1
251	47.1
263	55.7
340	32.0
301	34.4
132	31.2
293	34.7
120	69.4
188	-13.0
264
339	Delaware St.	MEAC	30	8–22
7–9	94.1
327	113.6
330	.1030
339	47.8
281	52.3
251	19.6
246	20.3
58	28.5
204	37.2
350	30.1
302	39.1
251	44.7
325	52.6
296	35.1
167	34.7
150	39.2
104	43.2
331	67.3
274	-17.3
324
340	Central Connecticut	NEC	29	6–23
4–14	92.7
333	113.0
325	.0933
340	46.7
315	54.0
315	21.2
320	20.2
67	31.5
91	32.5
305	33.3
240	34.6
161	44.6
327	52.2
279	35.1
167	38.0
316	26.0
345	38.3
241	66.5
302	-19.4
343
341	Howard	MEAC	32	7–25
5–11	90.6
345	110.9
302	.0897
341	43.5
345	50.2
155	21.3
322	17.6
227	32.4
69	32.7
309	42.3
24	36.3
201	43.5
338	47.6
100	29.0
347	36.5
260	31.5
288	37.0
203	68.8
214	-18.9
339
342	Mississippi Valley St.	SWAC	32	7–25
7–11	94.8
322	118.9
349	.0688
342	46.6
319	56.4
342	19.7
256	19.5
113	30.4
130	33.9
329	33.5
235	37.8
224	44.9
321	56.0
344	34.3
198	38.1
319	26.2
342	39.3
273	72.5
45	-18.1
334
343	Alabama St.	SWAC	30	7–23
6–12	89.7
347	112.5
319	.0686
343	44.3
341	50.3
160	22.0
338	18.0
200	34.5
32	31.8
280	34.6
194	42.6
315	44.4
332	49.7
188	29.4
343	34.5
138	36.5
172	31.9
37	70.0
140	-19.1
341
344	Florida A&M	MEAC	28	5–23
5–11	92.6
334	116.5
342	.0665
344	46.5
321	53.2
298	18.5
169	18.9
151	26.3
273	34.7
338	37.6
115	33.9
146	44.7
325	52.5
290	33.9
220	36.1
234	29.7
316	41.2
318	71.2
86	-20.1
346
345	St. Francis NY	NEC	30	3–27
2–16	87.8
350	111.3
306	.0613
345	41.0
351	52.7
269	17.4
88	20.0
80	27.9
223	33.4
325	31.8
275	46.9
338	40.1
351	52.2
279	28.2
349	36.0
227	42.5
40	27.3
4	68.5
228	-22.3
348
346	Coppin St.	MEAC	30	7–23
7–9	91.2
342	116.2
341	.0581
346	43.9
344	54.4
323	19.1
216	18.9
151	28.0
219	33.1
323	40.0
61	40.0
275	41.7
348	55.0
338	31.7
310	35.6
198	37.8
140	40.2
297	70.0
140	-17.7
329
347	Longwood	BSth	28	4–24
3–15	91.3
341	117.1
344	.0541
347	49.3
224	55.1
332	21.9
332	17.4
246	21.5
337	34.1
332	29.0
321	32.2
97	49.6
162	52.5
290	32.5
279	40.0
344	34.6
228	34.0
89	71.9
62	-19.4
342
348	North Carolina A&T	MEAC	30	1–29
1–15	94.8
323	122.3
350	.0503
348	47.6
290	53.1
290	21.7
327	14.3
345	31.8
79	32.9
317	33.4
236	38.9
245	47.3
258	50.1
208	32.2
296	38.3
324	35.2
206	42.0
322	64.6
337	-25.1
351
349	Arkansas Pine Bluff	SWAC	30	6–24
6–12	84.4
351	110.2
297	.0445
349	46.0
326	52.2
243	25.9
351	23.5
8	29.9
147	35.4
342	32.8
254	58.5
351	42.9
344	54.3
331	34.4
193	32.6
59	35.4
201	39.3
273	69.0
207	-20.1
345
350	Presbyterian	BSth	28	3–25
1–17	88.1
349	118.3
346	.0324
350	45.5
332	56.1
341	23.3
347	16.9
273	29.0
189	31.9
286	27.7
333	36.7
205	43.2
341	53.3
313	33.6
232	39.6
338	32.3
272	45.7
346	65.3
327	-20.3
347
351	Alabama A&M	SWAC	29	2–27
2–16	90.2
346	123.3
351	.0267
351	44.3
341	53.7
308	19.8
262	14.0
350	29.3
176	36.2
348	39.5
70	33.7
139	45.6
303	53.2
308	27.5
350	36.3
250	29.1
325	34.0
89	65.8
315	-23.8
350