Rk	Team	Conf	G	Rec	AdjOE	AdjDE	Barthag	EFG%	EFGD%	TOR	TORD	ORB	DRB	FTR	FTRD	2P%	2P%D	3P%	3P%D	3PR	3PRD	Adj T.	WAB
1	Virginia
   1 seed, R64	ACC	33	31–2
17–1	115.2
27	85.0
1	.9706
1	52.9
87	43.7
3	14.1
5	21.0
37	27.4
215	25.7
50	24.8
342	26.2
26	50.0
169	42.4
3	39.0
30	30.3
5	34.8
249	40.5
275	60.4
351	+11.3
1
2	Villanova
   1 seed, CHAMPS	BE	34	30–4
14–4	127.7
1	95.4
27	.9663
2	59.7
1	49.2
80	14.6
8	18.5
164	28.8
170	26.7
77	28.6
304	25.5
17	59.7
2	49.3
151	39.8
18	32.8
47	46.6
16	35.5
102	69.5
167	+10.6
2
3	Duke
   2 seed, Elite Eight	ACC	33	26–7
13–5	123.2
3	93.9
14	.9576
3	56.0
17	46.0
10	17.7
128	16.9
265	39.1
1	29.2
205	34.9
131	22.0
1	55.6
22	44.8
12	37.8
49	32.1
24	35.5
224	36.7
143	71.4
70	+6.6
9
4	Purdue
   2 seed, Sweet Sixteen	B10	34	28–6
15–3	123.6
2	94.4
17	.9567
4	58.1
5	46.8
16	15.6
23	17.7
224	27.7
209	28.2
146	36.1
100	23.8
7	54.9
30	44.9
14	42.0
2	33.7
100	40.2
100	34.4
73	68.9
197	+7.6
6
5	Cincinnati
   2 seed, R32	Amer	34	30–4
16–2	111.1
60	86.5
2	.9469
5	51.6
145	42.8
2	17.3
94	22.3
9	38.1
3	28.7
179	36.8
79	27.4
40	50.5
156	40.7
2	35.7
131	30.9
10	35.2
233	37.7
194	66.5
313	+6.0
11
6	Michigan St.
   3 seed, R32	B10	33	29–4
16–2	119.4
10	93.7
13	.9419
6	57.8
8	42.6
1	19.2
229	14.5
341	36.1
5	26.8
86	36.3
94	29.2
68	55.5
24	38.4
1	41.3
4	33.3
80	35.8
212	35.8
116	68.2
231	+8.0
5
7	Kansas
   1 seed, Final Four	B12	34	27–7
13–5	121.7
4	95.7
33	.9406
7	58.1
5	48.5
55	16.6
51	18.5
164	29.1
161	31.7
297	26.2
335	24.8
12	56.5
13	48.1
90	40.3
10	32.7
42	41.6
76	38.4
216	69.8
152	+8.2
4
8	North Carolina
   2 seed, R32	ACC	35	25–10
11–7	121.2
6	96.8
50	.9299
8	52.3
110	50.1
133	16.8
62	16.2
300	38.4
2	26.0
59	28.6
304	25.8
23	51.1
132	45.0
16	36.4
98	38.3
325	34.9
244	40.9
285	72.5
41	+7.1
7
9	West Virginia
   5 seed, Sweet Sixteen	B12	34	24–10
11–7	119.1
11	95.3
25	.9281
9	50.3
194	49.6
105	16.5
45	23.3
2	36.6
4	30.0
237	31.2
241	44.1
337	48.5
224	45.6
25	35.3
147	37.4
292	38.9
133	38.0
202	71.2
77	+4.6
14
10	Xavier
   1 seed, R32	BE	33	28–5
15–3	121.4
5	97.3
54	.9269
10	55.7
20	50.0
129	17.0
75	15.7
316	30.0
130	22.9
14	40.2
33	24.8
12	55.9
17	50.0
176	36.9
82	33.4
86	36.0
205	41.2
291	71.6
62	+8.8
3
11	Gonzaga
   4 seed, Sweet Sixteen	WCC	34	30–4
17–1	118.3
13	95.2
23	.9239
11	57.7
10	46.9
18	16.0
33	17.4
240	33.0
48	22.7
9	30.9
250	29.4
74	58.8
5	43.3
6	37.4
59	35.5
203	39.6
112	35.7
113	70.3
112	+4.9
12
12	Ohio St.
   5 seed, R32	B10	32	24–8
15–3	116.1
22	93.6
10	.9228
12	54.4
43	48.3
47	17.3
94	18.0
204	30.3
122	24.9
35	31.5
232	29.0
63	55.1
28	46.0
33	35.3
147	34.6
146	33.2
282	39.6
251	67.8
247	+4.5
15
13	Texas Tech
   3 seed, Elite Eight	B12	33	24–9
11–7	112.9
46	91.1
3	.9222
13	52.7
96	46.7
15	18.1
148	22.0
14	33.3
43	28.4
159	40.3
31	38.1
270	51.5
110	45.1
18	36.6
90	32.8
47	34.1
259	38.9
227	67.6
255	+4.7
13
14	Tennessee
   3 seed, R32	SEC	33	25–8
13–5	114.3
34	92.3
4	.9215
14	50.7
176	46.8
16	18.0
142	20.6
49	33.6
38	31.5
293	36.5
87	38.3
277	47.0
289	46.1
36	38.4
39	31.9
19	35.6
219	36.3
130	67.3
273	+6.4
10
15	Michigan
   3 seed, Finals	B10	34	27–7
13–5	114.3
35	92.5
5	.9195
15	54.4
43	48.4
52	13.9
2	19.4
106	26.0
260	24.4
25	30.3
269	30.2
97	54.3
39	47.0
59	36.4
98	34.3
127	43.1
58	30.2
6	65.7
330	+6.9
8
16	Florida
   6 seed, R32	SEC	32	20–12
11–7	116.0
23	95.2
22	.9071
16	51.1
163	48.9
68	14.3
6	20.1
75	28.8
170	30.8
271	33.1
182	31.7
134	47.5
265	46.6
49	37.5
55	35.7
213	40.2
100	33.6
51	68.3
224	+1.4
36
17	Creighton
   8 seed, R64	BE	31	20–11
10–8	117.3
16	97.0
52	.8983
17	58.0
7	50.0
129	15.4
18	15.8
314	21.8
334	24.7
29	27.1
328	24.2
10	59.3
4	50.1
180	37.6
52	33.2
73	44.7
37	37.4
181	72.3
45	+2.1
28
18	Butler
   10 seed, R32	BE	33	20–13
9–9	115.4
26	95.5
30	.8972
18	53.8
63	52.0
232	15.7
27	19.8
86	27.3
221	24.7
29	26.3
334	35.1
218	54.1
42	49.6
160	35.6
136	37.4
292	37.2
168	37.5
186	69.4
171	+1.7
33
19	Auburn
   4 seed, R32	SEC	32	25–7
13–5	117.0
18	97.1
53	.8955
19	51.8
136	49.5
100	16.7
57	20.8
43	33.0
48	28.3
150	39.9
37	38.4
281	49.4
187	47.1
62	36.6
90	35.4
197	43.1
58	39.4
239	73.7
21	+4.3
17
20	Houston
   6 seed, R32	Amer	33	26–7
14–4	114.6
31	95.1
21	.8953
20	53.9
59	45.8
9	17.8
132	19.4
106	34.7
16	25.8
53	32.2
211	41.1
315	51.4
114	43.8
8	38.7
34	32.7
42	37.7
155	37.7
194	69.4
171	+2.5
26
21	Kentucky
   5 seed, Sweet Sixteen	SEC	34	24–10
10–8	115.1
28	95.7
31	.8934
21	51.7
142	46.9
18	18.6
180	17.1
253	35.6
8	31.3
285	42.8
8	32.2
149	50.9
140	48.4
103	36.1
110	29.9
3	26.2
344	42.2
307	70.0
136	+4.3
16
22	Penn St.	B10	35	22–13
9–9	112.0
51	93.6
11	.8871
22	52.1
117	48.3
47	17.5
112	19.8
86	31.4
83	27.4
110	31.8
224	32.8
163	49.5
185	46.6
49	38.3
40	34.5
139	32.9
291	33.0
42	69.1
185	-0.46
57
23	Seton Hall
   8 seed, R32	BE	32	21–11
10–8	116.5
21	97.4
56	.8864
23	52.8
91	49.9
122	17.9
137	17.9
210	34.2
26	28.5
164	34.6
135	28.9
62	52.0
89	49.8
165	36.4
98	33.4
86	32.8
292	37.4
181	70.7
101	+2.5
24
24	Clemson
   5 seed, Sweet Sixteen	ACC	32	23–9
11–7	111.6
58	93.7
12	.8820
24	52.7
96	47.6
36	17.9
137	17.7
224	27.4
215	26.7
77	34.1
152	27.0
35	51.2
127	44.3
10	36.6
90	35.5
203	40.6
92	37.0
158	67.0
284	+4.0
18
25	TCU
   6 seed, R64	B12	32	21–11
9–9	120.4
8	101.1
110	.8814
25	56.9
13	52.7
264	17.7
128	17.6
228	34.5
21	25.9
56	34.1
152	30.7
109	55.2
27	50.4
195	40.0
11	37.9
311	35.2
233	35.9
120	70.1
124	+2.2
27
Rk	Team	Conf	G	Rec	AdjOE	AdjDE	Barthag	Efg%	EfgD%	TOR	TORD	ORB	DRB	FTR	FTRD	2P%	2P%D	3P%	3P%D	3PR	3PRD	Adj T.	WAB
26	Wichita St.
   4 seed, R64	Amer	32	25–7
14–4	120.4
7	101.5
122	.8763
26	55.3
22	49.3
88	16.4
40	16.4
290	35.2
9	22.7
9	35.1
124	33.1
171	53.8
45	45.8
31	38.5
36	36.3
246	39.0
131	40.4
273	70.2
117	+3.4
20
27	Texas A&M
   7 seed, Sweet Sixteen	SEC	32	20–12
9–9	110.3
70	93.6
9	.8692
27	51.1
163	46.4
12	19.2
229	15.9
312	34.3
24	28.3
150	32.0
217	29.0
63	52.1
83	45.1
18	32.7
284	32.4
32	33.2
282	37.6
189	70.0
136	+1.9
31
28	Miami FL
   6 seed, R64	ACC	31	22–9
11–7	112.6
47	95.5
29	.8685
28	53.0
84	48.8
63	16.5
45	18.9
135	29.0
164	28.3
150	29.1
292	28.4
50	52.2
81	48.7
125	36.3
103	32.6
38	36.5
185	35.5
102	68.3
224	+2.7
22
29	Missouri
   8 seed, R64	SEC	31	19–12
10–8	113.0
44	96.3
43	.8632
29	54.5
40	46.6
13	20.7
306	16.0
308	30.8
105	28.3
150	38.2
54	29.4
74	50.8
147	45.6
25	39.2
26	32.3
30	45.5
29	36.4
133	66.8
294	+0.45
48
30	Arizona
   4 seed, R64	P12	34	27–7
14–4	117.4
15	100.1
92	.8623
30	56.6
15	49.3
88	17.6
118	16.7
274	33.2
45	25.0
39	37.6
65	31.8
137	56.6
11	47.4
74	37.7
50	35.2
183	32.2
299	35.2
91	68.5
215	+3.8
19
31	Kansas St.
   9 seed, Elite Eight	B12	33	22–11
10–8	112.3
49	95.8
35	.8614
31	53.5
73	49.5
100	17.2
85	21.4
26	26.1
258	32.2
311	33.6
165	36.6
246	54.6
36	49.3
151	34.4
199	33.2
73	36.8
176	39.7
254	66.5
313	+2.5
23
32	Texas
   10 seed, R64	B12	33	19–14
8–10	108.6
91	92.7
6	.8613
32	49.8
208	47.9
42	17.1
80	18.3
179	29.4
146	29.5
213	33.2
176	26.1
25	51.4
114	47.1
62	31.5
326	33.0
59	38.2
146	34.9
86	66.7
305	+1.3
37
33	Saint Mary's	WCC	34	29–5
16–2	119.5
9	102.0
133	.8597
33	58.9
3	48.5
55	15.1
16	15.1
330	28.0
196	22.9
14	30.6
258	25.3
15	57.5
7	49.1
140	40.9
7	31.3
13	35.3
230	30.3
8	64.9
340	+1.3
40
34	Maryland	B10	31	18–13
8–10	114.0
40	97.4
55	.8594
34	54.3
46	47.5
33	20.4
291	16.3
296	31.4
83	28.2
146	37.9
59	24.0
9	53.9
44	45.6
25	36.8
85	33.8
107	36.0
205	38.2
210	67.5
262	-0.6
59
35	Oklahoma
   10 seed, R64	B12	31	18–13
8–10	115.9
24	99.3
82	.8552
35	53.8
63	51.2
192	17.3
94	17.1
253	27.9
202	30.0
237	33.1
182	25.6
19	53.4
52	49.5
157	36.3
103	36.1
237	40.9
86	37.2
167	77.0
3	+1.1
41
36	Arkansas
   7 seed, R64	SEC	34	23–11
10–8	117.0
17	100.3
95	.8546
36	54.2
50	50.2
144	15.3
17	19.4
106	29.4
146	31.6
295	37.3
70	41.4
319	51.4
114	48.0
88	40.0
11	35.5
203	32.1
300	41.5
298	71.1
82	+2.8
21
37	Louisville	ACC	34	21–13
9–9	111.2
59	95.3
24	.8541
37	51.8
136	46.6
13	16.6
51	18.9
135	28.6
180	31.2
279	32.2
211	29.5
78	49.9
172	45.2
20	37.0
79	32.7
42	35.0
241	34.5
77	70.8
96	+0.50
47
38	Florida St.
   9 seed, Elite Eight	ACC	31	20–11
9–9	114.5
32	98.4
66	.8517
38	53.9
59	48.9
68	17.6
118	19.1
124	33.2
45	30.1
242	36.1
100	30.7
109	54.6
36	45.5
24	35.1
158	36.4
254	36.9
175	37.6
189	73.0
27	+1.0
43
39	Nevada
   7 seed, Sweet Sixteen	MWC	34	27–7
15–3	118.0
14	101.5
117	.8501
39	54.9
27	49.2
80	13.9
2	18.2
187	27.4
215	29.1
200	37.1
73	30.7
109	51.6
106	50.7
206	39.8
18	31.2
12	40.4
94	39.5
248	70.9
92	+2.5
25
40	Virginia Tech
   8 seed, R64	ACC	32	21–11
10–8	114.4
33	98.4
69	.8496
40	57.5
12	49.9
122	16.9
68	18.4
171	23.5
312	29.1
200	36.5
87	28.7
60	57.3
8	48.6
120	38.5
36	34.5
139	40.1
102	43.0
318	70.3
112	+1.3
39
41	Oklahoma St.	B12	34	20–14
8–10	112.0
50	96.4
44	.8483
41	50.2
199	50.1
133	18.7
188	20.3
61	34.1
29	30.4
249	32.3
209	35.3
226	49.3
190	47.2
68	34.4
199	37.0
276	38.7
138	35.1
89	69.9
144	+0.09
50
42	Baylor	B12	32	18–14
8–10	110.1
73	94.9
19	.8465
42	51.7
142	47.2
28	19.8
269	17.1
253	35.2
9	29.9
232	32.4
204	30.5
105	51.0
137	46.1
36	35.6
136	32.6
38	30.1
318	38.4
216	67.6
255	+0.13
49
43	Marquette	BE	33	20–13
9–9	119.0
12	102.8
143	.8427
43	56.5
16	53.6
287	17.2
85	18.1
196	27.1
226	29.2
205	28.7
301	38.1
270	51.8
98	53.5
296	41.5
3	35.9
223	44.3
42	34.4
73	70.2
117	+1.0
42
44	USC	P12	35	24–11
12–6	114.1
37	98.7
73	.8412
44	53.8
63	50.8
168	15.4
18	19.3
112	29.8
136	28.6
168	29.8
280	26.5
30	52.4
70	49.5
157	37.6
52	35.2
183	36.2
197	39.9
260	69.0
191	-0.39
55
45	San Diego St.
   11 seed, R64	MWC	31	21–10
11–7	110.6
67	95.7
32	.8399
45	52.0
125	48.8
63	17.0
75	19.3
112	31.8
74	25.3
43	34.3
148	29.2
68	52.3
75	48.3
101	34.3
208	33.1
66	36.1
200	40.4
273	70.0
136	-1.6
71
46	Notre Dame	ACC	34	20–14
8–10	114.2
36	99.0
77	.8373
46	51.4
154	49.4
94	14.6
8	16.4
290	30.8
105	28.5
164	31.1
243	22.0
1	49.6
183	47.1
62	36.1
110	35.4
197	39.4
115	37.2
167	66.7
305	-0.6
60
47	Arizona St.
   11 seed, R68	P12	32	20–12
8–10	116.9
19	101.9
131	.8287
47	53.8
63	50.6
159	14.7
11	20.4
56	28.0
196	30.6
258	41.3
19	32.7
162	53.2
56	50.2
188	36.4
98	34.2
126	41.3
81	39.9
260	72.7
37	-1.2
66
48	Syracuse
   11 seed, Sweet Sixteen	ACC	34	21–13
8–10	106.1
131	92.8
8	.8237
48	47.2
320	46.9
18	19.1
222	19.6
98	34.8
13	29.1
200	40.4
29	31.0
119	46.7
294	44.9
14	32.2
306	32.9
54	33.7
271	44.2
337	64.3
343	-0.42
56
49	Nebraska	B10	33	22–11
13–5	109.9
75	96.2
42	.8223
49	49.1
246	47.0
23	16.0
33	18.3
179	30.1
128	34.0
336	37.6
65	26.5
30	47.6
263	46.5
45	34.6
187	32.2
28	35.2
233	29.5
5	68.7
209	+1.9
32
50	Rhode Island
   7 seed, R32	A10	32	25–7
15–3	110.2
72	96.5
47	.8217
50	51.5
149	50.1
133	15.5
20	22.9
5	31.0
96	27.5
114	30.5
259	40.7
308	51.1
132	50.3
191	35.0
165	33.1
66	31.9
307	30.4
10	69.9
144	+1.6
34
Rk	Team	Conf	G	Rec	AdjOE	AdjDE	Barthag	Efg%	EfgD%	TOR	TORD	ORB	DRB	FTR	FTRD	2P%	2P%D	3P%	3P%D	3PR	3PRD	Adj T.	WAB
51	Middle Tennessee	CUSA	31	24–7
16–2	109.5
78	96.0
40	.8193
51	53.1
83	48.7
61	18.4
167	19.3
112	30.9
101	22.3
6	30.0
274	40.9
310	51.7
102	50.3
191	37.2
71	30.8
6	33.7
271	37.6
189	67.9
240	+0.8
45
52	Davidson
   12 seed, R64	A10	32	21–11
13–5	116.7
20	102.5
138	.8153
52	57.7
10	51.2
192	14.5
7	16.2
300	22.7
320	23.4
18	24.5
344	28.6
58	56.8
9	50.0
176	39.1
28	35.2
183	48.2
6	42.5
310	65.4
335	-2.8
82
53	Boise St.	MWC	31	22–9
13–5	109.0
82	95.9
39	.8132
53	53.8
63	48.8
63	18.9
213	16.4
290	29.3
156	18.4
1	31.0
246	29.5
78	52.0
89	48.4
103	37.5
55	33.0
59	42.1
71	37.0
158	70.0
136	-0.38
53
54	N.C. State
   9 seed, R64	ACC	32	21–11
11–7	114.8
29	101.1
109	.8116
54	53.3
77	51.5
209	16.9
68	20.7
46	33.6
38	31.9
302	33.9
158	32.6
158	52.1
83	53.5
296	37.2
71	31.6
15	34.0
263	32.1
25	72.8
32	+0.9
44
55	Mississippi St.	SEC	33	22–11
9–9	108.9
85	95.9
38	.8106
55	52.0
125	48.0
44	19.3
238	19.6
98	31.9
69	30.3
246	32.2
211	30.6
106	55.7
20	47.0
59	30.7
335	33.0
59	37.4
161	38.9
227	68.8
202	+0.01
51
56	New Mexico St.
   12 seed, R64	WAC	30	25–5
12–2	106.9
118	94.2
15	.8097
56	51.8
136	45.5
6	17.4
102	19.3
112	34.2
26	22.8
12	29.1
292	33.6
188	52.3
75	45.0
16	34.0
219	30.8
6	36.4
189	37.2
167	69.3
177	+1.3
38
57	LSU	SEC	32	18–14
8–10	114.7
30	101.6
123	.8009
57	54.6
37	52.2
241	16.7
57	19.6
98	29.7
137	31.8
300	32.7
198	32.6
158	56.1
16	52.3
269	34.9
170	34.7
154	39.9
105	40.6
281	69.4
171	-1.9
76
58	Alabama
   9 seed, R32	SEC	34	19–15
8–10	107.0
115	94.8
18	.8007
58	51.6
145	47.2
28	20.1
281	18.7
153	29.1
161	30.6
258	41.5
17	36.8
250	53.2
56	46.8
56	32.5
295	31.9
19	35.6
219	37.1
163	70.0
136	-1.1
64
59	Providence
   10 seed, R64	BE	34	21–13
10–8	108.7
89	96.5
45	.7982
59	49.6
219	50.1
133	17.6
118	18.9
135	29.4
146	28.9
186	39.2
41	31.4
127	49.5
185	51.3
232	33.3
251	32.1
24	33.0
288	36.5
136	68.3
224	+2.0
30
60	Loyola Chicago
   11 seed, Final Four	MVC	32	27–5
15–3	109.0
81	96.8
49	.7976
60	57.8
8	47.3
31	18.8
198	20.0
77	22.1
331	25.9
56	33.2
176	25.7
22	56.5
13	46.3
41	40.0
11	32.6
38	35.7
216	36.4
133	66.5
313	+2.0
29
61	Georgia	SEC	33	18–15
7–11	107.4
108	95.5
28	.7935
61	47.5
313	45.6
7	19.2
229	14.5
341	34.8
13	28.9
186	40.1
34	27.7
42	47.4
272	43.1
5	31.8
319	33.2
73	34.6
252	37.6
189	65.6
332	-1.1
65
62	Western Kentucky	CUSA	34	24–10
14–4	112.5
48	100.2
93	.7923
62	54.6
37	49.3
88	16.8
62	18.3
179	28.6
180	28.8
182	40.6
27	23.0
3	54.9
30	46.7
52	35.7
131	35.9
223	27.1
343	36.7
143	69.6
160	-1.2
67
63	UCLA
   11 seed, R68	P12	33	21–12
11–7	114.0
38	101.5
119	.7922
63	53.7
70	49.1
76	16.6
51	14.5
341	28.5
183	26.9
91	35.5
110	29.7
84	51.4
114	47.3
70	38.1
45	34.6
146	40.4
94	39.4
239	71.5
67	-0.03
52
64	South Dakota St.
   12 seed, R64	Sum	30	24–6
13–1	114.0
39	101.6
124	.7899
64	54.5
40	50.2
144	13.8
1	14.3
347	24.7
294	22.9
14	35.8
107	25.5
17	51.2
127	49.8
165	39.2
26	33.8
107	43.5
50	37.7
194	71.4
70	+0.6
46
65	Old Dominion	CUSA	32	25–7
15–3	107.2
111	95.9
36	.7838
65	50.7
176	47.7
39	15.5
20	21.6
20	32.3
62	26.2
65	33.0
189	30.3
101	49.3
190	45.6
25	35.7
131	33.8
107	33.8
267	41.1
289	66.0
323	-0.9
62
66	Utah	P12	31	20–11
11–7	110.4
68	98.8
75	.7828
66	53.9
59	48.1
46	17.6
118	17.8
217	24.4
299	28.6
168	35.4
114	29.6
82	53.6
48	46.5
45	36.2
106	33.9
112	46.0
24	38.2
210	67.3
273	-1.5
69
67	Louisiana	SB	32	25–7
16–2	111.9
53	100.3
94	.7805
67	52.7
96	49.1
76	18.3
163	19.6
98	35.9
6	27.9
136	38.0
57	36.1
235	52.4
70	48.5
109	35.4
143	33.6
96	39.3
118	32.8
36	71.6
62	-0.50
58
68	St. John's	BE	32	15–17
4–14	106.0
134	95.3
26	.7726
68	49.2
242	50.3
149	16.4
40	22.2
11	23.6
311	32.0
308	30.4
263	34.4
206	48.8
208	46.0
33	33.3
251	37.4
292	35.4
225	42.8
314	70.5
108	-2.9
84
69	Oregon	P12	35	23–12
10–8	110.6
66	99.7
87	.7673
69	53.2
79	49.8
117	17.1
80	18.9
135	31.0
96	26.7
77	30.7
256	36.2
238	52.8
62	47.9
84	35.8
123	35.2
183	42.6
64	39.3
238	68.4
220	-2.3
78
70	Buffalo
   13 seed, R32	MAC	33	25–8
15–3	113.6
43	102.6
139	.7628
70	54.8
32	48.5
55	16.6
51	18.2
187	32.0
66	28.6
168	30.3
269	40.4
303	54.2
41	47.7
79	37.2
71	33.3
80	40.0
104	34.1
64	74.0
15	-1.3
68
71	Fresno St.	MWC	30	19–11
11–7	109.5
79	99.1
81	.7583
71	54.5
40	49.6
105	17.4
102	18.8
145	26.6
245	24.6
28	38.4
52	39.0
287	52.7
63	46.7
52	39.0
30	36.8
268	30.5
316	34.2
67	67.7
250	-3.8
97
72	Georgetown	BE	30	15–15
5–13	110.3
69	100.0
91	.7566
72	51.8
136	50.8
168	20.7
306	17.0
261	31.3
87	26.0
59	38.3
53	28.3
49	50.1
167	49.9
169	36.6
90	34.8
158	35.1
239	39.8
258	71.4
70	-3.5
94
73	Indiana	B10	31	16–15
9–9	108.7
88	98.6
71	.7548
73	51.1
163	50.8
168	18.2
155	19.7
93	31.8
74	29.5
213	36.4
92	32.2
149	52.5
65	48.4
103	32.2
306	36.7
265	34.1
259	36.5
136	67.7
250	-2.8
83
74	Northwestern	B10	31	14–17
6–12	108.9
83	98.9
76	.7530
74	49.5
224	51.0
181	17.8
132	19.0
130	29.4
146	27.7
124	29.1
292	37.0
256	47.1
284	48.9
133	35.4
143	36.2
241	39.3
118	38.2
210	65.5
334	-4.2
103
75	South Carolina	SEC	32	16–16
7–11	104.5
167	94.9
20	.7509
75	46.2
332	49.3
88	19.7
265	21.0
37	33.6
38	27.5
114	42.8
8	43.1
333	43.5
344	48.7
125	33.8
231	33.5
90	37.5
160	37.7
194	69.8
152	-3.1
87
Rk	Team	Conf	G	Rec	AdjOE	AdjDE	Barthag	Efg%	EfgD%	TOR	TORD	ORB	DRB	FTR	FTRD	2P%	2P%D	3P%	3P%D	3PR	3PRD	Adj T.	WAB
76	Wisconsin	B10	33	15–18
7–11	108.3
93	98.4
70	.7508
76	50.9
171	51.2
192	16.8
62	18.4
171	28.4
188	27.7
124	32.7
198	30.2
97	51.2
127	50.6
201	33.5
241	35.0
170	36.4
189	30.3
8	63.9
347	-3.8
96
77	St. Bonaventure
   11 seed, R64	A10	33	26–7
14–4	109.9
74	99.9
90	.7497
77	52.0
125	49.0
72	16.1
36	20.7
46	29.6
141	29.4
210	39.8
38	38.8
286	48.5
224	49.7
162	39.3
24	32.1
24	33.6
274	43.1
319	70.2
117	+1.4
35
78	South Dakota	Sum	31	22–9
11–3	108.0
97	98.3
64	.7454
78	52.1
117	48.4
52	15.7
27	19.9
80	29.4
146	27.1
99	35.7
109	29.7
84	51.9
95	47.1
62	35.0
165	33.7
100	32.1
300	36.6
140	71.7
59	-1.8
73
79	Murray St.
   12 seed, R64	OVC	29	24–5
16–2	111.1
61	101.2
112	.7450
79	55.2
25	46.9
18	17.3
94	18.2
187	32.5
59	27.2
102	37.1
73	30.2
97	54.5
38	47.2
68	37.4
59	30.8
6	39.7
109	35.6
110	68.0
235	-0.38
54
80	SMU	Amer	33	17–16
6–12	108.7
90	99.4
83	.7374
80	52.0
125	49.5
100	18.0
142	21.7
19	32.7
56	31.7
297	30.5
259	30.6
106	48.7
216	48.6
120	37.9
47	33.8
107	40.4
94	43.4
326	65.4
335	-6.3
136
81	BYU	WCC	35	24–11
11–7	106.9
117	97.9
60	.7340
81	54.1
52	51.3
197	16.8
62	18.5
164	22.5
327	22.8
12	37.6
65	28.4
50	55.3
25	51.9
258	34.7
180	33.6
96	34.1
259	38.2
210	68.7
209	-1.8
72
82	Boston College	ACC	35	19–16
7–11	112.0
52	102.5
137	.7336
82	52.1
117	51.8
226	18.2
155	17.6
228	30.1
128	26.0
59	30.7
256	27.1
36	51.1
132	50.1
180	35.9
120	36.1
237	39.5
114	40.5
275	70.9
92	-1.8
75
83	Wake Forest	ACC	31	11–20
4–14	110.7
65	101.5
120	.7299
83	50.5
186	51.5
209	18.8
198	17.5
235	30.5
117	27.7
124	31.9
221	39.0
287	47.4
272	48.1
90	37.4
59	37.7
307	35.3
230	40.1
266	70.7
101	-7.9
166
84	Illinois	B10	31	13–18
4–14	109.7
76	100.9
106	.7244
84	49.8
208	53.3
283	18.8
198	23.2
4	34.0
31	31.3
285	33.1
182	47.9
349	49.8
176	54.1
310	33.2
258	34.5
139	36.2
197	34.9
86	71.2
77	-6.5
142
85	Northern Kentucky	Horz	30	20–10
15–3	106.9
116	98.4
67	.7231
85	53.8
63	47.1
25	17.6
118	19.2
121	28.0
196	26.8
86	31.0
246	31.7
134	55.7
20	46.7
52	34.0
219	31.8
18	39.7
109	35.6
110	69.6
160	-4.5
110
86	Stanford	P12	34	19–15
11–7	107.3
109	98.8
74	.7223
86	52.2
114	49.9
122	20.5
296	16.1
305	32.3
62	26.7
77	42.0
14	29.1
67	50.5
156	48.5
109	37.3
64	35.0
170	31.7
308	36.2
127	71.9
55	-4.3
105
87	Iowa St.	B12	31	13–18
4–14	110.3
71	101.5
118	.7219
87	49.9
205	51.0
181	17.0
75	16.4
290	29.5
143	30.6
258	29.8
280	26.5
30	47.9
253	51.0
220	35.8
123	33.9
112	34.9
244	39.7
254	70.1
124	-4.3
104
88	Montana
   14 seed, R64	BSky	31	24–7
16–2	107.6
104	99.1
80	.7208
88	51.7
142	48.3
47	17.4
102	21.2
30	34.0
31	26.4
69	38.9
46	41.3
318	51.9
95	46.1
36	34.1
215	35.3
189	27.2
341	32.3
28	69.1
185	-1.1
63
89	Belmont	OVC	33	24–9
15–3	111.9
54	103.0
149	.7206
89	58.8
4	48.9
68	18.1
148	16.9
265	25.2
286	25.7
50	27.9
318	26.8
33	61.7
1	48.1
90	37.6
52	33.5
90	54.2
2	35.0
88	68.3
224	-2.7
81
90	Temple	Amer	33	17–16
8–10	107.8
102	99.4
84	.7167
90	49.3
237	49.8
117	15.9
31	18.7
153	27.7
209	32.4
312	25.6
338	31.5
130	47.2
280	50.5
198	35.0
165	32.4
32	38.9
133	37.0
158	68.4
220	-3.2
89
91	Vanderbilt	SEC	32	12–20
6–12	113.8
42	105.1
187	.7144
91	51.8
136	52.4
247	17.7
128	14.7
338	28.6
180	27.7
124	36.2
98	36.5
244	50.8
147	50.7
206	35.3
147	37.4
292	46.1
21	31.1
14	67.0
284	-6.0
126
92	Iowa	B10	33	14–19
4–14	115.4
25	106.7
225	.7113
92	54.3
46	53.1
277	18.7
188	15.5
323	34.1
29	28.0
139	35.4
114	28.1
46	53.3
53	51.2
226	37.5
55	37.6
304	34.0
263	36.6
140	71.4
70	-5.7
122
93	DePaul	BE	31	11–20
4–14	104.2
172	96.5
46	.7080
93	47.9
299	52.0
232	19.4
244	20.2
71	32.9
51	28.1
142	29.4
287	32.3
151	48.5
224	49.2
147	31.0
334	37.1
282	32.7
294	43.1
319	71.0
85	-6.7
145
94	UNC Greensboro
   13 seed, R64	SC	31	24–7
15–3	103.5
183	96.2
41	.6989
94	52.0
125	47.6
36	19.8
269	21.6
20	33.7
37	23.8
20	26.4
333	39.1
289	50.9
140	47.0
59	35.6
136	32.3
30	45.9
25	41.0
287	66.1
322	-1.5
70
95	UNLV	MWC	33	20–13
8–10	111.1
62	103.4
155	.6943
95	53.5
73	48.7
61	19.1
222	15.5
323	34.5
21	29.9
232	43.4
5	26.2
26	54.8
33	46.7
52	33.4
247	35.2
183	27.7
334	31.9
22	73.8
18	-4.8
112
96	Minnesota	B10	32	15–17
4–14	108.8
86	101.4
115	.6936
96	48.7
269	50.5
152	15.5
20	16.0
308	30.0
130	29.5
213	35.1
124	27.1
36	47.1
284	47.3
70	34.6
187	37.5
301	32.0
303	35.8
116	71.2
77	-5.0
114
97	Utah Valley	WAC	30	20–10
10–4	109.3
80	101.9
130	.6920
97	54.3
46	47.9
42	20.0
275	17.8
217	31.0
96	27.6
121	39.8
38	28.4
50	52.1
83	47.3
70	38.7
34	32.7
42	36.5
185	33.6
51	69.3
177	-4.1
102
98	Vermont	AE	34	26–8
15–1	111.8
56	104.2
172	.6919
98	55.9
19	50.6
159	16.9
68	16.8
271	26.0
260	22.6
7	41.8
15	25.0
14	53.8
45	49.9
169	39.9
16	34.6
146	35.7
216	38.1
204	65.2
338	-0.9
61
99	Furman	SC	31	21–10
13–5	107.9
98	100.8
104	.6860
99	54.9
27	50.1
133	16.5
45	20.6
49	27.0
232	28.6
168	28.2
312	29.9
89	56.8
9	51.4
237	35.3
147	32.0
22	47.1
13	36.8
149	69.7
157	-3.9
99
100	East Tennessee St.	SC	32	23–9
14–4	104.3
171	97.4
57	.6858
100	53.8
63	47.1
25	19.7
265	20.6
49	30.7
110	27.7
124	33.1
182	33.4
178	54.8
33	46.4
43	34.7
180	32.0
22	36.5
185	40.8
284	68.8
202	-3.0
86
Rk	Team	Conf	G	Rec	AdjOE	AdjDE	Barthag	Efg%	EfgD%	TOR	TORD	ORB	DRB	FTR	FTRD	2P%	2P%D	3P%	3P%D	3PR	3PRD	Adj T.	WAB
101	Washington	P12	33	21–12
10–8	105.3
146	98.4
68	.6846
101	51.4
154	50.3
149	18.8
198	21.2
30	28.9
167	33.0
326	37.2
72	34.5
208	51.3
123	50.8
210	34.4
199	32.9
54	33.8
267	35.7
113	70.9
92	-2.5
80
102	Mississippi	SEC	32	12–20
5–13	110.9
63	103.7
162	.6840
102	48.3
285	51.5
209	15.9
31	17.3
245	31.3
87	30.7
265	33.8
160	36.9
254	48.7
216	48.1
90	31.9
317	37.8
309	39.4
115	39.4
239	71.0
85	-7.0
153
103	Grand Canyon	WAC	33	21–12
9–5	102.0
213	95.8
34	.6729
103	48.5
277	44.3
4	18.8
198	21.5
24	31.7
77	28.3
150	39.1
44	39.2
292	49.2
196	45.6
25	31.7
324	27.5
1	39.2
123	30.5
11	69.9
144	-5.4
118
104	Georgia St.
   15 seed, R64	SB	32	22–10
12–6	107.2
113	100.7
103	.6719
104	54.1
52	47.1
25	16.7
57	20.8
43	25.8
268	32.8
321	31.6
229	39.1
289	50.9
140	43.9
9	39.1
28	33.9
112	41.1
84	46.1
346	67.9
240	-5.1
115
105	Tulsa	Amer	31	19–12
12–6	107.8
100	101.4
116	.6700
105	50.7
176	49.5
100	18.6
180	17.9
210	32.0
66	29.6
219	41.6
16	25.3
15	49.7
180	47.9
84	34.7
180	34.4
131	41.1
84	43.5
327	68.7
209	-4.1
101
106	Northern Iowa	MVC	30	14–16
7–11	102.9
196	96.9
51	.6659
106	48.5
277	49.8
117	17.5
112	17.0
261	24.5
298	22.1
4	31.3
236	25.6
19	47.3
277	46.4
43	33.5
241	37.0
276	39.6
112	37.7
194	63.7
350	-7.1
155
107	Oregon St.	P12	32	16–16
7–11	107.2
110	101.0
108	.6651
107	52.1
117	49.6
105	19.4
244	18.6
161	31.8
74	28.7
179	38.7
49	38.2
274	53.3
53	48.1
90	32.9
272	34.8
158	32.8
292	36.7
143	66.8
294	-7.3
159
108	UAB	CUSA	31	18–13
10–8	108.6
92	102.3
136	.6641
108	54.7
35	50.6
159	19.0
218	17.6
228	30.9
101	25.0
39	28.3
308	26.8
33	55.9
17	49.1
140	34.8
175	35.0
170	33.4
278	43.8
331	68.8
202	-6.1
128
109	Northeastern	CAA	32	22–10
14–4	106.3
129	100.3
97	.6600
109	56.9
13	49.4
94	19.8
269	17.9
210	25.3
283	25.6
48	35.1
124	33.0
168	57.6
6	51.1
222	37.3
64	30.0
4	45.4
30	28.3
2	68.0
235	-4.0
100
110	Stephen F. Austin
   14 seed, R64	Slnd	30	24–6
14–4	104.1
177	98.3
63	.6588
110	53.4
76	49.7
113	20.8
312	26.1
1	32.7
56	28.6
168	40.0
36	50.5
351	52.0
89	47.1
62	37.4
59	35.9
223	32.4
296	38.9
227	72.1
50	-1.8
74
111	San Diego	WCC	31	18–13
9–9	104.1
178	98.4
65	.6570
111	52.8
91	46.1
11	19.2
229	18.0
204	22.6
323	26.3
67	40.1
34	42.6
330	51.6
106	46.1
36	36.2
106	30.8
6	45.4
30	29.3
4	68.0
235	-5.7
121
112	Colorado	P12	32	17–15
8–10	104.3
168	98.6
72	.6568
112	50.6
181	49.3
88	20.0
275	15.1
330	29.3
156	26.3
67	33.3
174	34.0
197	48.8
208	46.6
49	35.8
123	35.7
213	36.6
183	38.9
227	69.2
181	-4.5
111
113	Penn
   16 seed, R64	Ivy	31	23–8
12–2	103.1
189	97.6
58	.6539
113	53.0
84	46.9
18	16.6
51	17.1
253	24.2
304	22.7
9	33.6
165	31.9
142	53.7
47	48.1
90	34.7
180	29.7
2	41.7
73	32.8
36	70.1
124	-3.3
90
114	Missouri St.	MVC	32	17–15
7–11	108.0
96	102.3
135	.6517
114	49.4
231	47.5
33	17.4
102	14.8
335	33.1
47	25.8
53	27.3
325	30.4
102	49.4
187	46.0
33	32.9
272	33.5
90	36.4
189	36.9
152	66.7
305	-8.0
170
115	Bucknell
   14 seed, R64	Pat	34	25–9
16–2	107.6
105	101.9
132	.6503
115	54.0
57	47.6
36	17.1
80	17.1
253	27.2
223	27.4
110	42.4
12	34.4
206	55.6
22	46.5
45	34.3
208	33.2
73	39.3
118	31.7
20	72.9
28	-3.0
85
116	New Mexico	MWC	33	18–15
12–6	111.8
55	106.0
207	.6473
116	53.5
73	54.8
318	16.8
62	22.0
14	26.1
258	31.0
275	34.6
135	39.9
297	51.4
114	53.7
301	37.1
78	38.1
319	47.5
9	31.4
16	72.2
47	-6.2
131
117	Northern Colorado	BSky	31	19–12
11–7	105.8
138	100.5
98	.6448
117	53.2
79	48.8
63	16.9
68	16.9
265	26.7
241	24.7
29	33.2
176	36.8
250	53.5
50	48.8
128	35.1
158	32.4
32	39.1
126	23.7
1	72.4
43	-6.2
135
118	Georgia Tech	ACC	32	13–19
6–12	103.4
184	98.3
62	.6408
118	46.9
324	49.2
80	19.2
229	18.9
135	30.8
105	30.6
258	34.8
132	31.8
137	46.6
299	45.4
23	31.8
319	37.9
311	27.7
334	33.4
47	67.0
284	-6.7
146
119	Toledo	MAC	33	22–11
13–5	113.0
45	108.0
259	.6269
119	55.3
22	49.5
100	16.6
51	13.4
351	27.8
204	27.8
133	37.1
73	26.4
29	51.4
114	48.5
109	40.6
8	34.4
131	41.7
73	32.0
24	69.5
167	-4.4
108
120	UCF	Amer	32	19–13
9–9	97.0
302	92.8
7	.6250
120	47.8
303	45.7
8	20.7
306	18.9
135	28.5
183	28.6
168	43.1
6	26.2
26	47.1
284	43.7
7	32.9
272	33.1
66	33.1
286	34.0
59	65.8
326	-3.4
92
121	Bradley	MVC	32	19–13
9–9	103.3
186	99.0
79	.6191
121	48.9
259	47.7
39	20.0
275	20.3
61	31.3
87	29.0
194	37.8
60	35.6
230	46.6
299	46.2
40	35.6
136	33.3
80	34.3
258	41.6
300	67.0
284	-5.6
120
122	Marshall
   13 seed, R32	CUSA	33	23–10
12–6	107.8
99	103.4
157	.6174
122	54.9
27	49.7
113	17.2
85	18.2
187	22.3
329	31.6
295	32.9
192	29.0
63	56.2
15	48.5
109	35.5
141	34.8
158	45.7
27	30.2
6	76.1
5	-2.5
79
123	UC Santa Barbara	BW	30	21–9
11–5	110.7
64	106.3
215	.6159
123	53.0
84	49.9
122	14.9
13	16.6
277	28.7
175	27.0
94	32.0
217	29.5
78	50.5
156	48.9
133	38.3
40	34.4
131	36.1
200	35.4
101	67.9
240	-3.9
98
124	Saint Joseph's	A10	32	16–16
10–8	104.1
174	100.3
96	.6052
124	48.8
264	49.6
105	13.9
2	16.2
300	23.5
312	24.5
26	34.6
135	24.6
11	47.7
259	48.9
133	33.7
235	33.7
100	38.7
138	45.7
344	71.6
62	-8.1
173
125	Rutgers	B10	33	14–19
3–15	97.7
291	94.4
16	.5975
125	43.6
347	48.0
44	17.2
85	20.5
53	33.3
43	29.1
200	30.5
259	30.8
114	43.4
345	47.6
76	29.6
346	32.5
37	24.4
350	37.4
181	67.2
278	-6.8
150
Rk	Team	Conf	G	Rec	AdjOE	AdjDE	Barthag	Efg%	EfgD%	TOR	TORD	ORB	DRB	FTR	FTRD	2P%	2P%D	3P%	3P%D	3PR	3PRD	Adj T.	WAB
126	VCU	A10	33	18–15
9–9	106.4
127	102.9
145	.5953
126	52.6
102	51.5
209	18.7
188	17.8
217	29.0
164	27.0
94	28.1
314	29.4
74	52.4
70	50.9
215	35.2
154	35.1
176	38.6
140	36.9
152	72.0
52	-6.9
152
127	Wyoming	MWC	32	19–13
10–8	103.9
179	100.5
99	.5945
127	52.1
117	51.0
181	17.6
118	19.1
124	19.5
345	25.7
50	41.2
20	37.8
265	52.7
63	48.6
120	34.2
212	37.0
276	44.9
36	34.5
77	74.5
14	-3.8
95
128	La Salle	A10	32	13–19
7–11	105.0
154	101.7
126	.5903
128	49.0
251	51.7
219	16.5
45	17.5
235	25.5
276	25.4
44	31.0
246	33.8
192	48.8
208	48.8
128	32.9
272	38.1
319	37.3
164	34.0
59	70.1
124	-11.1
228
129	Wright St.
   14 seed, R64	Horz	32	23–9
14–4	99.6
255	96.5
48	.5901
129	49.0
251	48.3
47	18.6
180	21.1
34	28.8
170	24.9
35	36.0
102	30.0
90	48.0
250	45.6
25	34.0
219	34.9
164	35.0
241	39.7
254	69.3
177	-3.5
93
130	Florida Gulf Coast	ASun	32	20–12
12–2	106.1
133	102.8
141	.5897
130	55.3
22	49.9
122	19.5
254	18.9
135	31.3
87	26.7
77	33.4
171	35.1
218	54.9
30	49.2
147	37.3
64	34.0
119	32.3
297	38.6
220	72.2
47	-6.4
137
131	Eastern Washington	BSky	33	18–15
13–5	106.6
124	103.4
156	.5859
131	54.0
57	51.0
181	16.8
62	16.9
265	21.6
336	25.0
39	28.0
315	35.4
228	52.0
89	49.6
160	37.9
47	35.8
219	40.9
86	33.5
49	67.9
240	-7.1
154
132	UT Arlington	SB	33	20–13
10–8	104.1
175	101.3
114	.5772
132	52.5
105	49.2
80	20.1
281	19.3
112	30.8
105	27.7
124	34.8
132	34.7
214	51.0
137	47.9
84	36.5
96	33.9
112	39.9
105	44.6
339	73.9
17	-6.1
129
133	UC Davis	BW	31	20–11
12–4	103.0
193	100.6
101	.5681
133	52.0
125	49.4
94	18.6
180	21.9
16	24.4
299	29.1
200	38.5
51	36.5
244	50.7
149	49.2
147	36.6
90	33.0
59	31.7
308	37.7
194	67.4
267	-4.4
107
134	Evansville	MVC	30	15–15
7–11	98.1
276	95.9
37	.5669
134	48.7
269	49.8
117	20.9
316	20.9
40	23.9
307	26.1
63	34.6
135	32.9
165	44.5
334	48.5
109	39.8
18	34.4
131	27.4
338	42.8
314	66.7
305	-7.7
163
135	Dayton	A10	31	14–17
8–10	108.8
87	106.3
216	.5658
135	55.5
21	54.4
307	20.2
287	18.4
171	25.8
268	27.5
114	31.8
224	29.2
68	59.5
3	52.5
275	33.7
235	38.3
325	44.0
48	39.0
233	67.2
278	-9.6
190
136	Louisiana Tech	CUSA	31	15–16
7–11	106.5
126	104.3
174	.5595
136	50.9
171	50.6
159	17.9
137	18.2
187	27.4
215	29.0
194	36.5
87	32.1
147	48.2
240	48.6
120	36.7
88	36.4
254	40.6
92	33.9
55	68.5
215	-9.0
182
137	Utah St.	MWC	33	16–17
8–10	106.1
130	104.0
168	.5595
137	53.2
79	51.9
228	18.8
198	17.6
228	25.4
280	26.4
69	33.2
176	33.3
176	52.5
65	50.7
206	36.0
114	36.0
230	45.8
26	37.0
158	67.9
240	-8.0
169
138	Indiana St.	MVC	29	11–18
8–10	103.3
185	101.3
113	.5581
138	49.5
224	51.4
201	20.1
281	19.8
86	27.6
211	23.6
19	34.1
152	42.1
326	46.5
303	50.1
180	35.9
120	35.7
213	41.7
73	37.1
163	71.1
82	-10.3
210
139	Eastern Michigan	MAC	30	18–12
11–7	101.8
217	99.7
86	.5573
139	51.5
149	47.5
33	18.8
198	20.3
61	30.7
110	32.7
317	29.5
286	32.0
144	52.3
75	44.7
11	33.3
251	34.6
146	33.2
282	39.6
251	65.9
325	-6.5
143
140	Saint Louis	A10	32	16–16
9–9	101.0
235	99.0
78	.5558
140	47.1
322	49.3
88	19.5
254	18.3
179	33.8
35	27.0
94	45.8
2	35.1
218	46.6
299	47.7
79	32.0
314	34.8
158	33.1
286	35.5
102	65.3
337	-7.9
167
141	Southern Illinois	MVC	32	19–13
11–7	104.7
160	102.7
140	.5551
141	52.2
114	50.5
152	18.7
188	19.9
80	25.9
264	29.0
194	32.4
204	34.1
200	51.5
110	50.9
215	35.7
131	33.3
80	33.0
288	39.2
236	67.9
240	-5.3
117
142	Idaho	BSky	29	20–9
14–4	107.0
114	105.2
191	.5497
142	54.7
35	50.1
133	19.4
244	16.1
305	31.1
94	24.2
23	30.4
263	30.2
97	50.3
161	48.1
90	41.1
5	35.2
183	39.1
126	42.4
308	66.8
294	-4.5
109
143	Mercer	SC	31	17–14
11–7	111.6
57	109.7
284	.5492
143	54.9
27	52.6
259	18.8
198	16.6
277	31.7
77	24.9
35	36.0
102	33.2
173	53.0
59	51.9
258	38.5
36	35.6
212	40.3
98	48.0
350	65.1
339	-8.2
176
144	Harvard	Ivy	31	17–14
12–2	99.5
256	97.9
61	.5471
144	50.4
190	49.0
72	20.5
296	18.4
171	26.5
248	23.1
17	27.6
324	35.2
223	48.5
224	47.7
79	35.4
143	34.1
121	41.2
83	39.8
258	66.8
294	-6.8
148
145	Illinois St.	MVC	32	17–15
10–8	104.5
165	102.8
144	.5464
145	49.8
208	49.0
72	18.9
213	18.1
196	26.0
260	31.5
293	33.8
160	38.3
277	49.4
187	50.3
191	33.6
239	31.3
13	46.1
21	39.4
239	70.1
124	-5.9
123
146	Jacksonville St.	OVC	33	21–12
11–7	101.1
233	99.5
85	.5456
146	50.3
194	47.8
41	19.5
254	19.1
124	33.9
34	26.1
63	30.2
272	33.1
171	51.7
102	46.9
58	31.4
328	32.7
42	30.1
318	41.7
304	67.1
282	-6.6
144
147	Drake	MVC	32	16–16
10–8	106.0
135	104.3
175	.5452
147	50.5
186	51.4
201	17.1
80	17.1
253	23.5
312	28.4
159	31.9
221	23.9
8	48.4
231	52.4
273	35.8
123	33.1
66	40.3
98	37.3
175	69.2
181	-8.0
172
148	Albany	AE	31	21–10
10–6	106.6
123	105.0
185	.5442
148	50.5
186	50.6
159	17.5
112	17.0
261	34.6
19	24.3
24	37.0
76	27.1
36	48.7
216	51.6
242	36.8
85	32.6
38	27.3
340	35.9
120	67.4
267	-5.9
125
149	Charleston
   13 seed, R64	CAA	31	24–7
14–4	106.7
121	105.1
186	.5440
149	52.8
91	50.2
144	14.7
11	17.8
217	25.6
272	28.0
139	36.8
79	31.3
125	51.8
98	48.8
128	36.4
98	35.1
176	37.1
170	36.3
130	65.8
326	-2.1
77
150	Rider	MAAC	32	22–10
15–3	108.0
95	106.4
217	.5423
150	52.6
102	52.8
268	17.6
118	20.5
53	33.5
41	28.6
168	42.1
13	36.8
250	52.0
89	50.5
198	35.8
123	37.1
282	33.8
267	43.1
319	74.9
11	-3.4
91
Rk	Team	Conf	G	Rec	AdjOE	AdjDE	Barthag	Efg%	EfgD%	TOR	TORD	ORB	DRB	FTR	FTRD	2P%	2P%D	3P%	3P%D	3PR	3PRD	Adj T.	WAB
151	Iona
   15 seed, R64	MAAC	33	20–13
11–7	108.9
84	107.3
236	.5409
151	54.1
52	52.1
236	16.0
33	18.8
145	24.4
299	30.5
253	30.4
263	29.2
68	51.3
123	51.4
237	38.8
33	35.5
203	40.8
89	35.1
89	71.6
62	-7.3
158
152	UC Irvine	BW	33	16–17
11–5	99.2
260	97.8
59	.5401
152	48.1
292	45.0
5	20.5
296	14.8
335	32.3
62	24.8
32	28.2
312	41.2
316	47.5
265	42.9
4	33.0
267	32.8
47	32.0
303	33.9
55	68.2
231	-9.1
185
153	San Francisco	WCC	33	18–15
9–9	101.3
226	99.9
88	.5397
153	49.2
242	49.4
94	17.6
118	17.9
210	28.7
175	25.5
46	29.4
287	38.1
270	48.8
208	48.5
109	33.2
258	34.3
127	42.4
69	31.5
17	67.8
247	-7.1
157
154	Georgia Southern	SB	31	19–12
11–7	104.7
161	103.5
158	.5334
154	49.2
242	49.7
113	16.1
36	20.3
61	30.3
122	31.9
302	38.2
54	35.2
223	48.4
231	50.4
195	33.6
239	32.4
32	39.1
126	39.7
254	69.8
152	-6.5
141
155	Canisius	MAAC	33	21–12
15–3	105.7
139	104.5
178	.5328
155	54.2
50	50.5
152	18.7
188	21.6
20	29.9
134	30.4
249	29.9
279	37.2
260	55.9
17	51.7
248	34.8
175	32.1
24	45.0
35	35.3
97	70.0
136	-6.5
139
156	Memphis	Amer	34	21–13
10–8	106.6
122	105.6
200	.5271
156	50.7
176	50.8
168	20.4
291	18.9
135	35.1
11	33.7
333	43.6
4	32.4
152	52.3
75	47.6
76	31.7
324	37.0
276	34.6
252	41.2
291	67.4
267	-4.4
106
157	UTSA	CUSA	31	17–14
11–7	104.9
156	104.0
169	.5249
157	51.0
166	49.6
105	17.0
75	16.2
300	26.7
241	27.0
94	29.8
280	41.0
312	49.3
190	48.0
88	35.4
143	34.7
154	44.6
38	39.4
239	72.9
28	-7.1
156
158	Lipscomb
   15 seed, R64	ASun	29	20–9
10–4	102.6
200	101.8
129	.5232
158	51.9
133	51.7
219	20.1
281	19.8
86	28.0
196	24.1
22	41.2
20	38.7
284	53.5
50	52.6
280	33.0
267	33.5
90	38.9
133	36.9
152	75.9
6	-3.1
88
159	Wofford	SC	30	18–12
11–7	107.5
106	107.0
230	.5148
159	54.8
32	53.0
272	18.4
167	19.0
130	24.9
290	26.9
91	28.7
301	34.5
208	50.6
154	52.3
269	39.9
16	35.9
223	45.2
34	42.5
310	66.9
291	-5.9
124
160	Oakland	Horz	33	19–14
10–8	106.5
125	106.0
209	.5134
160	52.0
125	50.8
168	18.1
148	16.9
265	28.0
196	28.6
168	35.5
110	27.8
44	51.4
114	48.5
109	35.2
154	37.3
290	39.8
107	30.7
13	72.0
52	-7.9
168
161	Portland St.	BSky	30	17–13
9–9	107.7
103	107.2
233	.5127
161	49.4
231	55.0
323	16.4
40	21.8
18	34.7
16	30.7
265	33.5
168	43.7
336	49.1
202	54.0
308	33.3
251	38.0
315	37.4
161	33.1
44	75.9
6	-6.8
149
162	Princeton	Ivy	28	12–16
5–9	105.7
140	105.3
194	.5104
162	53.9
59	52.2
241	16.4
40	16.6
277	22.0
333	24.8
32	26.2
335	32.5
156	52.1
83	51.2
226	37.3
64	35.9
223	46.3
18	37.2
167	65.6
332	-10.0
204
163	Hofstra	CAA	30	18–12
12–6	109.7
77	109.5
277	.5057
163	53.2
79	54.2
300	15.6
23	16.3
296	30.6
114	27.5
114	36.5
87	32.5
156	51.6
106	54.3
318	37.3
64	36.0
230	37.1
170	35.6
110	70.0
136	-6.1
127
164	Tulane	Amer	31	14–17
5–13	105.4
144	105.3
193	.5017
164	51.5
149	50.5
152	18.8
198	17.2
248	27.5
213	30.0
237	34.5
141	34.6
211	50.9
140	49.8
165	35.0
165	34.5
139	37.3
164	34.1
64	70.3
112	-8.7
180
165	Central Michigan	MAC	31	17–14
7–11	107.8
101	107.8
254	.4997
165	50.5
186	51.7
219	17.2
85	18.2
187	31.2
92	31.3
285	34.4
145	27.7
42	50.1
167	52.6
280	34.0
219	33.6
96	46.1
21	41.5
298	68.0
235	-9.1
183
166	Towson	CAA	30	16–14
8–10	104.6
163	104.7
181	.4965
166	51.6
145	50.6
159	18.2
155	18.7
153	34.3
24	27.4
110	35.4
114	39.3
295	51.1
132	49.4
153	35.3
147	35.0
170	30.3
317	40.1
266	69.0
191	-9.1
184
167	Valparaiso	MVC	30	13–17
6–12	100.7
239	101.1
111	.4899
167	50.8
174	48.5
55	21.2
326	19.5
104	26.7
241	28.0
139	36.7
83	44.1
337	50.5
156	48.6
120	34.1
215	32.2
28	36.1
200	33.9
55	70.9
92	-9.6
195
168	Weber St.	BSky	28	17–11
13–5	105.6
142	106.2
211	.4836
168	56.0
17	50.1
133	17.5
112	15.9
312	19.3
346	26.8
86	35.1
124	31.8
137	52.5
65	49.2
147	41.0
6	34.7
154	38.9
133	31.5
17	68.5
215	-6.1
130
169	Ball St.	MAC	31	18–13
10–8	102.5
207	103.1
151	.4825
169	51.4
154	49.4
94	18.4
167	16.7
274	28.0
196	27.5
114	33.2
176	30.0
90	51.7
102	46.3
41	33.9
225	36.6
262	38.1
148	36.0
123	71.0
85	-6.8
147
170	North Texas	CUSA	31	14–17
8–10	103.0
194	103.8
164	.4769
170	50.6
181	49.2
80	19.4
244	17.5
235	30.4
120	26.0
59	33.0
189	40.4
303	49.2
196	50.1
180	35.2
154	31.7
16	38.0
150	35.3
97	67.9
240	-10.2
207
171	Troy	SB	31	14–17
9–9	105.4
143	106.2
212	.4764
171	51.4
154	50.2
144	18.0
142	16.6
277	26.9
238	28.9
186	33.6
165	31.6
133	52.1
83	49.7
162	33.7
235	34.0
119	45.3
33	37.0
158	69.4
171	-10.5
212
172	William & Mary	CAA	29	17–12
11–7	114.0
41	115.0
336	.4747
172	59.5
2	56.8
343	17.2
85	14.4
345	21.2
338	25.4
44	33.4
171	32.4
152	56.6
11	57.2
344	42.2
1	37.4
292	43.3
55	37.5
186	71.0
85	-6.2
133
173	Seattle	WAC	31	17–14
8–6	104.5
166	105.5
197	.4737
173	51.0
166	47.2
28	19.6
262	15.5
323	29.7
137	27.9
136	34.5
141	41.0
312	47.4
272	44.8
12	37.2
71	34.5
139	42.6
64	34.0
59	68.5
215	-7.4
160
174	Winthrop	BSth	28	16–12
12–6	104.6
162	105.6
199	.4727
174	54.8
32	49.7
113	19.7
265	18.6
161	26.2
253	27.2
102	35.9
104	32.1
147	54.8
33	48.1
90	36.5
96	34.9
164	43.4
53	36.8
149	72.8
32	-7.6
162
175	Pacific	WCC	31	13–18
9–9	105.2
147	106.3
214	.4718
175	48.5
277	53.0
272	17.2
85	18.3
179	30.3
122	27.3
108	40.5
28	35.2
223	48.4
231	51.7
248	32.6
287	36.6
262	25.5
345	40.5
275	67.6
255	-10.2
208
Rk	Team	Conf	G	Rec	AdjOE	AdjDE	Barthag	Efg%	EfgD%	TOR	TORD	ORB	DRB	FTR	FTRD	2P%	2P%D	3P%	3P%D	3PR	3PRD	Adj T.	WAB
176	North Dakota St.	Sum	29	12–17
5–9	103.6
182	104.6
180	.4718
176	53.7
70	49.6
105	18.4
167	14.4
345	23.0
319	25.2
42	30.4
263	33.5
184	52.5
65	47.8
82	36.8
85	35.3
189	44.2
44	34.2
67	67.5
262	-10.0
203
177	Ohio	MAC	30	13–17
7–11	99.9
246	101.0
107	.4696
177	51.0
166	49.9
122	18.0
142	18.1
196	22.4
328	26.4
69	30.9
250	30.1
94	48.4
231	50.7
206	37.2
71	32.4
32	35.1
239	39.6
251	72.7
37	-10.8
220
178	Duquesne	A10	32	16–16
7–11	104.8
158	105.9
204	.4680
178	49.7
217	50.8
168	17.6
118	18.4
171	33.0
48	28.9
186	35.4
114	36.4
241	47.8
256	51.0
220	35.0
165	33.5
90	39.8
107	32.4
30	67.3
273	-11.0
226
179	George Washington	A10	33	15–18
7–11	103.0
191	104.2
173	.4667
179	49.5
224	51.4
201	19.2
229	17.1
253	31.7
77	30.0
237	28.9
299	28.1
46	50.2
164	50.3
191	32.1
311	35.7
213	30.1
318	34.0
59	66.8
294	-9.7
197
180	Cal St. Fullerton
   15 seed, R64	BW	29	18–11
10–6	102.6
201	103.8
163	.4661
180	52.0
125	48.3
47	20.6
301	18.4
171	26.5
248	28.9
186	46.0
1	34.8
215	52.2
81	45.2
20	34.3
208	36.3
246	28.4
330	33.1
44	70.8
96	-5.4
119
181	Austin Peay	OVC	30	16–14
12–6	103.9
181	105.2
190	.4640
181	50.0
204	54.1
297	20.2
287	22.2
11	34.5
21	29.6
219	36.3
94	40.4
303	48.5
224	52.9
283	35.7
131	37.4
292	29.7
323	36.9
152	69.9
144	-7.5
161
182	Purdue Fort Wayne	Sum	29	14–15
7–7	105.6
141	107.0
231	.4632
182	52.9
87	53.8
293	15.7
27	19.9
80	25.6
272	26.6
75	31.6
229	29.7
84	51.3
123	53.4
294	36.6
90	36.4
254	45.4
30	37.3
175	73.8
18	-8.2
174
183	Hawaii	BW	28	15–13
8–8	99.2
259	100.5
100	.4627
183	50.1
200	49.9
122	19.5
254	19.9
80	26.3
251	24.5
26	40.8
25	38.7
284	50.9
140	50.1
180	32.5
295	33.1
66	37.8
153	36.1
125	69.0
191	-8.4
178
184	Connecticut	Amer	32	14–18
7–11	103.1
188	104.6
179	.4602
184	47.5
313	51.1
187	18.5
173	18.3
179	29.4
146	32.7
317	32.4
204	33.9
195	46.6
299	48.5
109	32.6
287	36.4
254	36.0
205	42.6
312	68.1
234	-6.9
151
185	Liberty	BSth	32	18–14
9–9	102.6
199	104.1
171	.4601
185	52.9
87	51.4
201	18.4
167	18.1
196	22.6
323	19.8
2	35.0
129	35.1
218	51.2
127	46.8
56	36.9
82	37.8
309	42.1
71	46.4
347	64.2
344	-9.7
196
186	Radford
   16 seed, R64	BSth	33	21–12
12–6	101.6
222	103.0
150	.4594
186	49.5
224	49.4
94	18.7
188	20.3
61	31.9
69	27.9
136	31.3
236	31.9
142	47.5
265	48.4
103	35.1
158	33.9
112	39.4
115	38.9
227	64.1
345	-6.5
140
187	Richmond	A10	32	12–20
9–9	105.8
137	107.5
241	.4561
187	52.1
117	55.4
330	16.9
68	19.0
130	23.4
315	28.3
150	29.7
283	31.4
127	53.2
56	55.3
332	33.4
247	37.2
286	36.3
195	35.2
91	69.1
185	-11.4
232
188	Washington St.	P12	31	12–19
4–14	107.2
112	109.0
272	.4528
188	54.1
52	53.5
286	19.4
244	16.4
290	24.6
297	31.2
279	24.7
343	28.5
54	51.7
102	54.2
315	37.7
50	34.9
164	50.4
4	40.0
263	69.6
160	-9.9
199
189	UNC Asheville	BSth	32	19–13
13–5	104.8
157	106.6
221	.4520
189	54.6
37	52.5
253	19.4
244	18.5
164	24.0
306	26.8
86	31.3
236	33.9
195	52.0
89	52.4
273	39.4
22	35.1
176	36.8
176	37.6
189	70.7
101	-6.2
132
190	Nicholls St.	Slnd	28	17–11
15–3	102.1
212	103.9
166	.4496
190	51.9
133	50.2
144	20.4
291	21.1
34	30.5
117	30.6
258	37.3
70	45.2
342	51.6
106	49.7
162	34.8
175	34.1
121	35.4
225	32.9
40	75.2
8	-6.2
134
191	Monmouth	MAAC	31	11–20
7–11	102.5
204	104.4
176	.4480
191	52.3
110	51.4
201	20.9
316	18.3
179	26.6
245	26.9
91	44.1
3	41.6
321	49.3
190	49.9
169	38.9
32	35.4
197	33.4
278	45.7
344	71.2
77	-13.6
278
192	Western Michigan	MAC	30	15–15
9–9	105.2
149	107.3
237	.4410
192	49.3
237	54.2
300	15.6
23	19.7
93	29.7
137	27.2
102	34.1
152	33.7
190	48.0
250	52.5
275	34.5
196	37.6
304	35.6
219	42.9
316	68.9
197	-9.5
188
193	Miami OH	MAC	32	14–18
8–10	99.6
254	101.8
128	.4386
193	50.1
200	51.4
201	19.3
238	18.1
196	27.1
226	25.8
53	27.0
330	28.5
54	50.0
169	51.9
258	33.5
241	33.7
100	44.2
44	37.3
175	67.7
250	-10.5
213
194	Wagner	NEC	31	21–10
14–4	101.4
223	103.9
165	.4310
194	49.8
208	49.0
72	19.7
265	20.4
56	35.8
7	28.6
168	34.2
150	46.7
348	47.0
289	45.8
31	36.0
114	36.2
241	39.3
118	37.4
181	68.8
202	-5.3
116
195	Massachusetts	A10	33	13–20
5–13	106.1
132	108.7
266	.4309
195	52.5
105	51.5
209	18.6
180	16.5
286	27.2
223	29.7
224	25.1
339	33.2
173	47.9
253	51.2
226	40.0
11	34.7
154	38.2
146	33.9
55	67.6
255	-12.7
261
196	Yale	Ivy	30	15–15
9–5	102.7
198	105.3
192	.4307
196	52.7
96	52.4
247	18.8
198	17.7
224	25.4
280	26.7
77	31.0
246	33.8
192	55.3
25	53.4
294	32.8
280	33.7
100	42.6
64	35.3
97	70.2
117	-8.3
177
197	UMBC
   16 seed, R32	AE	31	21–10
12–4	102.5
205	105.5
195	.4186
197	52.2
114	52.1
236	16.9
68	20.7
46	26.4
250	29.0
194	30.0
274	31.1
121	48.3
238	50.8
210	38.2
44	35.9
223	44.1
46	40.9
285	69.3
177	-4.8
113
198	Southeastern Louisiana	Slnd	31	19–12
15–3	101.7
219	104.8
184	.4160
198	51.2
161	49.6
105	19.6
262	20.3
61	29.5
143	33.6
331	35.3
119	29.0
63	50.9
140	48.4
103	34.4
199	34.6
146	36.7
180	32.7
35	67.1
282	-6.5
138
199	Illinois Chicago	Horz	31	16–15
12–6	99.7
253	102.8
142	.4128
199	51.0
166	47.0
23	20.9
316	17.3
245	29.4
146	30.4
249	35.4
114	34.6
211	50.3
161	45.2
20	34.9
170	33.8
107	33.4
278	33.3
46	73.1
25	-10.0
202
200	Colgate	Pat	32	18–14
12–6	104.5
164	107.8
257	.4117
200	51.5
149	53.2
278	16.4
40	19.4
106	25.6
272	27.6
121	29.0
297	29.4
74	49.0
205	51.8
255	36.3
103	36.7
265	45.6
28	40.3
270	67.6
255	-8.6
179
Rk	Team	Conf	G	Rec	AdjOE	AdjDE	Barthag	Efg%	EfgD%	TOR	TORD	ORB	DRB	FTR	FTRD	2P%	2P%D	3P%	3P%D	3PR	3PRD	Adj T.	WAB
201	Long Beach St.	BW	31	13–18
9–7	105.0
152	108.3
260	.4115
201	49.6
219	53.7
291	20.7
306	18.7
153	32.2
65	30.4
249	40.3
31	28.6
58	48.4
231	52.5
275	35.1
158	37.5
301	28.6
329	33.5
49	73.1
25	-10.2
206
202	Southern Miss	CUSA	30	12–18
7–11	105.1
150	108.5
263	.4105
202	50.3
194	56.0
334	14.6
8	19.8
86	20.5
341	29.0
194	28.3
308	32.9
165	49.8
176	55.1
330	34.1
215	38.1
319	38.8
137	45.0
340	66.3
318	-9.9
200
203	Appalachian St.	SB	31	13–18
9–9	103.0
195	106.5
219	.4040
203	49.9
205	51.3
197	18.9
213	17.2
248	29.5
143	25.6
48	36.8
79	36.6
246	49.9
172	48.7
125	33.3
251	37.9
311	43.1
58	32.3
28	71.2
77	-12.4
254
204	Central Arkansas	Slnd	33	17–16
10–8	105.3
145	109.1
273	.3971
204	51.9
133	50.8
168	18.3
163	19.1
124	27.2
223	33.1
327	36.8
79	38.0
268	50.6
154	49.5
157	36.0
114	35.8
219	37.7
155	31.9
22	74.0
15	-10.6
215
205	Coastal Carolina	SB	29	11–18
8–10	101.3
227	105.1
188	.3952
205	49.0
251	49.6
105	22.0
340	18.0
204	34.2
26	28.4
159	38.8
48	40.2
302	48.4
231	47.4
74	33.3
251	34.9
164	36.5
185	45.4
342	68.9
197	-13.1
269
206	Texas St.	SB	31	13–18
7–11	99.8
251	103.7
160	.3930
206	48.8
264	51.7
219	20.9
316	19.4
106	31.9
69	27.7
124	36.3
94	30.0
90	48.4
231	53.1
285	33.1
265	33.0
59	37.3
164	38.9
227	63.9
347	-12.9
262
207	Kent St.	MAC	33	16–17
9–9	101.9
215	105.8
202	.3924
207	48.7
269	51.1
187	18.7
188	18.0
204	31.4
83	30.5
253	32.5
203	33.4
178	48.8
208	51.2
226	32.4
299	33.9
112	38.3
145	36.2
127	69.8
152	-10.5
211
208	Milwaukee	Horz	31	15–16
8–10	99.1
261	103.1
152	.3890
208	50.9
171	50.1
133	18.1
148	18.0
204	25.1
288	23.8
20	27.7
321	27.4
40	50.9
140	46.5
45	33.9
225	37.4
292	37.1
170	37.2
167	66.8
294	-10.9
222
209	Denver	Sum	28	13–15
8–6	102.0
214	106.1
210	.3879
209	52.4
108	51.3
197	21.8
336	15.7
316	30.6
114	24.9
35	32.8
195	37.0
256	49.2
196	52.0
263	39.5
21	33.5
90	31.6
311	43.3
325	67.5
262	-9.6
191
210	FIU	CUSA	29	11–18
8–10	98.3
272	102.3
134	.3878
210	47.1
322	50.6
159	15.6
23	19.8
86	25.9
264	27.4
110	36.5
87	34.8
215	47.2
280	50.6
201	31.3
330	33.7
100	32.3
297	38.7
224	69.9
144	-13.0
266
211	Lamar	Slnd	29	15–14
11–7	101.0
234	105.1
189	.3868
211	48.5
277	51.7
219	17.9
137	21.9
16	31.7
77	27.8
133	36.3
94	38.3
277	46.7
294	51.3
232	34.4
199	35.0
170	36.7
180	34.2
67	68.8
202	-9.6
192
212	Colorado St.	MWC	31	10–21
4–14	102.2
210	106.6
222	.3819
212	47.5
313	53.7
291	18.8
198	17.4
240	30.6
114	28.1
142	33.8
160	35.9
233	46.4
308	53.7
301	33.0
267	35.8
219	35.2
233	43.8
331	71.0
85	-11.9
243
213	Idaho St.	BSky	28	12–16
9–9	102.8
197	107.4
238	.3771
213	55.0
26	52.5
253	18.5
173	16.7
274	19.8
343	28.1
142	34.5
141	31.0
119	52.4
70	53.1
285	39.4
22	34.3
127	39.0
131	34.5
77	69.2
181	-11.3
230
214	South Alabama	SB	30	12–18
7–11	96.4
310	100.9
105	.3725
214	48.4
283	47.3
31	20.9
316	18.4
171	25.7
270	29.6
219	37.7
62	38.0
268	48.3
238	47.9
84	32.3
301	30.9
10	44.1
46	38.1
204	71.4
70	-12.4
255
215	Louisiana Monroe	SB	28	13–15
9–9	100.8
238	105.6
198	.3705
215	49.8
208	51.3
197	17.5
112	18.7
153	25.3
283	28.3
150	24.3
347	30.8
114	46.5
303	49.9
169	36.0
114	35.5
203	44.3
42	43.1
319	67.0
284	-9.5
189
216	Columbia	Ivy	26	7–19
5–9	106.8
119	111.9
317	.3693
216	52.4
108	54.2
300	17.8
132	18.2
187	27.0
232	29.4
210	24.5
344	32.0
144	49.9
172	51.6
242	37.2
71	38.4
328	42.9
61	44.1
336	71.1
82	-13.6
277
217	Fairfield	MAAC	33	17–16
9–9	101.1
232	106.0
206	.3678
217	51.4
154	52.5
253	17.4
102	18.8
145	24.4
299	27.1
99	30.9
250	36.8
250	51.8
98	49.0
139	33.9
225	39.3
335	44.4
41	35.5
102	71.6
62	-10.5
214
218	Campbell	BSth	29	14–15
10–8	105.2
148	110.3
294	.3672
218	54.9
27	51.7
219	17.5
112	17.2
248	21.2
338	26.6
75	33.9
158	33.2
173	53.0
59	51.8
255	38.3
40	34.4
131	43.3
55	36.7
143	69.0
191	-11.4
236
219	Tennessee St.	OVC	28	13–15
10–8	96.0
313	100.7
102	.3669
219	49.3
237	52.7
264	21.9
339	23.3
2	25.5
276	27.7
124	37.8
60	35.4
228	48.1
243	51.3
232	33.9
225	36.1
237	41.4
79	47.4
349	66.7
305	-9.4
187
220	Stony Brook	AE	31	12–19
7–9	96.9
303	101.7
125	.3662
220	47.9
299	50.5
152	20.0
275	20.8
43	30.5
117	28.2
146	32.0
217	41.8
324	47.5
265	49.1
140	32.2
306	35.3
189	40.8
89	36.2
127	69.6
160	-12.7
260
221	Pittsburgh	ACC	32	8–24
0–18	98.1
277	103.0
147	.3658
221	48.2
289	50.1
133	20.9
316	16.6
277	22.7
320	34.8
342	31.9
221	31.3
125	47.8
256	50.1
180	32.5
295	33.4
86	47.5
9	37.2
167	66.5
313	-10.9
224
222	Saint Peter's	MAAC	32	14–18
6–12	95.2
321	99.9
89	.3645
222	49.2
242	48.4
52	19.6
262	21.3
28	27.1
226	28.9
186	27.3
325	42.3
328	48.1
243	47.8
82	33.7
235	32.9
54	42.5
68	43.5
327	63.9
347	-13.0
265
223	George Mason	A10	33	16–17
9–9	101.2
229	106.2
213	.3628
223	49.1
246	52.1
236	18.2
155	16.1
305	27.9
202	26.7
77	31.8
224	30.8
114	49.1
202	51.5
240	32.6
287	35.3
189	36.2
197	39.5
248	70.1
124	-9.7
198
224	Akron	MAC	31	13–18
6–12	102.4
208	107.5
242	.3620
224	51.5
149	54.2
300	19.8
269	18.5
164	27.0
232	28.3
150	31.4
234	39.1
289	49.9
172	54.1
310	35.6
136	36.1
237	46.5
17	40.5
275	68.8
202	-12.1
248
225	Manhattan	MAAC	31	14–17
9–9	98.4
271	103.6
159	.3560
225	51.6
145	50.1
133	22.7
344	21.5
24	31.0
96	32.1
310	37.6
65	41.0
312	46.8
291	49.1
140	40.0
11	34.5
139	36.0
205	36.9
152	67.0
284	-12.2
249
Rk	Team	Conf	G	Rec	AdjOE	AdjDE	Barthag	Efg%	EfgD%	TOR	TORD	ORB	DRB	FTR	FTRD	2P%	2P%D	3P%	3P%D	3PR	3PRD	Adj T.	WAB
226	Hartford	AE	32	18–14
11–5	102.3
209	107.8
251	.3546
226	52.7
96	51.1
187	18.1
148	18.1
196	24.9
290	28.5
164	31.2
241	33.4
178	53.6
48	50.8
210	34.4
199	34.4
131	42.6
64	41.3
295	67.7
250	-8.9
181
227	Tennessee Tech	OVC	31	17–14
10–8	97.7
289	103.0
148	.3535
227	49.0
251	51.0
181	19.8
269	20.3
61	28.2
192	30.1
242	37.7
62	36.6
246	47.5
265	51.6
242	34.5
196	33.4
86	35.9
209	38.2
210	72.0
52	-7.9
165
228	Niagara	MAAC	33	19–14
12–6	108.2
94	114.1
327	.3516
228	50.8
174	52.6
259	15.0
15	15.5
323	30.9
101	31.0
275	38.0
57	29.5
78	49.2
196	50.2
188	35.8
123	38.0
315	35.7
216	34.6
81	74.7
12	-8.2
175
229	Bowling Green	MAC	30	14–16
7–11	101.7
220	107.3
235	.3508
229	47.3
318	52.3
244	17.6
118	16.8
271	29.7
137	26.5
74	36.6
85	32.0
144	45.1
324	51.2
226	34.3
208	36.3
246	34.9
244	35.8
116	71.5
67	-10.7
218
230	Navy	Pat	31	19–12
11–7	97.8
285	103.2
154	.3495
230	49.6
219	53.2
278	21.3
327	21.3
28	31.7
77	22.2
5	36.2
98	34.0
197	50.2
164	51.8
255	32.3
301	36.8
268	35.6
219	41.4
296	66.8
294	-8.0
171
231	Saint Francis	NEC	29	16–13
12–6	105.0
153	110.8
299	.3492
231	52.8
91	53.6
287	16.5
45	18.6
161	25.7
270	31.1
277	33.5
168	23.4
4	51.2
127	53.8
304	37.0
79	35.5
203	36.3
195	37.5
186	69.6
160	-7.7
164
232	James Madison	CAA	31	9–22
6–12	101.1
231	106.8
227	.3471
232	48.0
295	52.8
268	16.5
45	18.5
164	28.9
167	28.2
146	34.1
152	42.0
325	46.7
294	50.9
215	33.5
241	37.2
286	35.9
209	39.4
239	69.1
185	-16.5
316
233	Delaware	CAA	31	12–19
6–12	102.5
206	108.3
261	.3460
233	50.3
194	52.9
271	15.8
30	14.9
333	26.0
260	26.2
65	34.4
145	29.6
82	50.7
149	51.2
226	32.9
272	37.0
276	31.6
311	39.1
235	66.9
291	-13.7
280
234	NJIT	ASun	28	12–16
7–7	98.6
266	104.4
177	.3421
234	49.8
208	53.0
272	18.5
173	20.3
61	30.0
130	28.6
168	32.9
192	33.7
190	48.1
243	51.9
258	35.3
147	36.9
274	35.8
212	33.0
42	68.4
220	-11.4
234
235	Sam Houston St.	Slnd	29	15–14
12–6	99.9
247	106.0
205	.3370
235	48.4
283	51.1
187	19.0
218	20.3
61	32.8
55	28.4
159	33.5
168	39.2
292	47.4
272	53.3
291	33.5
241	31.9
19	35.3
230	41.2
291	67.6
255	-9.4
186
236	Oral Roberts	Sum	28	8–20
5–9	104.9
155	111.3
306	.3357
236	48.9
259	54.2
300	19.0
218	15.3
328	35.0
12	30.9
273	24.3
347	31.2
124	47.7
259	53.9
306	34.2
212	36.5
260	32.0
303	37.2
167	66.7
305	-12.0
245
237	Air Force	MWC	29	10–19
6–12	99.8
252	106.0
208	.3335
237	47.6
310	54.9
320	18.8
198	20.6
49	27.4
215	28.8
182	32.0
217	33.3
176	46.8
291	51.3
232	32.5
295	39.7
341	43.5
50	42.9
316	66.8
294	-11.8
242
238	California	P12	31	8–23
2–16	97.8
286	103.9
167	.3317
238	44.5
343	54.5
312	20.8
312	19.7
93	34.8
13	30.6
258	38.1
56	38.4
281	45.1
324	51.6
242	28.6
349	39.4
337	27.5
336	39.0
233	69.9
144	-13.4
273
239	Elon	CAA	30	12–18
6–12	103.1
190	109.6
281	.3311
239	52.3
110	52.5
253	16.7
57	14.2
348	21.7
335	28.9
186	24.0
350	23.6
6	52.5
65	50.0
176	34.7
180	37.1
282	50.1
5	44.0
335	68.5
215	-12.0
244
240	Loyola Marymount	WCC	30	10–20
5–13	105.9
136	112.7
322	.3287
240	49.4
231	57.5
346	19.3
238	19.8
86	34.6
19	31.2
279	32.4
204	42.8
331	48.1
243	57.7
347	34.7
180	38.1
319	32.0
303	37.1
163	68.0
235	-12.3
251
241	UTEP	CUSA	30	10–20
6–12	96.8
305	103.2
153	.3227
241	49.3
237	50.6
159	17.8
132	17.4
240	19.0
349	27.0
94	30.9
250	36.4
241	49.0
205	48.8
128	33.1
265	35.3
189	38.6
140	41.8
305	68.9
197	-13.7
279
242	Eastern Illinois	OVC	29	10–19
7–11	98.8
265	105.5
196	.3204
242	47.7
308	52.0
232	20.4
291	19.3
112	29.9
134	29.9
232	32.2
211	33.4
178	44.6
333	48.5
109	35.3
147	38.5
331	36.4
189	38.4
216	66.8
294	-13.2
271
243	Cal St. Bakersfield	WAC	27	9–18
5–9	96.4
311	102.9
146	.3196
243	46.5
328	50.5
152	20.7
306	19.2
121	30.7
110	28.7
179	34.7
134	44.7
339	47.5
265	48.5
109	29.8
345	35.5
203	36.8
176	42.4
308	66.8
294	-11.3
231
244	High Point	BSth	27	11–16
9–9	99.1
262	105.9
203	.3189
244	49.3
237	50.1
133	19.1
222	20.4
56	30.9
101	28.9
186	34.1
152	40.1
299	47.6
263	48.8
128	35.9
120	34.8
158	28.1
332	38.8
226	66.8
294	-12.3
253
245	UNC Wilmington	CAA	30	9–21
7–11	104.1
176	111.2
304	.3189
245	48.9
259	56.6
339	17.3
94	15.6
320	33.8
35	25.5
46	31.1
243	36.9
254	47.4
272	54.8
328	34.5
196	39.6
339	33.8
267	39.4
239	73.3
23	-14.9
296
246	Lehigh	Pat	29	15–14
11–7	104.3
170	111.5
309	.3176
246	52.9
87	52.4
247	17.4
102	16.0
308	25.3
283	26.8
86	25.8
337	30.7
109	47.7
259	53.1
285	40.6
8	34.3
127	39.1
126	43.7
330	71.9
55	-9.6
194
247	Texas Southern
   16 seed, R64	SWAC	35	16–19
12–6	104.3
169	111.8
311	.3111
247	50.6
181	50.9
177	17.3
94	16.2
300	28.7
175	32.5
313	43.0
7	30.7
109	48.6
220	49.1
140	36.0
114	36.4
254	37.0
174	32.8
36	72.5
41	-10.9
221
248	Boston University	Pat	30	14–16
10–8	100.1
244	107.3
234	.3109
248	52.8
91	52.8
268	20.1
281	20.1
75	28.3
190	29.6
219	32.8
195	30.0
90	51.1
132	52.2
267	37.3
64	35.8
219	35.0
241	40.3
270	68.7
209	-11.5
237
249	North Dakota	BSky	30	10–20
6–12	102.2
211	109.5
279	.3098
249	51.8
136	56.4
337	17.4
102	19.7
93	19.8
343	29.5
213	35.5
110	34.1
200	51.4
114	56.0
340	35.1
158	38.0
315	36.4
189	35.2
91	72.9
28	-12.6
258
250	Florida Atlantic	CUSA	28	9–19
6–12	94.8
325	101.7
127	.3080
250	43.9
346	49.2
80	18.2
155	16.6
277	28.5
183	27.5
114	29.0
297	32.6
158	42.3
346	49.1
140	31.9
317	32.9
54	28.4
330	31.5
17	70.1
124	-12.7
259
Rk	Team	Conf	G	Rec	AdjOE	AdjDE	Barthag	Efg%	EfgD%	TOR	TORD	ORB	DRB	FTR	FTRD	2P%	2P%D	3P%	3P%D	3PR	3PRD	Adj T.	WAB
251	Brown	Ivy	26	10–16
4–10	101.2
228	108.7
265	.3074
251	48.5
277	54.4
307	18.4
167	19.3
112	29.4
146	26.7
77	40.4
29	40.0
298	48.6
220	53.9
306	32.1
311	37.0
276	35.9
209	35.5
102	72.7
37	-11.5
238
252	Mount St. Mary's	NEC	30	16–14
12–6	102.5
203	110.1
287	.3062
252	54.1
52	51.7
219	16.2
39	20.2
71	20.5
341	35.4
347	29.1
292	27.3
39	52.3
75	51.6
242	37.3
64	34.6
146	47.5
9	37.3
175	66.0
323	-10.0
205
253	Hampton	MEAC	32	16–16
12–4	100.1
245	107.7
245	.3018
253	48.8
264	48.9
68	16.9
68	16.9
265	28.7
175	29.7
224	33.8
160	35.7
231	49.1
202	48.2
99	32.0
314	33.3
80	29.2
327	35.7
113	72.8
32	-11.0
227
254	Cornell	Ivy	27	11–16
6–8	104.1
173	112.0
318	.3012
254	52.5
105	53.3
283	18.5
173	15.7
316	24.4
299	30.2
245	35.1
124	28.8
61	54.0
43	49.9
169	33.4
247	39.3
335	39.3
118	37.3
175	70.6
105	-10.8
219
255	Army	Pat	29	12–17
6–12	99.9
249	107.5
240	.3009
255	52.3
110	52.4
247	18.8
198	19.7
93	27.1
226	27.6
121	24.5
344	38.1
270	48.8
208	51.1
222	38.1
45	36.2
241	41.6
76	41.1
289	71.5
67	-13.5
275
256	Gardner Webb	BSth	29	11–18
9–9	97.3
297	104.8
183	.2999
256	49.1
246	50.4
151	20.1
281	17.1
253	25.2
286	27.3
108	28.0
315	37.3
261	48.1
243	50.8
210	34.0
219	33.2
73	35.6
219	39.4
239	69.0
191	-12.1
247
257	Northern Illinois	MAC	30	11–19
6–12	102.6
202	110.5
297	.2975
257	49.5
224	54.3
306	17.0
75	17.4
240	28.2
192	28.8
182	33.1
182	33.4
178	49.8
176	54.6
324	32.6
287	36.0
230	27.4
338	41.6
300	68.3
224	-13.0
263
258	Southern Utah	BSky	30	11–19
5–13	101.2
230	109.2
274	.2944
258	50.4
190	54.6
313	17.4
102	16.6
277	22.6
323	25.9
56	35.9
104	41.6
321	48.2
240	53.2
289	36.1
110	38.2
323	37.4
161	34.1
64	72.8
32	-12.3
252
259	Pepperdine	WCC	31	5–26
2–16	104.8
159	113.0
323	.2940
259	49.5
224	57.0
345	17.2
85	15.5
323	28.5
183	26.4
69	35.2
121	33.5
184	48.8
208	54.7
326	34.2
212	40.1
345	29.6
324	41.6
300	68.6
214	-17.9
327
260	Southeast Missouri St.	OVC	29	12–17
8–10	107.5
107	116.0
340	.2926
260	54.3
46	55.2
324	18.1
148	17.2
248	26.2
253	29.3
207	37.7
62	34.5
208	50.7
149	54.1
310	39.3
24	37.9
311	43.4
53	38.7
224	70.2
117	-12.2
250
261	Portland	WCC	29	7–22
4–14	99.4
257	107.6
243	.2884
261	50.6
181	52.4
247	18.1
148	15.8
314	19.2
348	31.4
290	34.6
135	33.5
184	46.5
303	51.7
248	38.3
40	35.7
213	37.8
153	39.5
248	68.3
224	-14.4
288
262	Robert Morris	NEC	33	16–17
9–9	93.8
334	101.5
121	.2880
262	47.4
316	50.5
152	20.9
316	22.3
9	31.2
92	31.2
279	34.3
148	36.2
238	45.9
314	51.1
222	33.2
258	32.8
47	37.7
155	34.4
73	70.6
105	-11.7
241
263	Montana St.	BSky	30	11–19
6–12	101.3
224	109.7
283	.2866
263	47.8
303	54.9
320	17.1
80	18.4
171	28.7
175	27.7
124	39.0
45	36.4
241	46.1
311	55.9
339	33.8
231	35.5
203	38.0
150	37.3
175	70.8
96	-13.9
282
264	New Hampshire	AE	29	8–21
6–10	98.6
268	106.9
229	.2827
264	46.3
330	50.8
168	17.4
102	13.7
349	28.4
188	21.4
3	30.5
259	41.5
320	44.3
338	50.6
201	32.6
287	34.1
121	43.3
55	38.0
202	66.7
305	-16.0
308
265	LIU
   16 seed, R68	NEC	34	17–17
10–8	101.6
221	110.3
293	.2801
265	52.1
117	50.0
129	19.5
254	16.5
286	29.4
146	29.8
229	38.7
49	31.8
137	52.3
75	50.5
198	34.6
187	32.8
47	39.2
123	34.2
67	72.8
32	-13.1
270
266	Drexel	CAA	32	12–20
6–12	101.8
216	110.5
296	.2800
266	49.6
219	52.2
241	17.3
94	15.6
320	30.8
105	30.7
265	31.8
224	30.6
106	50.2
164	51.1
222	32.2
306	36.3
246	34.9
244	32.8
36	70.1
124	-14.4
290
267	Charleston Southern	BSth	28	12–16
9–9	98.0
280	106.8
226	.2711
267	49.0
251	53.9
294	19.5
254	22.1
13	30.2
126	28.1
142	31.3
236	35.1
218	49.0
205	49.9
169	32.6
287	39.2
334	35.8
212	45.5
343	67.5
262	-11.4
235
268	Arkansas St.	SB	30	9–21
6–12	103.9
180	113.4
325	.2677
268	49.4
231	56.0
334	18.6
180	18.8
145	30.2
126	31.3
285	33.1
182	35.3
226	49.2
196	55.3
332	33.2
258	38.2
323	36.6
183	34.2
67	70.8
96	-15.2
299
269	Green Bay	Horz	30	10–20
7–11	98.5
269	107.7
244	.2641
269	48.6
273	50.9
177	18.6
180	17.8
217	25.6
272	30.9
273	32.3
209	31.4
127	44.7
331	51.7
248	36.2
106	33.1
66	40.7
91	37.9
201	73.2
24	-14.4
289
270	North Florida	ASun	30	11–19
7–7	106.7
120	116.7
342	.2635
270	53.6
72	54.0
295	19.3
238	13.7
349	25.0
289	35.0
345	27.7
321	23.5
5	51.5
110	54.3
318	37.5
55	35.4
197	44.6
38	28.8
3	75.1
9	-10.9
223
271	Prairie View A&M	SWAC	33	15–18
12–6	100.3
243	109.9
286	.2587
271	48.9
259	52.7
264	18.5
173	22.5
7	31.3
87	32.8
321	39.2
41	47.9
349	49.2
196	54.4
322	32.3
301	33.2
73	36.8
176	36.3
130	72.1
50	-11.6
239
272	UMKC	WAC	29	8–21
5–9	97.6
294	107.0
232	.2563
272	47.8
303	52.5
253	18.2
155	20.0
77	21.3
337	33.5
330	34.4
145	42.5
329	45.6
318	51.7
248	33.5
241	36.0
230	46.2
19	34.0
59	70.7
101	-14.2
286
273	South Florida	Amer	32	10–22
3–15	98.2
273	107.8
253	.2560
273	48.0
295	51.1
187	21.4
328	16.5
286	28.8
170	30.6
258	33.1
182	32.6
158	44.8
327	52.0
263	36.1
110	33.0
59	33.9
266	36.5
136	65.8
326	-14.8
294
274	Abilene Christian	Slnd	28	12–16
8–10	97.1
300	106.6
223	.2555
274	50.4
190	51.4
201	20.3
289	21.6
20	27.3
221	29.7
224	31.5
232	43.2
335	51.9
95	52.3
269	31.8
319	33.2
73	35.4
225	36.4
133	69.7
157	-11.3
229
275	Western Illinois	Sum	24	8–16
3–11	96.2
312	105.7
201	.2535
275	49.9
205	51.2
192	18.6
180	14.5
341	18.0
351	27.2
102	28.3
308	29.3
72	48.6
220	48.9
133	34.9
170	36.6
262	34.4
257	37.7
194	69.1
185	-11.0
225
Rk	Team	Conf	G	Rec	AdjOE	AdjDE	Barthag	Efg%	EfgD%	TOR	TORD	ORB	DRB	FTR	FTRD	2P%	2P%D	3P%	3P%D	3PR	3PRD	Adj T.	WAB
276	Santa Clara	WCC	29	10–19
8–10	98.9
264	108.7
267	.2516
276	48.6
273	56.6
339	17.2
85	18.9
135	23.7
310	27.1
99	30.2
272	32.4
152	47.1
284	55.1
330	33.8
231	40.0
344	40.9
86	30.6
12	65.7
330	-12.5
256
277	UT Rio Grande Valley	WAC	31	13–18
6–8	98.0
281	107.7
249	.2513
277	44.8
341	51.5
209	17.8
132	20.4
56	28.2
192	30.3
246	41.2
20	45.5
343	44.3
338	49.9
169	30.5
336	36.5
260	31.7
308	32.6
32	75.1
9	-10.7
217
278	Nebraska Omaha	Sum	29	7–22
4–10	103.2
187	113.6
326	.2482
278	51.3
160	55.8
332	18.0
142	15.7
316	24.9
290	30.7
265	27.3
325	28.2
48	50.0
169	54.7
326	35.8
123	38.4
328	36.7
180	36.5
136	71.7
59	-13.9
283
279	Rice	CUSA	29	5–24
4–14	98.2
274	108.3
262	.2450
279	48.0
295	52.6
259	20.7
306	16.5
286	27.6
211	28.4
159	35.2
121	28.5
54	48.0
250	51.7
248	32.1
311	36.0
230	47.2
12	41.4
296	68.9
197	-17.4
324
280	Holy Cross	Pat	31	12–19
8–10	97.6
292	107.7
248	.2434
280	52.6
102	51.0
181	19.1
222	20.0
77	19.3
346	31.9
302	29.7
283	34.0
197	55.1
28	49.4
153	32.6
287	35.4
197	39.7
109	44.5
338	64.0
346	-14.9
298
281	Lafayette	Pat	30	9–21
7–11	100.7
240	111.3
307	.2396
281	53.3
77	52.0
232	19.3
238	14.7
338	21.0
340	27.2
102	28.8
300	26.0
24	51.4
114	52.2
267	37.4
59	34.4
131	41.4
79	38.1
204	69.4
171	-16.7
319
282	Fordham	A10	31	9–22
4–14	94.0
333	104.0
170	.2373
282	47.9
299	52.3
244	18.5
173	21.1
34	18.8
350	32.8
321	26.9
331	30.4
102	52.1
83	52.1
265	28.8
348	35.1
176	46.8
15	33.6
51	67.2
278	-14.9
295
283	Quinnipiac	MAAC	33	12–21
7–11	101.0
236	111.9
316	.2343
283	50.3
194	53.6
287	19.4
244	16.3
296	27.8
204	28.5
164	37.0
76	30.1
94	49.8
176	50.2
188	33.9
225	39.6
339	47.9
7	36.8
149	67.7
250	-16.3
313
284	UMass Lowell	AE	29	11–18
6–10	103.0
192	114.2
329	.2338
284	52.1
117	55.4
330	18.7
188	20.3
61	26.3
251	32.5
313	39.2
41	33.5
184	52.4
70	55.0
329	34.4
199	37.5
301	36.1
200	32.2
26	72.6
40	-14.1
285
285	IU Indy	Horz	28	9–19
8–10	97.8
284	108.6
264	.2311
285	48.0
295	54.6
313	20.5
296	21.2
30	31.9
69	29.3
207	32.9
192	37.8
265	45.2
322	55.6
337	35.5
141	35.3
189	35.2
233	37.4
181	67.3
273	-13.5
276
286	Morehead St.	OVC	27	6–21
4–14	98.0
282	108.9
271	.2282
286	48.2
289	55.2
324	22.1
342	19.9
80	31.0
96	29.9
232	36.7
83	40.9
310	48.5
224	56.0
340	31.8
319	36.0
230	38.4
143	40.0
263	69.8
152	-14.7
293
287	Siena	MAAC	32	8–24
4–14	96.7
306	107.7
246	.2244
287	48.2
289	50.9
177	21.7
332	15.6
320	31.4
83	29.0
194	36.4
92	42.1
326	44.7
331	50.1
180	36.7
88	34.9
164	33.5
276	35.3
97	67.3
273	-18.6
335
288	Eastern Kentucky	OVC	29	9–20
5–13	100.5
242	112.1
319	.2226
288	49.8
208	55.3
326	19.1
222	19.1
124	27.1
226	31.9
302	33.4
171	35.0
217	48.2
240	52.9
283	35.1
158	39.8
343	36.4
189	35.9
120	69.4
171	-14.3
287
289	Fairleigh Dickinson	NEC	29	11–18
9–9	100.9
237	112.6
321	.2214
289	49.8
208	51.6
217	19.2
229	19.3
112	30.3
122	35.0
345	30.8
254	35.9
233	49.3
190	50.1
180	33.9
225	36.0
230	33.4
278	38.1
204	71.7
59	-13.0
268
290	UC Riverside	BW	29	7–22
4–12	92.9
338	103.7
161	.2207
290	45.1
338	49.1
76	20.0
275	19.3
112	26.8
240	31.8
300	32.4
204	38.2
274	44.1
341	48.5
109	31.3
330	33.3
80	33.7
271	40.0
263	69.5
167	-16.2
310
291	New Orleans	Slnd	29	13–16
11–7	96.5
309	107.7
250	.2205
291	48.6
273	53.0
272	22.1
342	22.4
8	32.6
58	31.3
285	42.5
11	37.8
265	47.2
280	51.4
237	35.2
154	37.4
292	24.9
349	32.9
40	67.2
278	-10.6
216
292	Tennessee Martin	OVC	29	8–21
5–13	95.3
319	106.5
220	.2182
292	49.8
208	50.7
167	21.6
331	19.0
130	28.5
183	32.0
308	24.1
349	34.1
200	50.7
149	48.9
133	32.2
306	35.1
176	36.1
200	47.1
348	67.4
267	-15.9
305
293	Samford	SC	30	8–22
6–12	106.3
128	118.9
348	.2166
293	54.4
43	57.7
348	19.1
222	18.7
153	24.7
294	34.8
342	30.8
254	28.5
54	53.3
53	58.3
351	37.2
71	38.0
315	42.7
63	43.9
334	71.9
55	-15.3
300
294	Binghamton	AE	29	9–20
2–14	97.1
299	108.8
268	.2137
294	49.7
217	51.6
217	18.3
163	17.0
261	25.9
264	26.7
77	30.0
274	32.4
152	48.1
243	48.2
99	34.8
175	38.7
332	37.7
155	34.7
82	67.4
267	-15.9
306
295	McNeese St.	Slnd	25	8–17
8–10	99.9
248	111.9
315	.2127
295	48.8
264	49.8
117	19.0
218	15.2
329	29.3
156	33.3
329	32.7
198	31.5
130	47.3
277	48.4
103	34.6
187	35.0
170	33.5
276	32.4
30	71.0
85	-12.6
257
296	Little Rock	SB	30	6–24
4–14	93.4
337	104.7
182	.2122
296	47.4
316	50.8
168	21.7
332	19.9
80	28.3
190	31.2
279	32.1
215	40.5
307	47.3
277	49.4
153	31.8
319	35.1
176	35.2
233	43.2
324	66.2
320	-17.9
328
297	Sacramento St.	BSky	30	5–25
4–14	98.2
275	110.1
290	.2115
297	49.0
251	52.7
264	17.9
137	17.5
235	24.1
305	29.5
213	27.8
319	33.4
178	47.7
259	50.9
215	34.6
187	37.2
286	32.1
300	37.2
167	66.9
291	-18.6
334
298	Cleveland St.	Horz	34	11–23
6–12	97.4
296	109.3
275	.2112
298	50.6
181	53.0
272	18.9
213	19.5
104	22.1
331	32.9
325	29.4
287	31.1
121	50.4
160	52.5
275	34.0
219	35.9
223	43.5
50	39.2
236	68.2
231	-16.7
317
299	San Jose St.	MWC	29	3–26
1–17	94.8
326	106.5
218	.2082
299	48.6
273	53.2
278	23.6
349	14.9
333	27.8
204	24.8
32	34.2
150	30.8
114	46.2
310	53.3
291	36.2
106	35.4
197	30.1
318	49.3
351	68.3
224	-18.5
332
300	Central Connecticut	NEC	32	14–18
7–11	97.7
290	110.1
289	.2026
300	51.0
166	51.2
192	21.8
336	16.6
277	31.1
94	28.3
150	32.6
202	30.1
94	51.8
98	48.9
133	32.9
272	36.4
254	34.5
255	40.7
282	65.8
326	-13.7
281
Rk	Team	Conf	G	Rec	AdjOE	AdjDE	Barthag	Efg%	EfgD%	TOR	TORD	ORB	DRB	FTR	FTRD	2P%	2P%D	3P%	3P%D	3PR	3PRD	Adj T.	WAB
301	SIU Edwardsville	OVC	30	9–21
5–13	99.1
263	111.8
312	.1996
301	47.8
303	54.1
297	19.4
244	17.5
235	29.3
156	29.4
210	33.0
189	45.9
344	47.2
280	53.5
296	32.4
299	36.8
268	37.2
168	35.5
102	70.5
108	-15.3
301
302	Dartmouth	Ivy	26	6–20
3–11	97.6
293	110.2
291	.1985
302	51.4
154	54.4
307	20.0
275	18.1
196	23.9
307	27.2
102	32.8
195	25.6
19	49.7
180	55.5
335	36.0
114	35.1
176	37.9
152	40.3
270	67.8
247	-15.4
302
303	Youngstown St.	Horz	30	6–24
6–12	101.3
225	114.5
332	.1967
303	47.6
310	58.7
349	19.4
244	19.4
106	34.7
16	29.9
232	28.4
307	39.8
296	46.5
303	57.4
345	33.2
258	40.8
350	34.1
259	34.8
83	72.3
45	-17.9
326
304	Bethune Cookman	MEAC	30	16–14
12–4	98.1
278	110.9
301	.1966
304	49.5
224	48.6
60	20.3
289	17.6
228	32.9
51	30.5
253	41.2
20	38.2
274	51.0
137	47.6
76	31.2
333	33.6
96	37.1
170	33.4
47	76.9
4	-11.4
233
305	East Carolina	Amer	30	10–20
4–14	95.3
320	107.7
247	.1962
305	48.3
285	51.5
209	20.6
301	17.3
245	27.8
204	32.5
313	28.7
301	31.1
121	49.6
183	50.6
201	30.5
336	35.3
189	34.6
252	35.2
91	70.1
124	-13.4
274
306	Chattanooga	SC	31	8–23
3–15	97.9
283	110.8
300	.1931
306	50.1
200	55.3
326	20.6
301	19.2
121	26.6
245	27.8
133	34.6
135	27.9
45	48.6
220	55.8
338	34.8
175	36.2
241	42.9
61	34.8
83	66.6
312	-17.5
325
307	Sacred Heart	NEC	30	9–21
5–13	95.2
322	107.8
252	.1925
307	48.5
277	50.9
177	21.5
330	14.6
340	32.5
59	22.6
7	30.0
274	33.0
168	50.3
161	50.9
215	29.9
344	33.9
112	33.0
288	40.5
275	69.6
160	-16.9
321
308	Western Carolina	SC	30	11–19
8–10	95.1
323	107.8
255	.1914
308	46.8
325	54.4
307	21.7
332	21.0
37	29.0
164	32.7
317	31.8
224	36.1
235	45.3
321	54.3
318	33.0
267	36.3
246	37.3
164	43.8
331	70.8
96	-11.7
240
309	Marist	MAAC	31	6–25
4–14	98.6
267	111.9
314	.1891
309	52.7
96	52.6
259	21.7
332	14.8
335	22.6
323	29.8
229	35.8
107	29.8
87	53.0
59	50.8
210	34.9
170	36.9
274	46.9
14	39.4
239	70.4
111	-20.1
343
310	St. Francis NY	NEC	29	11–18
10–8	97.7
288	111.0
303	.1882
310	48.7
269	53.2
278	17.7
128	20.9
40	26.2
253	31.9
302	30.4
263	45.1
341	46.4
308	54.1
310	34.6
187	34.1
121	42.2
70	31.7
20	70.3
112	-14.5
292
311	Stetson	ASun	28	8–20
4–10	97.5
295	110.9
302	.1849
311	48.9
259	54.6
313	14.9
13	18.5
164	23.2
318	27.5
114	25.0
340	37.0
256	48.7
216	53.6
299	32.9
272	37.4
292	34.8
249	38.1
204	71.0
85	-16.0
309
312	Grambling St.	SWAC	30	16–14
13–5	93.5
336	106.6
224	.1800
312	45.6
336	49.1
76	21.0
324	20.2
71	32.0
66	30.5
253	40.7
26	42.9
332	44.5
334	50.0
176	32.6
287	31.7
16	25.2
348	36.7
143	72.9
28	-10.0
201
313	Detroit Mercy	Horz	30	6–24
4–14	101.7
218	116.1
341	.1799
313	49.1
246	56.7
342	18.2
155	17.2
248	27.0
232	31.4
290	31.1
243	37.5
262	48.5
224	54.1
310	33.3
251	40.6
348	40.4
94	38.4
216	73.8
18	-18.0
329
314	The Citadel	SC	29	8–21
5–13	100.6
241	115.0
337	.1767
314	49.1
246	56.8
343	18.7
188	19.6
98	27.4
215	33.7
333	32.7
198	30.4
102	47.9
253	57.4
345	33.4
247	37.3
290	53.3
3	43.1
319	78.9
2	-14.9
297
315	Charlotte	CUSA	28	5–23
2–16	97.8
287	111.8
313	.1758
315	48.3
285	54.7
316	20.6
301	17.6
228	26.2
253	28.8
182	38.9
46	31.7
134	46.5
303	54.2
315	34.6
187	37.1
282	34.5
255	35.8
116	72.4
43	-16.9
320
316	Loyola MD	Pat	30	8–22
6–12	95.9
314	109.7
285	.1755
316	47.8
303	54.4
307	18.9
213	18.7
153	29.1
161	26.4
69	33.3
174	40.4
303	48.1
243	54.0
308	31.3
330	36.8
268	27.5
336	36.6
140	69.7
157	-17.3
323
317	Kennesaw St.	ASun	28	8–20
6–8	97.3
298	111.4
308	.1742
317	49.4
231	54.2
300	19.2
229	18.8
145	29.6
141	33.6
331	35.0
129	32.9
165	47.5
265	56.8
343	36.9
82	32.8
47	24.2
351	34.4
73	69.5
167	-14.5
291
318	Savannah St.	MEAC	30	13–17
12–4	99.8
250	114.4
331	.1725
318	48.1
292	56.6
339	16.7
57	20.9
40	26.7
241	35.8
349	29.3
290	30.8
114	51.5
110	58.0
350	30.2
342	36.2
241	55.4
1	37.1
163	83.4
1	-9.6
193
319	North Carolina A&T	MEAC	33	18–15
11–5	97.0
301	111.5
310	.1682
319	51.2
161	51.5
209	19.5
254	18.0
204	27.8
204	28.6
168	37.5
69	31.5
130	54.3
39	52.5
275	30.3
340	33.1
66	35.8
212	34.3
72	70.1
124	-10.3
209
320	American	Pat	30	6–24
3–15	95.9
315	110.3
295	.1669
320	50.7
176	54.8
318	20.4
291	20.4
56	23.8
309	31.4
290	30.4
263	40.7
308	50.7
149	53.6
299	33.8
231	38.3
325	43.9
49	32.6
32	67.6
255	-19.0
337
321	Norfolk St.	MEAC	30	13–17
11–5	94.6
327	108.8
269	.1659
321	49.4
231	50.0
129	21.1
325	20.2
71	31.6
82	29.8
229	31.3
236	43.1
333	46.1
311	47.3
70	37.0
79	35.7
213	34.9
244	43.6
329	70.0
136	-13.0
264
322	North Carolina Central
   16 seed, R68	MEAC	32	16–16
9–7	95.9
316	110.6
298	.1625
322	50.4
190	48.5
55	20.8
312	16.8
271	32.9
51	29.7
224	30.3
269	34.3
205	51.3
123	48.1
90	32.3
301	32.8
47	31.2
314	38.2
210	66.3
318	-12.0
246
323	Jacksonville	ASun	29	11–18
8–6	93.5
335	108.0
258	.1610
323	49.0
251	51.9
228	19.2
229	17.8
217	25.9
264	29.7
224	30.0
274	28.4
50	48.8
208	53.3
291	33.0
267	33.0
59	29.3
326	38.1
204	69.6
160	-13.0
267
324	Houston Christian	Slnd	28	3–25
2–16	99.3
258	114.9
334	.1586
324	46.0
333	56.1
336	18.8
198	18.8
145	34.0
31	31.2
279	35.5
110	38.6
283	44.4
337	54.2
315	32.8
280	39.7
341	34.0
263	35.2
91	74.6
13	-18.8
336
325	Texas A&M Corpus Chris	Slnd	26	8–18
8–10	92.9
339	107.8
256	.1523
325	48.1
292	52.3
244	23.0
346	21.2
30	28.8
170	29.3
207	37.0
76	46.1
345	46.7
294	51.6
242	34.4
199	35.5
203	28.1
332	40.5
275	69.0
191	-14.0
284
Rk	Team	Conf	G	Rec	AdjOE	AdjDE	Barthag	Efg%	EfgD%	TOR	TORD	ORB	DRB	FTR	FTRD	2P%	2P%D	3P%	3P%D	3PR	3PRD	Adj T.	WAB
326	Cal St. Northridge	BW	28	4–24
3–13	96.5
308	112.2
320	.1502
326	47.7
308	52.6
259	18.3
163	16.4
290	23.3
317	32.7
317	28.3
308	32.8
163	45.9
314	51.7
248	34.7
180	36.3
246	30.1
318	31.1
14	67.0
284	-19.3
341
327	Morgan St.	MEAC	30	11–19
7–9	95.7
317	111.3
305	.1498
327	45.6
336	51.9
228	18.7
188	20.5
53	33.5
41	30.7
265	39.3
40	41.7
323	44.8
327	51.9
258	32.0
314	34.6
146	25.3
347	38.6
220	69.9
144	-15.8
304
328	Southern	SWAC	31	13–18
10–8	94.0
332	109.6
280	.1464
328	44.3
344	48.8
63	19.3
238	17.4
240	32.9
51	30.1
242	41.5
17	37.6
263	42.3
346	47.1
62	33.2
258	34.5
139	27.2
341	35.5
102	69.1
185	-13.2
272
329	Cal Poly	BW	29	7–22
4–12	96.6
307	113.1
324	.1396
329	46.6
327	53.2
278	17.4
102	16.3
296	24.7
294	29.6
219	26.7
332	34.6
211	41.5
349	49.8
165	35.8
123	40.1
345	41.5
78	32.6
32	67.4
267	-16.7
318
330	USC Upstate	ASun	28	3–25
2–12	105.1
151	123.1
351	.1395
330	50.1
200	59.5
351	16.1
36	15.0
332	27.0
232	30.8
271	21.6
351	36.1
235	49.3
190	56.7
342	34.1
215	43.1
351	46.2
19	35.5
102	70.1
124	-19.5
342
331	Northern Arizona	BSky	30	4–26
2–16	92.7
340	109.5
278	.1280
331	44.9
340	55.3
326	22.0
340	19.0
130	27.0
232	29.5
213	42.6
10	37.0
256	44.5
334	52.6
280	30.5
336	39.4
337	33.6
274	42.0
306	70.2
117	-19.2
339
332	Maine	AE	30	4–26
3–13	90.8
343	107.4
239	.1256
332	46.0
333	51.4
201	21.8
336	18.1
196	25.5
276	30.7
265	29.2
291	36.7
249	47.1
284	51.3
232	29.6
346	34.4
131	39.1
126	40.1
266	72.2
47	-20.2
344
333	Presbyterian	BSth	29	8–21
4–14	96.9
304	115.1
338	.1212
333	49.0
251	55.3
326	18.8
198	17.8
217	24.9
290	30.0
237	28.0
315	29.3
72	46.8
291	55.5
335	34.6
187	36.7
265	44.5
40	36.9
152	64.6
342	-16.2
311
334	Arkansas Pine Bluff	SWAC	35	14–21
12–6	92.6
341	110.2
292	.1193
334	49.6
219	49.2
80	20.6
301	22.7
6	23.4
315	37.8
351	36.6
85	44.7
339	49.7
180	49.1
140	32.9
272	32.9
54	35.4
225	36.0
123	68.8
202	-16.3
312
335	VMI	SC	28	7–21
4–14	89.4
346	106.8
228	.1150
335	45.7
335	52.1
236	21.4
328	18.8
145	25.4
280	30.3
246	27.7
321	34.2
203	43.7
342	52.1
265	32.3
301	34.6
146	41.3
81	42.6
312	70.1
124	-15.7
303
336	Incarnate Word	Slnd	24	3–21
2–16	95.0
324	114.1
328	.1083
336	47.6
310	52.5
253	23.2
348	17.7
224	26.9
238	35.4
347	41.1
24	33.8
192	45.4
320	50.6
201	34.6
187	37.6
304	32.6
295	33.7
54	70.6
105	-16.4
315
337	Howard	MEAC	31	8–23
7–9	98.0
279	118.0
345	.1056
337	48.8
264	53.4
285	18.0
142	18.8
145	28.9
167	34.9
344	34.5
141	38.3
277	46.7
294	53.7
301	34.9
170	35.3
189	38.5
142	36.1
125	71.4
70	-18.5
333
338	Jackson St.	SWAC	30	10–20
9–9	90.2
345	108.9
270	.1029
338	43.0
350	51.8
226	17.3
94	21.4
26	30.7
110	31.7
297	24.9
341	46.6
346	39.3
351	51.5
240	32.8
280	34.9
164	37.7
155	36.7
143	64.9
340	-16.0
307
339	Bryant	NEC	31	3–28
2–16	98.5
270	119.5
349	.0974
339	47.9
299	57.6
347	18.2
155	17.9
210	26.2
253	34.1
337	27.8
319	33.0
168	45.5
319	55.4
334	34.4
199	40.5
347	40.1
102	40.7
282	71.3
76	-23.0
350
340	Alcorn St.	SWAC	28	7–21
7–11	94.0
331	114.3
330	.0960
340	48.3
285	52.1
236	20.8
312	17.9
210	27.1
226	33.1
327	33.7
164	40.1
299	47.8
256	50.4
195	32.7
284	36.3
246	38.1
148	41.2
291	69.2
181	-16.4
314
341	Longwood	BSth	30	4–26
3–15	89.3
348	109.4
276	.0885
341	46.3
330	52.4
247	23.0
346	17.6
228	22.7
320	30.5
253	35.3
119	34.2
203	45.8
316	53.2
289	31.5
326	34.1
121	39.2
123	41.6
300	70.3
112	-21.2
347
342	Alabama St.	SWAC	31	8–23
8–10	94.5
328	115.9
339	.0875
342	46.5
328	51.9
228	19.9
274	18.3
179	31.9
69	34.7
340	35.2
121	46.6
346	45.2
322	49.4
153	32.8
280	37.7
307	34.7
251	35.2
91	70.2
117	-18.2
331
343	South Carolina St.	MEAC	30	8–22
6–10	95.6
318	118.3
347	.0789
343	46.7
326	56.5
338	18.5
173	18.9
135	29.4
146	32.8
321	35.9
104	33.6
188	45.7
317	57.8
348	32.7
284	36.3
246	31.4
313	38.6
220	71.9
55	-17.3
322
344	Northwestern St.	Slnd	25	2–23
1–17	88.2
349	110.1
288	.0723
344	44.3
344	54.1
297	24.7
351	19.1
124	32.4
61	34.5
338	33.2
176	40.1
299	44.9
326	53.1
285	28.3
350	37.2
286	25.4
346	34.8
83	70.5
108	-18.1
330
345	Florida A&M	MEAC	33	8–25
7–9	94.1
330	117.6
343	.0716
345	47.2
320	53.6
287	19.5
254	18.7
153	27.5
213	36.5
350	32.1
215	36.2
238	44.8
327	54.4
322	35.1
158	34.8
158	31.0
315	34.5
77	68.4
220	-19.0
338
346	Chicago St.	WAC	30	1–29
1–13	94.4
329	118.2
346	.0699
346	44.6
342	59.1
350	20.9
316	18.2
187	25.5
276	34.6
339	31.6
229	41.2
316	43.6
343	57.9
349	31.4
328	40.6
348	29.6
324	39.9
260	73.4
22	-20.2
345
347	Coppin St.	MEAC	32	5–27
5–11	86.1
351	109.7
282	.0581
347	43.3
348	49.2
80	20.5
296	17.9
210	22.3
329	31.9
302	27.1
328	37.6
263	41.0
350	48.3
101	30.5
336	33.7
100	47.6
8	38.6
220	68.7
209	-20.9
346
348	Mississippi Valley St.	SWAC	32	4–28
4–14	89.4
347	114.9
335	.0529
348	42.6
351	54.9
320	19.1
222	19.6
98	30.4
120	31.1
277	29.1
292	39.2
292	41.6
348	54.6
324	30.1
343	36.8
268	28.7
328	41.0
287	69.9
144	-22.4
348
349	Maryland Eastern Shore	MEAC	30	5–25
3–13	91.1
342	117.9
344	.0494
349	43.1
349	54.7
316	19.4
244	16.0
308	28.2
192	34.7
340	29.7
283	31.8
137	44.3
338	54.3
318	27.5
351	36.8
268	38.4
143	40.1
266	66.4
317	-19.2
340
350	Alabama A&M	SWAC	31	3–28
3–15	87.2
350	114.6
333	.0415
350	45.0
339	54.0
295	24.2
350	16.6
277	30.0
130	32.5
313	31.4
234	29.8
87	44.8
327	52.3
269	30.3
340	38.4
328	35.4
225	32.2
26	67.5
262	-22.9
349
351	Delaware St.	MEAC	30	2–28
2–14	90.5
344	120.0
350	.0373
351	47.3
318	55.9
333	22.8
345	18.2
187	29.3
156	33.7
333	28.5
306	35.7
231	46.1
311	53.8
304	33.2
258	38.9
333	33.2
282	45.0
340	66.2
320	-24.0
351