Rk	Team	Conf	G	Rec	AdjOE	AdjDE	Barthag	EFG%	EFGD%	TOR	TORD	ORB	DRB	FTR	FTRD	2P%	2P%D	3P%	3P%D	3PR	3PRD	Adj T.	WAB
1	Virginia
   1 seed, CHAMPS	ACC	32	29–3
16–2	122.6
3	88.7
6	.9762
1	55.7
18	43.5
4	14.7
13	17.8
222	30.0
108	25.9
69	30.3
256	27.9
45	52.2
85	45.5
22	40.9
4	27.2
1	38.7
171	40.9
261	61.0
353	+11.1
2
2	Gonzaga
   1 seed, Elite Eight	WCC	33	30–3
16–0	124.1
1	91.6
12	.9705
2	59.6
1	44.2
8	14.5
11	18.9
144	30.6
99	27.1
122	36.0
88	25.1
14	62.3
1	43.1
5	36.5
67	30.9
25	35.3
262	34.6
43	71.9
48	+7.2
12
3	Duke
   1 seed, Elite Eight	ACC	34	29–5
14–4	119.3
7	88.3
5	.9694
3	53.4
59	44.6
9	17.7
118	19.8
88	36.1
12	29.7
243	34.6
136	24.0
7	58.3
4	44.9
19	30.2
338	29.3
7	37.6
197	34.7
47	74.0
16	+11.2
1
4	Michigan
   2 seed, Sweet Sixteen	B10	34	28–6
15–5	115.3
16	86.2
1	.9656
4	52.1
106	44.1
7	13.5
1	18.3
182	24.5
287	25.5
53	27.0
311	24.9
11	51.8
102	44.5
12	35.0
137	28.9
5	40.2
132	29.1
3	65.8
324	+9.2
6
5	North Carolina
   1 seed, Sweet Sixteen	ACC	33	27–6
16–2	119.2
8	91.2
10	.9559
5	52.9
77	48.3
61	17.1
74	18.5
166	34.6
21	23.2
12	30.9
241	28.9
74	51.9
96	47.5
65	36.5
67	32.9
80	35.9
249	42.5
297	76.3
4	+10.0
4
6	Michigan St.
   2 seed, Final Four	B10	34	28–6
16–4	120.0
5	92.0
14	.9553
6	55.8
16	43.7
5	18.7
185	14.9
342	34.1
24	26.8
111	35.0
113	27.7
41	54.8
30	41.3
2	38.4
17	31.8
42	37.8
191	37.0
120	69.2
156	+10.6
3
7	Texas Tech
   3 seed, Finals	B12	32	26–6
14–4	112.1
35	86.3
2	.9527
7	53.7
54	42.8
2	18.2
148	23.0
11	28.6
168	28.6
197	33.5
171	37.6
283	52.9
66	41.3
2	36.8
56	30.1
16	35.5
256	39.7
224	67.6
241	+7.0
13
8	Tennessee
   2 seed, Sweet Sixteen	SEC	33	28–5
15–3	122.9
2	95.0
31	.9505
8	55.3
20	47.4
35	15.9
25	18.2
186	31.6
74	30.3
265	33.4
175	34.4
222	55.7
18	44.6
13	36.2
84	34.4
174	31.8
327	39.8
225	68.8
182	+9.8
5
9	Kentucky
   2 seed, Elite Eight	SEC	33	27–6
15–3	116.9
12	91.7
13	.9423
9	53.3
64	47.0
27	18.5
170	18.4
178	36.6
9	25.8
67	42.5
8	27.1
32	52.7
70	43.6
8	36.4
74	35.0
209	29.8
340	38.3
169	67.2
268	+8.8
7
10	Purdue
   3 seed, Elite Eight	B10	32	23–9
16–4	121.0
4	95.6
41	.9377
10	52.7
88	49.5
116	15.9
25	19.5
105	35.0
17	26.6
101	29.4
277	32.7
174	51.2
127	47.9
76	36.4
74	34.4
174	44.5
39	43.0
306	67.0
279	+6.1
17
11	Houston
   3 seed, Sweet Sixteen	Amer	34	31–3
16–2	114.1
21	90.9
8	.9315
11	52.1
106	42.4
1	16.8
62	18.2
186	34.7
20	26.2
79	31.9
214	37.6
283	50.8
147	43.1
5	35.9
95	27.6
2	42.9
72	41.1
270	67.4
255	+7.9
9
12	Virginia Tech
   4 seed, Sweet Sixteen	ACC	32	24–8
12–6	118.0
11	94.3
29	.9299
12	56.4
8	48.9
90	17.5
105	21.7
25	29.8
114	27.4
142	31.4
227	26.4
22	54.2
42	48.0
79	39.4
8	33.2
102	45.0
37	50.1
351	65.0
334	+5.0
20
13	Auburn
   5 seed, Final Four	SEC	34	25–9
11–7	119.4
6	95.9
46	.9254
13	54.2
39	51.8
220	17.5
105	25.3
1	32.7
47	32.9
325	31.0
239	36.6
267	51.3
118	50.4
189	38.1
26	35.6
244	49.6
8	44.1
325	69.3
151	+6.1
16
14	Iowa St.
   6 seed, R64	B12	34	23–11
9–9	118.2
10	96.1
48	.9149
14	54.9
26	48.5
70	16.2
33	18.8
151	28.5
171	30.0
255	30.3
256	23.6
3	55.0
26	47.1
54	36.5
67	33.8
136	39.6
146	39.3
205	69.0
168	+4.3
22
15	Wisconsin
   5 seed, R64	B10	33	23–10
14–6	108.9
65	88.8
7	.9126
15	51.5
130	44.8
10	14.4
7	17.2
254	24.0
303	26.5
93	27.5
308	25.9
20	49.8
197	43.7
9	36.6
63	31.2
27	34.1
292	35.1
56	64.8
340	+6.2
15
16	Kansas
   4 seed, R32	B12	34	25–9
12–6	112.5
30	92.2
16	.9079
16	52.3
101	47.8
43	18.7
185	18.5
166	29.7
118	28.3
176	32.9
186	27.7
41	52.2
85	45.9
25	35.0
137	33.6
124	35.0
269	41.4
275	71.4
67	+8.3
8
17	LSU
   3 seed, Sweet Sixteen	SEC	32	26–6
16–2	118.3
9	97.1
65	.9064
17	51.7
125	50.2
148	18.2
148	20.7
56	37.3
5	30.4
267	37.7
52	34.2
218	53.4
56	49.7
148	32.3
274	34.1
156	34.3
286	39.1
190	71.2
70	+7.3
11
18	Louisville
   7 seed, R64	ACC	33	20–13
10–8	112.9
26	92.7
17	.9061
18	50.9
166	46.4
20	17.8
122	16.3
305	29.2
138	25.8
67	35.1
108	31.6
139	50.6
158	45.7
23	34.2
179	31.7
38	43.7
54	36.9
115	68.7
188	+2.3
32
19	Kansas St.
   4 seed, R64	B12	33	25–8
14–4	106.5
113	87.5
4	.9053
19	49.5
229	48.1
51	17.4
96	22.9
12	28.1
187	25.6
58	30.7
245	30.5
113	49.0
224	49.1
127	33.6
212	31.2
27	38.2
184	42.8
300	64.7
341	+6.6
14
20	Florida St.
   4 seed, Sweet Sixteen	ACC	34	27–7
13–5	111.3
40	92.1
15	.8986
20	50.7
172	47.3
32	19.2
222	20.3
68	33.1
40	26.9
112	36.3
79	36.1
257	51.0
136	46.2
30	33.6
212	32.6
70	38.3
179	38.8
187	69.9
123	+7.7
10
21	Mississippi St.
   5 seed, R64	SEC	33	23–10
10–8	116.4
13	96.6
57	.8948
21	54.6
29	50.1
145	19.3
228	19.7
97	34.9
18	29.8
244	32.3
204	31.7
145	53.3
58	48.5
101	37.8
33	35.3
224	39.0
158	36.2
96	68.7
188	+4.6
21
22	Florida
   10 seed, R32	SEC	34	19–15
9–9	109.8
55	91.4
11	.8922
22	49.9
210	48.4
65	18.0
136	22.6
15	31.1
85	31.7
300	30.4
254	33.6
203	49.8
197	48.6
105	33.5
220	32.0
49	43.4
64	38.0
159	64.2
345	+0.6
47
23	Maryland
   6 seed, R32	B10	32	22–10
13–7	112.5
31	93.8
25	.8892
23	51.9
118	46.0
17	19.8
258	14.3
352	33.9
26	24.7
31	32.9
186	26.6
25	51.3
118	44.7
15	35.3
118	32.0
49	37.0
216	39.4
209	67.6
241	+4.2
24
24	VCU
   8 seed, R64	A10	32	25–7
16–2	104.0
161	86.9
3	.8867
24	50.6
175	43.0
3	20.1
282	23.5
6	31.0
87	30.6
270	36.0
88	37.2
279	53.7
50	43.8
10	30.7
330	27.6
2	41.1
105	33.4
25	69.7
133	+1.4
40
25	Cincinnati
   7 seed, R64	Amer	34	28–6
14–4	112.1
34	93.9
26	.8847
25	49.0
254	48.1
51	16.1
28	20.9
49	37.6
4	29.4
227	38.1
45	30.5
113	47.3
278	44.7
15	35.0
137	35.1
214	33.1
310	42.8
300	64.9
336	+5.9
18
Rk	Team	Conf	G	Rec	AdjOE	AdjDE	Barthag	Efg%	EfgD%	TOR	TORD	ORB	DRB	FTR	FTRD	2P%	2P%D	3P%	3P%D	3PR	3PRD	Adj T.	WAB
26	Texas	B12	33	17–16
8–10	113.2
23	95.2
34	.8803
26	50.9
166	49.5
116	16.5
46	19.0
138	28.9
155	30.2
261	30.0
265	29.8
91	50.5
161	46.6
39	34.3
173	36.5
281	44.0
47	36.4
102	65.9
322	-0.5
59
27	Buffalo
   6 seed, R32	MAC	33	30–3
16–2	113.2
24	95.2
33	.8802
27	53.4
59	47.2
29	15.6
19	20.4
65	31.6
74	26.7
105	32.2
206	31.5
136	55.8
15	48.8
114	33.6
212	29.7
12	43.9
49	36.1
93	75.3
8	+5.7
19
28	Clemson	ACC	33	20–13
9–9	107.9
88	91.2
9	.8743
28	51.3
142	47.5
37	19.8
258	19.6
102	27.8
195	24.4
20	32.8
188	30.4
111	52.1
91	44.2
11	33.2
229	35.0
209	35.9
249	39.5
212	67.3
259	+0.14
50
29	UCF
   9 seed, R32	Amer	31	23–8
13–5	111.1
43	93.9
27	.8742
29	52.7
88	45.5
12	17.5
105	18.3
182	29.6
125	29.5
235	46.4
2	29.6
84	52.5
74	44.6
13	35.4
113	31.3
32	36.1
244	38.3
169	66.4
302	+2.2
34
30	Wofford
   7 seed, R32	SC	30	26–4
18–0	115.8
15	97.9
75	.8737
30	57.8
4	50.2
148	16.2
33	19.3
117	32.3
55	24.6
27	27.7
303	31.8
148	54.3
41	50.9
213	41.6
2	32.7
74	43.5
59	40.2
237	67.1
276	+4.2
23
31	Nevada
   7 seed, R64	MWC	33	29–4
15–3	112.9
27	95.5
38	.8723
31	54.1
44	47.6
39	14.4
7	19.2
125	26.5
235	24.7
31	40.7
21	27.6
39	55.1
24	46.0
26	35.1
132	33.4
115	42.8
76	40.0
231	70.7
89	+4.1
25
32	Oklahoma
   9 seed, R32	B12	32	19–13
7–11	108.9
66	92.8
18	.8631
32	50.2
194	47.1
28	17.4
96	17.5
238	26.2
242	27.9
164	31.4
227	24.1
8	49.6
201	45.0
21	34.2
179	33.3
106	33.2
306	41.0
265	70.4
99	+2.5
31
33	Saint Mary's
   11 seed, R64	WCC	33	22–11
11–5	114.2
20	97.3
69	.8629
33	54.0
48	48.6
75	16.3
37	16.4
301	31.3
82	23.2
12	29.7
271	29.4
79	52.5
74	49.1
127	37.8
33	31.8
42	35.0
269	31.4
9	64.0
347	-0.6
60
34	Marquette
   5 seed, R64	BE	33	24–9
12–6	112.2
33	95.7
42	.8624
34	54.1
44	45.9
16	19.5
242	16.6
290	29.1
144	26.2
79	35.9
91	35.7
245	50.5
161	44.8
18	39.3
9	31.9
46	41.7
98	35.7
74	70.4
99	+2.8
29
35	Mississippi
   8 seed, R64	SEC	32	20–12
10–8	113.1
25	96.6
55	.8597
35	53.0
73	50.6
162	18.2
148	21.0
45	30.4
102	29.5
235	31.7
221	33.2
190	52.6
71	47.8
74	35.8
98	37.2
311	39.5
147	34.9
52	69.6
136	+1.0
43
36	Syracuse
   8 seed, R64	ACC	33	20–13
10–8	109.4
58	93.5
22	.8594
36	49.5
229	47.5
37	18.4
160	23.2
10	30.1
105	33.3
334	36.8
72	34.8
227	49.5
205	46.5
37	33.0
239	32.3
60	42.8
76	47.6
344	67.4
255	+0.5
48
37	Nebraska	B10	34	18–16
6–14	112.6
29	96.4
50	.8565
37	49.2
242	47.8
43	14.4
7	19.5
105	28.3
180	32.2
313	33.3
178	29.6
84	48.6
237	46.4
33	33.4
222	33.7
133	37.7
195	33.8
30	67.9
229	-0.06
53
38	Villanova
   6 seed, R32	BE	34	25–9
13–5	115.1
17	98.7
86	.8547
38	53.4
59	49.9
133	17.0
69	18.1
196	30.8
91	27.3
139	35.3
105	28.6
61	53.9
46	49.7
148	35.3
118	33.5
118	53.5
3	39.3
205	65.1
332	+3.7
26
39	TCU	B12	34	21–13
7–11	110.6
47	95.1
32	.8510
39	52.5
97	48.5
70	19.4
235	18.8
151	31.4
81	28.8
207	32.0
210	27.9
45	52.6
71	50.2
180	34.9
147	30.4
21	37.3
208	35.8
81	70.2
110	+1.1
42
40	Utah St.
   8 seed, R64	MWC	33	27–6
15–3	111.2
42	95.9
44	.8459
40	54.3
37	46.2
19	17.9
128	17.2
254	31.7
71	22.2
4	36.7
76	34.1
215	54.7
32	42.1
4	35.7
102	34.8
199	38.0
188	40.1
233	69.3
151	+2.2
33
41	Penn St.	B10	32	14–18
7–13	108.4
75	93.5
23	.8458
41	47.5
304	49.9
133	18.1
146	19.6
102	31.9
62	26.3
86	32.3
204	34.1
215	47.2
281	48.4
93	32.0
288	35.4
233	36.5
233	33.3
22	68.8
182	-2.8
84
42	N.C. State	ACC	34	23–11
9–9	111.8
37	96.5
51	.8448
42	52.0
112	48.8
86	17.5
105	21.7
25	35.7
14	28.5
191	28.5
290	39.4
317	51.6
107	50.6
197	35.1
132	30.2
19	35.9
249	34.1
35	72.9
28	+1.9
37
43	Iowa
   10 seed, R32	B10	33	22–11
10–10	116.4
14	100.5
117	.8440
43	52.6
92	51.6
207	17.2
78	18.5
166	29.9
110	29.0
220	42.3
12	28.8
70	51.5
109	53.4
295	36.1
89	32.6
70	39.0
158	41.4
275	70.9
80	+3.2
28
44	Ohio St.
   11 seed, R32	B10	33	19–14
8–12	108.3
80	94.1
28	.8350
44	50.5
177	48.2
55	18.7
185	18.4
178	27.7
200	26.1
76	34.0
154	31.8
148	49.9
193	47.4
63	34.3
173	33.0
89	39.7
145	37.4
136	67.2
268	+0.9
46
45	Oregon
   12 seed, Sweet Sixteen	P12	35	23–12
10–8	106.4
116	92.9
19	.8269
45	51.7
125	46.8
24	17.8
122	21.0
45	29.7
118	28.1
169	30.3
256	35.3
239	51.9
96	49.0
123	34.3
173	29.4
10	39.3
152	45.2
333	65.3
329	-1.0
64
46	Baylor
   9 seed, R32	B12	32	19–13
10–8	112.0
36	98.1
77	.8217
46	50.9
166	48.6
75	19.9
264	18.5
166	38.1
2	28.8
207	32.6
193	36.5
264	50.9
143	47.1
54	34.0
193	34.1
156	40.4
125	37.8
157	66.6
293	+0.9
44
47	Creighton	BE	32	18–14
9–9	112.8
28	99.3
100	.8121
47	56.6
7	52.9
276	18.5
170	19.0
138	24.5
287	27.2
132	29.1
280	28.1
50	55.7
18	53.0
284	38.5
16	35.2
220	46.8
17	39.6
218	70.0
118	-2.2
76
48	Washington
   9 seed, R32	P12	34	26–8
15–3	106.0
127	93.4
21	.8101
48	52.1
106	47.3
32	19.8
258	24.0
4	29.6
125	34.4
343	35.1
108	34.5
224	52.3
81	46.0
26	34.6
159	33.1
97	39.8
144	35.3
61	67.2
268	+3.3
27
49	Minnesota
   10 seed, R32	B10	34	21–13
9–11	109.5
57	96.6
53	.8096
49	48.3
282	49.1
102	17.6
113	16.6
290	31.9
62	28.1
169	42.0
16	28.3
52	48.4
242	48.3
90	32.1
284	33.9
143	28.8
347	33.7
27	68.9
173	+2.7
30
50	Indiana	B10	33	18–15
8–12	108.2
82	95.6
40	.8057
50	51.4
136	48.4
65	18.0
136	18.1
196	28.4
174	28.3
176	34.8
124	28.6
61	53.6
53	47.7
70	31.3
308	33.0
89	33.6
299	37.5
142	68.4
205	-0.00
52
Rk	Team	Conf	G	Rec	AdjOE	AdjDE	Barthag	Efg%	EfgD%	TOR	TORD	ORB	DRB	FTR	FTRD	2P%	2P%D	3P%	3P%D	3PR	3PRD	Adj T.	WAB
51	New Mexico St.
   12 seed, R64	WAC	32	28–4
15–1	111.6
39	98.8
90	.8016
51	54.0
48	48.7
78	17.7
118	19.3
117	37.2
6	22.6
6	34.1
151	32.4
161	56.6
9	48.0
79	34.1
186	33.1
97	46.4
19	39.1
190	66.9
284	+1.6
38
52	Lipscomb	ASun	31	24–7
14–2	109.3
60	97.3
67	.7929
52	55.1
22	48.3
61	17.9
128	20.2
73	26.2
242	23.4
14	37.2
62	28.6
61	54.2
42	48.0
79	37.7
36	32.4
65	39.1
155	37.7
151	74.3
14	-0.29
57
53	Arkansas	SEC	33	18–15
8–10	108.9
67	96.9
61	.7928
53	51.3
142	49.4
113	18.4
160	22.6
15	28.5
171	35.1
349	38.4
41	41.5
331	50.9
143	48.9
121	34.6
159	33.5
118	37.2
211	42.0
287	71.9
48	-2.2
77
54	Memphis	Amer	35	22–13
11–7	108.7
69	96.8
59	.7925
54	51.1
156	48.4
65	19.8
258	21.4
32	33.9
26	30.9
276	37.8
51	37.7
285	52.5
74	48.4
93	32.4
267	32.3
60	36.2
241	39.5
212	75.6
7	-1.3
67
55	Alabama	SEC	34	18–16
8–10	108.4
73	96.5
52	.7921
55	50.3
189	48.9
90	19.5
242	16.9
271	31.5
78	28.0
166	38.0
48	29.6
84	49.9
193	48.5
101	34.0
193	33.3
106	36.9
221	32.7
14	69.9
123	-0.13
54
56	Belmont
   11 seed, R64	OVC	31	26–5
16–2	113.5
22	101.1
129	.7914
56	57.9
3	48.7
78	15.4
18	16.3
305	25.2
270	24.6
27	28.4
292	27.4
37	59.6
2	47.1
54	37.2
47	34.6
186	43.8
50	34.5
42	72.4
34	+1.4
39
57	Murray St.
   12 seed, R32	OVC	29	25–4
16–2	110.5
48	98.5
83	.7897
57	55.2
21	46.4
20	17.2
78	19.5
105	32.4
52	30.0
255	33.2
182	28.4
56	57.2
5	48.4
93	34.4
168	28.5
4	36.9
221	35.4
65	70.0
118	+1.3
41
58	Missouri	SEC	32	15–17
5–13	106.8
106	95.3
35	.7885
58	50.5
177	49.4
113	21.0
313	18.1
196	31.9
62	25.7
63	29.8
268	38.1
294	47.6
267	50.6
197	36.3
81	31.9
46	41.2
103	40.7
257	65.9
322	-3.1
92
59	Dayton	A10	33	21–12
13–5	111.0
44	99.1
97	.7872
59	56.1
10	47.9
46	18.8
194	16.8
277	26.9
224	27.4
142	32.1
208	23.8
5	59.5
3	47.7
70	33.2
229	32.1
55	34.5
281	40.5
246	66.1
316	-2.1
75
60	Arizona St.
   11 seed, R64	P12	33	23–10
12–6	108.6
72	97.2
66	.7811
60	50.8
170	48.2
55	18.8
194	19.0
138	32.1
60	26.6
101	44.2
3	38.4
297	50.5
161	46.8
44	34.2
179	33.3
106	35.5
256	43.5
316	71.8
50	+0.23
49
61	Temple
   11 seed, R68	Amer	33	23–10
13–5	109.0
62	97.6
72	.7805
61	49.9
210	50.6
162	15.7
22	20.6
59	26.9
224	29.2
223	32.5
196	33.9
209	50.1
185	51.5
234	33.0
239	32.9
80	37.4
205	38.3
169	70.1
114	+2.0
36
62	San Francisco	WCC	30	20–10
9–7	111.2
41	99.8
107	.7774
62	53.5
57	48.9
90	15.1
15	17.2
254	28.9
155	25.0
42	30.9
241	30.6
117	53.8
48	49.3
137	35.4
113	32.0
49	39.0
158	33.3
22	67.7
237	-2.5
80
63	Toledo	MAC	32	24–8
13–5	108.9
63	98.0
76	.7716
63	53.2
67	46.8
24	17.4
96	15.4
328	28.1
187	25.7
63	26.1
320	26.8
26	50.4
170	46.6
39	38.0
27	31.5
34	42.9
72	34.9
52	69.0
168	+0.08
51
64	Seton Hall
   10 seed, R64	BE	33	20–13
9–9	107.8
90	97.0
62	.7712
64	49.9
210	49.3
110	17.5
105	20.0
83	29.3
132	29.4
227	34.8
124	32.6
170	50.8
147	48.7
109	32.4
267	33.6
124	36.4
237	39.8
225	70.3
106	-0.29
56
65	South Carolina	SEC	31	15–16
11–7	107.5
97	97.0
63	.7654
65	48.3
282	49.5
116	19.2
222	20.3
68	31.8
66	31.1
283	36.2
84	39.6
318	44.9
336	48.2
86	36.5
67	34.2
163	34.6
277	39.8
225	71.7
54	-2.1
73
66	Miami FL	ACC	32	14–18
5–13	109.4
59	98.9
91	.7620
66	50.8
170	52.0
232	16.9
68	19.8
88	25.9
250	29.8
244	30.8
243	22.7
2	51.4
113	51.7
246	33.3
225	34.9
206	43.5
59	39.4
209	68.2
216	-5.0
123
67	Furman	SC	30	22–8
13–5	107.0
104	96.7
58	.7616
67	55.4
19	47.9
46	18.4
160	20.1
78	28.7
164	30.0
255	24.9
334	24.2
9	56.7
8	48.6
105	36.0
91	31.2
27	47.0
16	38.9
188	67.8
233	-0.26
55
68	Butler	BE	33	16–17
7–11	111.0
46	100.4
116	.7587
68	52.1
106	52.7
267	16.1
28	18.9
144	25.7
257	27.6
152	25.2
330	36.3
262	51.4
113	52.2
262	35.3
118	35.7
250	42.8
76	39.4
209	67.2
268	-4.2
113
69	Illinois	B10	33	12–21
7–13	109.1
61	99.0
95	.7530
69	49.6
223	52.2
245	18.4
160	21.8
23	29.1
144	31.9
305	29.5
275	42.4
337	48.2
249	53.6
303	34.5
165	33.0
89	37.5
201	35.4
65	71.8
50	-5.6
133
70	Wichita St.	Amer	34	20–14
10–8	106.3
120	96.6
56	.7498
70	46.9
320	48.4
65	17.2
78	17.9
214	33.0
42	27.3
139	28.9
283	39.2
312	47.2
281	47.1
54	31.0
319	33.6
124	38.8
169	37.4
136	69.2
156	-2.8
86
71	Colorado	P12	34	22–12
10–8	106.0
126	96.6
54	.7449
71	51.3
142	48.7
78	19.0
209	17.6
230	31.2
84	23.5
15	37.2
62	31.4
134	52.6
71	49.4
139	32.6
254	31.6
36	35.0
269	37.4
136	69.2
156	-3.4
97
72	Xavier	BE	34	19–15
9–9	110.0
54	100.3
115	.7429
72	52.8
80	50.7
166	19.7
255	16.3
305	32.4
52	27.1
122	32.5
196	24.5
10	54.6
35	49.1
127	33.2
229	35.3
224	37.8
191	42.4
296	66.5
298	-2.8
85
73	Providence	BE	34	18–16
7–11	104.4
152	95.5
39	.7354
73	48.0
290	49.7
130	18.7
185	20.2
73	31.8
66	28.3
176	39.1
35	32.8
177	47.5
273	48.8
114	32.6
254	34.1
156	35.0
269	37.4
136	69.1
163	-3.3
95
74	Vermont
   13 seed, R64	AE	32	26–6
14–2	107.2
101	98.1
79	.7348
74	52.4
98	49.0
96	16.6
51	19.4
112	27.5
205	21.8
2	36.3
79	26.2
21	52.0
94	46.5
37	35.3
118	35.3
224	40.4
125	38.2
165	66.7
291	-0.8
63
75	Northwestern	B10	32	13–19
4–16	101.8
206	93.2
20	.7345
75	46.6
327	46.7
22	16.1
28	17.9
214	24.2
298	26.3
86	30.2
260	34.0
212	46.4
309	48.0
79	31.3
308	29.3
7	40.7
117	32.0
10	67.2
268	-5.7
136
Rk	Team	Conf	G	Rec	AdjOE	AdjDE	Barthag	Efg%	EfgD%	TOR	TORD	ORB	DRB	FTR	FTRD	2P%	2P%D	3P%	3P%D	3PR	3PRD	Adj T.	WAB
76	Liberty
   12 seed, R32	ASun	31	25–6
14–2	108.7
70	99.7
105	.7300
76	56.1
10	48.7
78	17.2
78	20.8
53	25.7
257	26.5
93	26.0
322	32.4
161	56.9
6	48.4
93	36.6
63	32.9
80	42.0
93	37.1
124	63.2
351	-0.43
58
77	St. John's
   11 seed, R68	BE	34	21–13
8–10	108.3
81	99.5
103	.7257
77	51.9
118	50.7
166	14.3
6	21.2
38	21.8
337	29.4
227	29.5
275	39.7
320	50.7
151	50.3
184	35.8
98	34.2
163	38.5
175	42.2
291	72.3
39	-1.1
65
78	Fresno St.	MWC	31	22–9
13–5	107.2
103	98.6
84	.7244
78	54.5
31	48.5
70	18.2
148	19.5
105	27.4
207	25.4
51	30.2
260	35.0
232	51.9
96	50.2
180	38.2
22	30.7
23	47.9
11	41.0
265	69.0
168	-1.8
71
79	UC Irvine
   13 seed, R32	BW	34	29–5
15–1	105.5
133	97.0
64	.7234
79	51.4
136	43.7
5	17.1
74	16.7
282	33.6
31	26.4
90	28.6
287	33.8
208	50.3
178	40.7
1	36.0
91	33.3
106	32.0
324	32.7
14	66.5
298	+0.9
45
80	West Virginia	B12	35	15–20
4–14	108.3
78	99.8
108	.7208
80	47.4
305	51.8
220	21.5
321	18.6
159	36.7
8	28.3
176	39.2
32	38.8
303	47.5
273	50.8
206	31.6
302	35.7
250	38.9
166	36.1
93	71.7
54	-3.7
102
81	Oklahoma St.	B12	32	12–20
5–13	108.3
79	99.9
110	.7182
81	50.1
199	50.3
158	18.0
136	17.6
230	26.4
236	29.4
227	30.6
247	31.5
136	46.0
318	48.3
90	37.2
47	35.4
233	41.9
95	42.3
294	67.3
259	-4.1
109
82	Rutgers	B10	31	14–17
7–13	104.1
159	96.2
49	.7116
82	47.0
316	49.2
107	19.1
218	17.4
245	33.4
34	27.0
117	31.7
221	32.4
161	47.2
281	47.0
51	31.2
312	35.3
224	33.2
306	38.1
162	68.9
173	-3.5
100
83	Yale
   14 seed, R64	Ivy	28	21–7
10–4	110.1
52	102.0
142	.7073
83	56.1
10	47.2
29	18.1
146	15.2
334	26.3
239	24.4
20	30.5
250	30.6
117	56.1
14	47.5
65	37.4
43	31.2
27	34.6
277	38.2
165	72.2
41	-0.7
62
84	South Dakota St.	Sum	32	23–9
14–2	111.6
38	103.4
172	.7070
84	58.5
2	50.2
148	16.3
37	15.6
323	23.9
304	22.7
7	31.9
214	23.7
4	56.2
12	48.8
114	41.2
3	34.5
179	41.3
102	48.1
347	72.2
41	-3.3
94
85	Arizona	P12	32	17–15
8–10	104.5
151	96.8
60	.7062
85	49.0
254	50.9
177	16.7
57	20.3
68	28.4
174	25.9
69	33.3
178	35.0
232	48.1
250	51.9
253	33.6
212	32.9
80	37.6
197	36.9
115	68.0
225	-4.1
108
86	USC	P12	33	16–17
8–10	108.4
74	100.5
118	.7046
86	52.8
80	49.1
102	16.5
46	18.1
196	27.0
220	29.9
250	27.6
306	30.0
97	50.3
178	48.4
93	38.2
22	33.4
115	36.0
245	38.7
183	71.0
75	-6.9
155
87	SMU	Amer	32	15–17
6–12	112.3
32	104.2
190	.7028
87	51.2
148	50.0
139	16.6
51	17.5
238	33.4
34	31.6
296	27.8
301	29.5
82	51.3
118	48.2
86	34.1
186	35.1
214	41.0
108	41.1
270	66.3
304	-6.3
143
88	Texas A&M	SEC	32	14–18
6–12	106.4
117	98.8
87	.7017
88	49.3
237	49.3
110	20.0
275	18.5
166	32.7
47	32.5
318	34.2
148	27.0
30	51.0
136	49.1
127	30.8
327	33.1
97	36.0
245	42.8
300	68.8
182	-4.4
115
89	Davidson	A10	33	23–10
14–4	106.9
105	99.3
101	.6987
89	53.1
71	48.3
61	16.7
57	16.7
282	23.3
316	24.8
36	28.3
293	30.0
97	52.8
68	47.3
60	35.6
103	33.0
89	46.4
19	43.8
320	66.2
314	-0.7
61
90	Notre Dame	ACC	33	14–19
3–15	107.5
96	100.0
112	.6968
90	46.2
328	49.0
96	14.0
5	16.4
301	29.0
150	31.1
283	30.1
263	21.8
1	45.4
328	48.6
105	31.5
304	33.1
97	43.7
54	36.7
108	66.6
293	-5.6
135
91	Connecticut	Amer	33	16–17
6–12	108.1
83	100.6
120	.6961
91	51.0
160	49.6
123	18.5
170	20.0
83	32.3
55	30.2
261	32.7
192	39.2
312	50.7
151	49.2
133	34.4
168	33.5
118	37.4
205	33.7
27	70.3
106	-5.6
134
92	UCLA	P12	33	17–16
9–9	108.1
84	100.7
122	.6919
92	52.0
112	49.6
123	19.0
209	15.1
338	30.8
91	27.1
122	38.2
43	27.6
39	51.4
113	47.9
76	35.5
112	34.7
193	35.8
254	41.4
275	73.8
18	-5.1
124
93	Oregon St.	P12	31	18–13
10–8	110.3
50	103.0
162	.6863
93	52.2
104	50.2
148	18.3
155	17.6
230	30.8
91	29.0
220	36.8
72	33.5
198	54.5
37	46.7
42	32.1
284	37.3
313	36.6
229	37.4
136	67.0
279	-3.8
103
94	Northeastern
   13 seed, R64	CAA	33	23–10
14–4	110.0
53	102.8
157	.6858
94	57.2
5	51.8
220	16.7
57	16.7
282	22.7
328	24.3
19	34.3
143	28.0
48	56.4
10	52.5
272	38.8
13	33.6
124	46.3
22	35.9
86	67.7
237	-2.6
82
95	BYU	WCC	32	19–13
11–5	110.4
49	103.2
167	.6856
95	52.8
80	50.7
166	15.3
16	17.6
230	23.7
307	27.0
117	40.0
25	35.4
241	54.7
32	48.3
90	33.0
239	36.6
289	36.4
237	36.6
106	72.4
34	-2.9
88
96	San Diego	WCC	35	20–15
7–9	104.9
144	98.1
78	.6838
96	52.4
98	49.6
123	18.8
194	17.5
238	24.1
301	22.0
3	32.4
200	37.3
281	52.4
79	49.7
148	34.8
151	32.9
80	40.2
132	32.3
11	67.9
229	-3.5
99
97	East Tennessee St.	SC	32	22–10
13–5	107.8
89	100.9
124	.6821
97	54.6
29	52.6
258	20.0
275	20.5
61	37.0
7	23.9
17	30.0
265	30.5
113	55.0
26	48.5
101	35.9
95	39.1
348	37.2
211	40.7
257	68.4
205	-1.3
68
98	UNC Greensboro	SC	33	27–6
15–3	104.8
145	98.1
80	.6809
98	51.4
136	50.7
166	17.3
87	22.4
18	31.7
71	29.5
235	30.6
247	32.3
159	51.3
118	49.7
148	34.4
168	35.0
209	37.1
215	38.2
165	68.9
173	+2.1
35
99	Utah	P12	31	17–14
11–7	114.5
19	107.3
254	.6789
99	55.0
24	52.3
248	19.2
222	14.7
345	31.0
87	27.1
122	35.5
101	32.5
168	54.6
35	51.7
246	37.0
50	35.6
244	46.5
18	36.4
102	67.4
255	-4.1
110
100	Northern Kentucky
   14 seed, R64	Horz	32	24–8
13–5	108.4
77	101.6
135	.6774
100	55.0
24	48.9
90	17.6
113	18.5
166	30.7
96	26.5
93	35.5
101	35.2
235	55.3
23	49.5
141	36.4
74	31.9
46	41.5
99	39.2
198	69.6
136	-2.0
72
Rk	Team	Conf	G	Rec	AdjOE	AdjDE	Barthag	Efg%	EfgD%	TOR	TORD	ORB	DRB	FTR	FTRD	2P%	2P%D	3P%	3P%D	3PR	3PRD	Adj T.	WAB
101	Hofstra	CAA	34	26–8
15–3	114.7
18	107.5
257	.6771
101	55.9
13	52.1
235	13.8
4	18.3
182	26.8
227	29.9
250	37.7
52	25.0
12	54.5
37	51.5
234	38.7
14	35.3
224	38.8
169	37.0
120	69.1
163	-1.7
70
102	Penn	Ivy	30	18–12
7–7	103.9
163	97.5
71	.6753
102	52.6
92	49.1
102	18.4
160	19.0
138	24.8
280	26.3
86	28.1
299	25.5
17	52.9
66	48.7
109	34.7
156	33.3
106	44.3
44	32.5
12	68.6
200	-4.9
121
103	Georgetown	BE	33	19–14
9–9	108.0
86	101.4
133	.6736
103	51.0
160	50.2
148	17.9
128	16.3
305	29.1
144	26.2
79	38.2
43	30.3
107	49.6
201	49.6
146	35.6
103	34.0
148	37.5
201	40.6
252	73.6
19	-2.3
78
104	Loyola Chicago	MVC	33	19–14
12–6	103.8
166	97.7
73	.6683
104	55.1
22	51.1
183	18.8
194	20.5
61	19.9
348	21.7
1	32.0
210	23.9
6	55.0
26	48.7
109	36.7
61	36.6
289	33.5
302	38.5
180	64.1
346	-7.0
157
105	Georgia Southern	SB	31	19–12
12–6	107.3
100	101.0
127	.6675
105	54.3
37	51.4
200	18.6
181	20.0
83	27.4
207	28.7
203	35.0
113	31.3
130	56.8
7	51.7
246	32.4
267	34.0
148	31.2
331	38.5
180	74.7
13	-4.6
118
106	Georgia St.
   14 seed, R64	SB	32	23–9
13–5	107.6
94	101.3
132	.6669
106	54.4
32	50.1
145	16.6
51	21.1
42	23.3
316	33.6
337	35.7
96	31.3
130	51.8
102	50.5
193	38.4
17	33.0
89	43.7
54	45.7
338	71.2
70	-1.1
66
107	Pittsburgh	ACC	33	14–19
3–15	103.3
177	97.4
70	.6630
107	47.9
296	47.7
41	19.6
248	21.3
35	32.1
60	32.8
324	42.3
12	32.9
181	46.9
292	45.8
24	33.1
234	33.6
124	36.9
221	40.6
252	68.7
188	-6.3
142
108	Saint Louis
   13 seed, R64	A10	35	23–12
10–8	101.1
221	95.4
36	.6615
108	46.8
322	46.9
26	19.0
209	19.4
112	36.1
12	25.3
48	39.7
28	32.9
181	47.1
286	46.9
49	30.8
327	31.3
32	32.6
320	38.0
159	67.6
241	-3.0
89
109	DePaul	BE	31	16–15
7–11	110.3
51	104.0
186	.6612
109	52.7
88	52.8
273	19.2
222	17.6
230	33.0
42	24.6
27	34.9
119	31.3
130	52.8
68	51.2
222	34.9
147	36.6
289	32.9
316	43.0
306	70.8
85	-5.1
125
110	Drake	MVC	31	22–9
12–6	107.2
102	101.3
131	.6571
110	53.9
50	48.7
78	19.2
222	16.7
282	24.6
283	26.0
73	33.4
175	29.2
77	53.7
50	50.7
203	36.0
91	30.1
16	40.0
138	36.0
87	70.4
99	-2.7
83
111	South Florida	Amer	32	19–13
8–10	101.5
211	95.9
45	.6566
111	48.6
267	48.8
86	22.7
337	22.2
20	36.5
10	26.5
93	51.4
1	44.6
346	48.4
242	48.7
109	32.6
254	32.7
74	38.1
186	37.6
147	68.7
188	-4.3
114
112	Akron	MAC	31	15–16
8–10	99.0
259	93.6
24	.6560
112	48.2
286	45.5
12	17.3
87	19.1
131	25.1
272	29.9
250	27.7
303	30.6
117	48.8
229	46.1
28	31.7
296	29.6
11	47.6
14	38.0
159	67.5
250	-7.9
169
113	Wright St.	Horz	33	19–14
13–5	106.6
111	100.8
123	.6553
113	51.0
160	53.1
288	17.3
87	20.1
78	30.8
91	25.9
69	35.1
108	28.6
61	50.4
170	52.1
259	34.6
159	36.5
281	40.1
137	38.3
169	66.6
293	-6.4
145
114	Grand Canyon	WAC	33	19–14
10–6	106.3
118	100.6
119	.6552
114	51.4
136	49.9
133	17.3
87	19.3
117	29.0
150	25.7
63	33.7
166	29.7
88	52.5
74	48.4
93	33.1
234	35.2
220	39.0
158	35.2
60	69.1
163	-5.4
130
115	Tulsa	Amer	32	18–14
8–10	104.7
148	99.1
98	.6517
115	51.2
148	48.1
51	18.0
136	17.6
230	23.0
324	29.4
227	43.4
4	30.3
107	51.3
118	47.3
60	34.0
193	32.8
77	37.6
197	43.9
322	70.0
118	-3.4
98
116	Bowling Green	MAC	32	20–12
12–6	106.8
108	101.5
134	.6427
116	50.5
177	50.8
172	16.6
51	17.8
222	30.7
96	24.8
36	34.9
119	31.1
127	48.8
229	50.0
169	35.8
98	34.6
186	36.0
245	43.3
311	71.5
65	-4.0
107
117	St. Bonaventure	A10	34	18–16
12–6	100.8
228	95.8
43	.6422
117	48.3
282	47.2
29	18.7
185	19.8
88	29.2
138	28.7
203	28.2
296	31.5
136	47.9
254	46.2
30	32.8
248	32.3
60	33.2
306	43.0
306	65.6
327	-8.0
174
118	Harvard	Ivy	29	18–11
10–4	104.2
157	99.0
96	.6422
118	53.2
67	50.4
160	22.5
333	17.8
222	28.4
174	22.4
5	31.6
226	33.5
198	52.2
85	49.7
148	36.4
74	34.4
174	42.4
84	38.3
169	68.5
202	-3.3
96
119	Old Dominion
   14 seed, R64	CUSA	34	26–8
13–5	100.4
238	95.5
37	.6403
119	47.7
301	45.6
14	17.9
128	18.6
159	32.3
55	24.8
36	29.6
273	32.4
161	44.5
340	43.5
7	35.3
118	32.5
66	37.3
208	40.1
233	66.0
318	-1.6
69
120	Boise St.	MWC	32	12–20
7–11	107.6
93	102.4
149	.6395
120	53.9
50	51.8
220	17.3
87	18.5
166	23.5
311	24.4
20	31.8
218	33.6
203	54.7
32	52.0
255	35.2
126	34.3
171	40.0
138	40.5
246	66.7
291	-11.7
238
121	San Diego St.	MWC	33	20–13
11–7	103.4
176	98.4
82	.6377
121	49.9
210	48.2
55	18.3
155	18.8
151	28.9
155	28.4
187	35.2
106	33.3
193	47.9
254	47.2
59	35.6
103	33.0
89	37.2
211	41.9
284	67.8
233	-3.9
106
122	Georgia Tech	ACC	32	14–18
6–12	99.5
255	94.7
30	.6359
122	49.2
242	45.7
15	21.0
313	18.7
155	25.3
268	31.6
296	34.3
143	34.8
227	50.7
151	46.3
32	30.7
330	29.7
12	33.4
303	37.7
151	68.4
205	-4.8
120
123	Southern Miss	CUSA	29	17–12
11–7	105.9
128	100.9
125	.6343
123	53.1
71	49.0
96	15.7
22	19.4
112	22.9
325	28.1
169	24.0
345	29.8
91	50.0
189	47.0
51	39.1
11	34.2
163	37.0
216	47.4
343	66.0
318	-4.5
117
124	Georgia	SEC	32	11–21
2–16	105.0
143	100.1
113	.6336
124	50.1
199	48.5
70	22.5
333	15.5
327	32.7
47	31.0
279	41.3
17	29.9
94	51.1
130	47.8
74	32.2
280	33.2
102	37.0
216	35.8
81	70.0
118	-7.4
163
125	Austin Peay	OVC	31	20–11
13–5	109.6
56	104.7
200	.6287
125	52.9
77	52.5
254	16.6
51	20.8
53	32.3
55	30.0
255	34.7
133	34.2
218	51.1
130	53.5
298	37.5
41	34.0
148	34.1
292	37.5
142	70.3
106	-4.7
119
Rk	Team	Conf	G	Rec	AdjOE	AdjDE	Barthag	Efg%	EfgD%	TOR	TORD	ORB	DRB	FTR	FTRD	2P%	2P%D	3P%	3P%D	3PR	3PRD	Adj T.	WAB
126	Boston College	ACC	31	14–17
5–13	106.3
119	101.7
136	.6245
126	48.5
274	48.4
65	17.5
105	16.6
290	28.6
168	31.5
291	35.0
113	29.4
79	49.1
222	48.8
114	31.7
296	32.0
49	38.0
188	40.5
246	68.7
188	-5.3
128
127	Jacksonville St.	OVC	31	22–9
15–3	103.1
181	98.7
85	.6238
127	50.5
177	48.7
78	18.8
194	20.4
65	33.0
42	25.6
58	30.2
260	30.1
102	52.3
81	47.7
70	31.0
319	33.3
106	30.5
335	41.4
275	68.9
173	-3.0
91
128	Utah Valley	WAC	32	23–9
12–4	107.4
99	102.8
155	.6228
128	55.9
13	49.1
102	19.9
264	16.5
299	27.8
195	26.4
90	41.2
18	30.0
97	54.5
37	47.5
65	38.7
14	34.7
193	38.4
177	35.7
74	69.8
126	-2.1
74
129	Western Kentucky	CUSA	34	20–14
11–7	104.2
158	99.8
106	.6220
129	49.9
210	48.9
90	19.6
248	18.5
166	29.6
125	28.1
169	37.9
49	25.6
18	50.2
182	47.0
51	32.7
250	34.5
179	31.8
327	40.8
259	69.2
156	-5.3
129
130	Texas St.	SB	31	22–9
12–6	101.1
219	97.3
68	.6106
130	50.0
206	48.2
55	19.6
248	21.0
45	32.9
45	24.6
27	34.5
139	38.8
303	50.7
151	48.8
114	32.5
262	31.5
34	38.3
179	39.9
229	66.3
304	-3.1
93
131	Charleston	CAA	32	23–9
12–6	106.5
112	102.6
153	.6053
131	54.2
39	52.1
235	15.6
19	19.1
131	25.6
261	25.9
69	33.5
171	26.4
22	56.3
11	53.7
310	33.7
208	33.3
106	36.6
229	42.9
303	66.9
284	-2.9
87
132	Ball St.	MAC	32	15–17
6–12	102.4
192	98.8
88	.6022
132	51.8
122	47.3
32	20.2
286	17.9
214	27.5
205	28.6
197	37.6
56	30.4
111	53.5
55	46.8
44	32.2
280	32.1
55	32.9
316	34.7
47	71.5
65	-8.4
178
133	Rhode Island	A10	33	18–15
9–9	102.9
184	99.3
99	.6020
133	47.4
305	48.7
78	17.8
122	20.2
73	31.3
82	27.9
164	36.8
72	35.7
245	50.0
189	48.8
114	28.0
350	32.3
60	32.1
323	37.7
151	69.0
168	-6.5
150
134	Loyola Marymount	WCC	30	19–11
8–8	102.3
195	98.9
92	.5969
134	49.3
237	49.6
123	19.3
228	21.3
35	29.4
129	27.0
117	38.1
45	36.0
253	50.4
170	50.1
175	31.1
315	32.6
70	27.9
350	42.2
291	64.0
347	-3.8
105
135	Montana
   15 seed, R64	BSky	32	24–8
16–4	106.7
109	103.2
168	.5960
135	56.7
6	50.0
139	17.4
96	19.3
117	27.7
200	25.0
42	32.0
210	37.0
277	56.2
12	49.0
123	38.3
19	34.6
186	38.3
179	36.2
96	67.6
241	-3.0
90
136	Stanford	P12	31	15–16
8–10	101.5
209	98.3
81	.5896
136	51.2
148	47.9
46	20.8
308	17.2
254	29.9
110	28.3
176	36.1
87	32.9
181	53.2
62	46.4
33	31.7
296	34.5
179	36.6
229	27.3
1	71.0
75	-5.7
137
137	Central Michigan	MAC	32	20–12
10–8	108.9
64	105.6
225	.5883
137	51.4
136	50.1
145	16.2
33	18.7
155	31.0
87	33.1
333	40.0
25	28.8
70	48.9
226	53.6
303	36.9
54	29.3
7	37.8
191	35.7
74	72.4
34	-3.8
104
138	Radford	BSth	30	19–11
12–4	107.6
92	104.5
196	.5833
138	52.8
80	51.9
228	16.4
42	18.1
196	29.7
118	24.9
40	27.0
311	30.7
124	50.1
185	51.7
246	38.0
27	34.7
193	38.1
186	45.1
332	65.8
324	-4.2
112
139	Kent St.	MAC	30	20–10
11–7	108.8
68	105.7
227	.5820
139	49.5
229	52.3
248	16.4
42	19.1
131	33.2
38	30.7
271	32.4
200	36.2
260	49.2
216	53.1
287	33.4
222	34.0
148	38.9
166	37.5
142	68.9
173	-2.5
81
140	Louisiana Monroe	SB	32	17–15
9–9	111.0
45	108.0
268	.5785
140	53.8
53	52.9
276	16.2
33	17.4
245	26.7
229	28.7
203	36.4
78	29.1
75	49.3
210	52.6
273	39.6
7	35.6
244	44.5
39	39.6
218	67.5
250	-7.2
158
141	Colgate
   15 seed, R64	Pat	33	23–10
13–5	108.4
76	105.5
221	.5770
141	55.9
13	50.6
162	19.3
228	18.0
208	30.3
103	26.9
112	28.9
283	28.6
61	53.9
46	50.4
189	39.1
11	33.9
143	41.0
108	40.9
261	68.1
222	-4.1
111
142	Brown	Ivy	29	18–11
7–7	98.5
271	96.1
47	.5704
142	50.2
194	47.7
41	20.0
275	21.1
42	24.5
287	27.1
122	36.9
70	31.6
139	50.1
185	50.0
169	33.7
208	29.7
12	40.5
121	41.4
275	72.5
32	-5.5
132
143	Samford	SC	32	16–16
6–12	105.5
132	103.0
160	.5695
143	54.1
44	49.6
123	19.3
228	18.1
196	28.1
187	31.2
287	33.9
155	28.3
52	53.0
65	47.3
60	37.3
46	35.1
214	35.1
267	44.0
323	70.4
99	-8.6
185
144	UTSA	CUSA	28	14–14
11–7	104.5
149	102.4
150	.5582
144	49.5
229	49.5
116	16.4
42	18.1
196	26.1
244	28.4
187	26.2
318	35.6
244	48.0
253	50.0
169	34.3
173	32.5
66	41.8
97	39.2
198	73.3
22	-7.6
165
145	Miami OH	MAC	30	13–17
7–11	104.2
156	102.4
148	.5506
145	48.6
267	51.1
183	18.7
185	16.7
282	30.0
108	25.3
48	34.7
133	33.9
209	48.7
235	51.3
226	32.3
274	33.9
143	45.9
25	40.9
261	67.5
250	-8.5
182
146	Northern Illinois	MAC	32	15–17
8–10	107.4
98	105.5
223	.5500
146	52.6
92	51.9
228	17.2
78	17.9
214	27.2
214	26.7
105	26.5
315	39.1
309	51.6
107	50.0
169	36.5
67	36.1
272	32.3
322	45.5
336	67.3
259	-8.7
186
147	Louisiana Tech	CUSA	31	18–13
9–9	103.8
165	102.2
144	.5462
147	49.8
217	49.3
110	17.0
69	19.2
125	29.4
129	28.8
207	35.9
91	30.2
103	49.3
210	49.1
127	33.7
208	33.0
89	39.5
147	39.2
198	67.0
279	-6.8
152
148	Pepperdine	WCC	33	15–18
6–10	106.5
115	105.0
209	.5402
148	52.0
112	53.9
316	18.0
136	20.9
49	24.9
278	29.5
235	35.7
96	35.7
245	48.4
242	54.9
331	37.9
31	34.8
199	42.2
88	39.2
198	71.6
62	-9.5
203
149	North Texas	CUSA	30	18–12
8–10	99.0
260	97.8
74	.5364
149	49.2
242	47.4
35	20.1
282	19.8
88	30.7
96	24.4
20	27.7
303	37.7
285	50.5
161	46.4
33	31.7
296	32.8
77	43.1
69	37.1
124	66.9
284	-6.9
153
150	Abilene Christian
   15 seed, R64	Slnd	29	23–6
14–4	102.2
199	101.0
126	.5352
150	52.4
98	49.6
123	17.4
96	23.4
9	27.7
200	27.8
159	34.5
139	38.4
297	49.8
197	49.2
133	38.3
19	33.5
118	34.2
290	33.4
25	66.9
284	-2.5
79
Rk	Team	Conf	G	Rec	AdjOE	AdjDE	Barthag	Efg%	EfgD%	TOR	TORD	ORB	DRB	FTR	FTRD	2P%	2P%D	3P%	3P%D	3PR	3PRD	Adj T.	WAB
151	Coastal Carolina	SB	30	14–16
9–9	104.4
153	103.1
166	.5342
151	51.0
160	50.7
166	20.1
282	18.0
208	32.5
50	27.8
159	41.0
19	42.8
339	48.6
237	52.3
265	36.5
67	32.5
66	38.4
177	45.5
336	70.7
89	-9.7
205
152	Vanderbilt	SEC	32	9–23
0–18	101.4
212	100.3
114	.5316
152	48.6
267	49.5
116	20.5
298	16.4
301	29.0
150	29.3
225	40.6
22	33.3
193	50.0
189	48.0
79	31.1
315	34.9
206	42.2
88	35.6
70	68.7
188	-9.1
195
153	UAB	CUSA	33	18–15
10–8	105.6
130	104.7
199	.5248
153	50.4
184	49.4
113	16.8
62	17.9
214	30.6
99	26.2
79	31.8
218	31.6
139	51.3
118	48.1
84	32.6
254	33.9
143	34.4
283	44.7
328	66.5
298	-7.2
159
154	UT Arlington	SB	32	16–16
12–6	99.6
250	99.0
94	.5194
154	47.0
316	48.0
49	20.3
291	18.1
196	31.0
87	28.0
166	34.5
139	38.0
290	47.9
254	50.0
169	30.5
333	29.9
15	40.6
118	37.9
158	67.7
237	-7.3
161
155	Bucknell	Pat	33	21–12
13–5	104.3
155	103.9
181	.5117
155	53.0
73	49.2
107	17.3
87	16.6
290	25.8
253	27.6
152	33.9
155	32.4
161	53.3
58	48.8
114	35.1
132	33.3
106	45.9
25	34.6
43	72.0
46	-5.3
127
156	Seattle	WAC	31	16–15
6–10	101.0
223	100.7
121	.5098
156	49.1
246	46.7
22	17.5
105	15.8
318	29.3
132	26.5
93	34.3
143	38.5
299	46.1
316	44.9
19	36.8
56	33.6
124	33.3
305	33.3
22	68.6
200	-8.7
187
157	Wake Forest	ACC	31	11–20
4–14	103.8
167	103.7
177	.5045
157	44.8
342	53.3
294	19.4
235	16.1
315	33.9
26	27.3
139	37.6
56	35.2
235	44.1
344	54.7
327	30.8
327	34.1
156	35.3
262	40.3
242	68.8
182	-7.4
164
158	Richmond	A10	33	13–20
6–12	107.6
95	107.6
259	.5004
158	54.1
44	53.1
288	15.3
16	18.5
166	19.1
350	29.9
250	30.7
245	28.7
68	55.5
21	54.0
316	34.7
156	34.4
174	40.2
132	38.1
162	67.2
268	-13.2
273
159	Florida Atlantic	CUSA	29	14–15
8–10	98.7
267	98.8
89	.4982
159	47.9
296	48.0
49	20.7
303	18.1
196	29.0
150	25.2
47	28.6
287	32.1
157	47.3
278	47.9
76	32.5
262	32.1
55	45.3
34	40.6
252	68.9
173	-8.8
192
160	Lehigh	Pat	31	20–11
12–6	107.9
87	108.0
267	.4979
160	56.4
8	50.2
148	18.5
170	15.6
323	23.5
311	27.5
150	34.9
119	30.5
113	51.9
96	49.9
159	42.4
1	33.8
136	38.2
184	42.5
297	73.0
26	-5.2
126
161	Duquesne	A10	32	19–13
10–8	103.4
175	103.7
178	.4942
161	49.9
210	49.9
133	19.8
258	21.6
28	31.9
62	35.1
349	35.0
113	31.9
151	51.1
130	49.5
141	32.2
280	33.8
136	44.4
42	34.6
43	71.1
73	-6.5
148
162	George Mason	A10	33	18–15
11–7	102.8
186	103.0
163	.4937
162	50.1
199	50.2
148	18.9
204	18.2
186	29.0
150	27.2
132	34.2
148	30.6
117	50.5
161	51.6
242	33.0
239	32.0
49	34.3
286	39.1
190	69.3
151	-6.6
151
163	Louisiana	SB	30	17–13
10–8	106.1
124	106.4
238	.4918
163	50.9
166	53.2
292	17.4
96	20.0
83	29.1
144	31.9
305	35.1
108	36.9
273	50.5
161	52.3
265	34.2
179	36.6
289	40.4
125	35.7
74	73.3
22	-6.2
141
164	Saint Joseph's	A10	33	14–19
6–12	105.1
140	105.4
219	.4917
164	48.0
290	51.7
214	13.5
1	15.7
320	22.0
336	24.4
20	31.7
221	27.1
32	47.8
258	49.9
159	32.2
280	36.0
266	44.7
38	44.1
325	69.9
123	-10.3
213
165	Sam Houston St.	Slnd	30	18–12
16–2	104.8
146	105.2
212	.4891
165	51.8
122	51.2
190	18.3
155	21.2
38	29.7
118	28.6
197	26.0
322	43.3
341	48.6
237	51.4
231	37.5
41	34.0
148	42.3
86	39.1
190	67.6
241	-6.5
149
166	UNLV	MWC	31	17–14
11–7	104.8
147	105.3
217	.4847
166	49.5
229	51.0
178	18.6
181	17.6
230	35.5
15	27.7
156	34.9
119	31.6
139	48.8
229	49.7
148	33.7
208	35.7
250	40.2
132	34.1
35	68.9
173	-7.3
162
167	Southern Illinois	MVC	32	17–15
10–8	101.9
204	102.5
151	.4831
167	52.8
80	49.6
123	21.0
313	19.1
131	28.8
161	29.2
223	32.0
210	25.6
18	51.2
127	47.6
68	37.4
43	35.1
214	33.1
310	39.6
218	67.1
276	-8.0
173
168	Princeton	Ivy	26	14–12
8–6	98.3
272	98.9
93	.4822
168	47.0
316	49.7
130	17.8
122	17.2
254	24.3
294	24.7
31	29.8
268	28.7
68	48.1
250	50.3
184	30.3
335	32.5
66	40.5
121	36.3
98	68.8
182	-5.4
131
169	Eastern Michigan	MAC	28	11–17
9–9	101.5
210	102.2
145	.4806
169	48.5
274	50.8
172	20.8
308	20.1
78	34.3
22	34.9
348	33.9
155	32.0
153	50.5
161	50.4
189	29.9
340	34.2
163	34.9
275	41.2
274	64.3
344	-7.9
171
170	Northern Colorado	BSky	30	19–11
15–5	102.7
187	103.5
175	.4774
170	53.0
73	51.4
200	18.4
160	18.6
159	27.7
200	25.6
58	34.8
124	28.4
56	53.6
53	49.5
141	34.9
147	37.1
308	45.4
33	31.2
6	67.5
250	-6.5
147
171	Purdue Fort Wayne	Sum	30	15–15
9–7	106.8
107	107.7
263	.4765
171	55.8
16	54.0
317	16.8
62	17.1
262	23.1
321	28.6
197	26.9
314	25.0
12	55.8
15	52.0
255	37.2
47	38.0
328	45.7
29	39.2
198	73.0
26	-9.3
199
172	North Florida	ASun	31	14–17
9–7	103.0
183	103.9
183	.4739
172	52.1
106	48.1
51	21.8
324	16.9
271	29.4
129	32.7
322	25.3
328	30.6
117	53.2
62	47.4
63	33.9
199	33.2
102	45.3
34	29.0
2	73.3
22	-7.8
168
173	Marshall	CUSA	34	20–14
11–7	106.1
123	107.1
251	.4732
173	51.9
118	52.9
276	16.3
37	21.5
29	22.9
325	33.4
335	30.0
265	33.4
196	51.9
96	52.3
265	34.6
159	36.1
272	45.3
34	35.1
56	76.0
5	-6.2
140
174	Oakland	Horz	32	15–17
11–7	107.7
91	108.9
281	.4684
174	54.2
39	53.0
281	18.5
170	17.2
254	25.7
257	32.5
318	35.7
96	28.0
48	52.2
85	53.2
288	37.9
31	35.2
220	43.6
57	36.7
108	69.8
126	-10.1
210
175	Bradley
   15 seed, R64	MVC	33	19–14
9–9	100.0
245	101.1
130	.4676
175	49.7
221	47.6
39	18.9
204	18.6
159	27.1
216	26.7
105	36.3
79	35.3
239	46.7
296	46.4
33	36.8
56	33.0
89	35.2
264	39.6
218	66.3
304	-7.6
166
Rk	Team	Conf	G	Rec	AdjOE	AdjDE	Barthag	Efg%	EfgD%	TOR	TORD	ORB	DRB	FTR	FTRD	2P%	2P%D	3P%	3P%D	3PR	3PRD	Adj T.	WAB
176	Missouri St.	MVC	31	15–16
10–8	101.8
205	103.1
164	.4658
176	51.2
148	53.5
298	18.2
148	21.8
23	25.4
267	25.3
48	36.9
70	35.0
232	51.4
113	49.4
139	33.9
199	40.3
352	37.2
211	36.8
111	67.3
259	-9.7
204
177	Nebraska Omaha	Sum	31	20–11
13–3	108.7
71	110.0
297	.4648
177	54.4
32	55.0
333	13.5
1	16.8
277	24.8
280	25.6
58	24.1
344	27.1
32	51.8
102	55.2
335	39.3
9	36.5
281	36.3
239	43.2
310	69.3
151	-4.4
116
178	Illinois Chicago	Horz	30	14–16
10–8	100.7
230	101.9
140	.4644
178	53.3
64	48.3
61	20.0
275	17.6
230	24.9
278	30.4
267	27.8
301	42.0
334	54.1
45	46.8
44	34.9
147	33.8
136	45.6
31	37.7
151	71.7
54	-9.8
207
179	Northern Iowa	MVC	32	14–18
9–9	100.5
236	101.9
139	.4603
179	48.9
260	51.1
183	17.9
128	18.2
186	23.2
319	23.1
10	27.6
306	32.4
161	46.2
314	51.0
215	35.0
137	34.2
163	42.8
76	37.7
151	65.5
328	-10.8
220
180	Stony Brook	AE	32	23–9
12–4	98.0
275	99.5
102	.4578
180	48.1
287	46.0
17	20.7
303	18.6
159	33.2
38	26.1
76	35.4
103	36.2
260	47.7
263	46.6
39	32.6
254	30.1
16	36.9
221	42.0
287	70.8
85	-3.6
101
181	American	Pat	30	15–15
9–9	101.6
208	103.1
165	.4576
181	53.2
67	48.2
55	18.7
185	17.7
227	26.1
244	27.4
142	35.8
94	34.8
227	55.6
20	50.0
169	32.5
262	29.2
6	35.5
256	30.4
4	68.0
225	-11.1
226
182	Winthrop	BSth	27	15–12
10–6	105.5
131	107.2
252	.4538
182	54.2
39	51.3
196	20.2
286	15.4
328	28.7
164	25.5
53	30.4
254	30.3
107	53.3
58	51.6
242	36.7
61	33.8
136	52.7
5	39.5
212	74.2
15	-6.3
144
183	Gardner Webb
   16 seed, R64	BSth	31	20–11
10–6	105.5
134	107.2
253	.4530
183	54.8
27	50.2
148	16.8
62	18.1
196	22.6
329	31.0
279	39.2
32	27.7
41	53.8
48	49.9
159	37.7
36	33.8
136	37.3
208	45.0
331	68.5
202	-4.9
122
184	Colorado St.	MWC	31	11–20
7–11	106.7
110	108.5
273	.4522
184	54.4
32	53.1
288	17.0
69	16.2
312	23.9
304	27.1
122	31.9
214	29.5
82	55.5
21	53.5
298	35.2
126	35.0
209	39.4
150	41.1
270	68.3
210	-12.7
259
185	Charleston Southern	BSth	28	13–15
9–7	100.0
243	101.8
138	.4495
185	50.0
206	51.4
200	17.9
128	21.3
35	29.3
132	28.1
169	27.4
309	30.9
125	47.5
273	49.7
148	35.6
103	35.8
255	43.2
68	42.2
291	70.4
99	-9.1
196
186	Ohio	MAC	30	13–17
6–12	97.8
280	99.7
104	.4460
186	48.6
267	50.8
172	20.0
275	18.5
166	28.2
183	27.4
142	33.2
182	31.2
128	50.7
151	48.9
121	29.7
343	35.9
261	34.6
277	39.5
212	70.8
85	-8.5
180
187	Presbyterian	BSth	31	16–15
9–7	108.0
85	110.1
301	.4455
187	53.5
57	53.7
306	14.4
7	18.4
178	25.6
261	27.7
156	31.1
235	33.5
198	50.4
170	53.6
303	38.0
27	35.9
261	47.2
15	42.0
287	68.8
182	-9.5
202
188	UC Santa Barbara	BW	30	20–10
10–6	103.6
173	105.8
231	.4404
188	50.3
189	49.7
130	16.8
62	16.6
290	33.1
40	26.2
79	39.5
30	32.4
161	49.4
208	50.8
206	34.8
151	31.8
42	32.7
318	35.5
68	65.7
326	-5.8
138
189	New Mexico	MWC	31	13–18
7–11	103.0
182	105.3
216	.4382
189	49.5
229	51.6
207	19.4
235	18.3
182	29.3
132	28.6
197	39.3
31	37.1
278	47.8
258	50.8
206	34.4
168	35.5
238	43.8
50	34.1
35	73.9
17	-10.1
209
190	IU Indy	Horz	31	14–17
8–10	102.4
190	104.8
203	.4341
190	50.2
194	52.6
258	19.6
248	19.6
102	34.3
22	27.8
159	35.2
106	33.2
190	50.5
161	50.6
197	33.0
239	37.0
305	35.4
260	39.3
205	70.4
99	-10.2
212
191	Cal Baptist	WAC	27	12–15
7–9	105.1
139	107.7
262	.4316
191	51.2
148	48.8
86	18.0
136	15.1
338	28.8
161	28.9
213	32.4
200	39.6
318	50.4
170	46.9
49	34.8
151	35.4
233	42.9
72	30.7
5	69.2
156	-8.8
189
192	Mercer	SC	29	9–20
6–12	102.4
191	104.9
206	.4315
192	51.0
160	52.7
267	19.3
228	20.1
78	28.8
161	32.3
314	35.7
96	34.7
226	51.2
127	53.4
295	33.8
204	34.6
186	37.9
190	46.6
341	68.2
216	-12.0
244
193	Campbell	BSth	30	17–13
12–4	106.5
114	109.1
286	.4301
193	52.8
80	54.6
327	14.8
14	19.5
105	23.7
307	28.9
213	31.2
232	36.0
253	54.8
30	53.6
303	33.8
204	37.3
313	48.3
9	41.9
284	67.0
279	-7.2
160
194	Santa Clara	WCC	30	15–15
8–8	100.3
240	102.8
154	.4299
194	51.6
128	49.1
102	20.5
298	16.3
305	24.1
301	28.3
176	33.9
155	35.2
235	49.8
197	49.9
159	36.2
84	31.8
42	40.2
132	34.7
47	67.6
241	-7.0
156
195	Green Bay	Horz	32	16–16
10–8	103.6
171	106.2
235	.4284
195	51.2
148	53.0
281	16.7
57	19.0
138	25.0
277	30.8
273	35.0
113	32.6
170	51.0
136	52.3
265	34.3
173	36.0
266	36.8
226	40.2
237	75.3
8	-8.2
175
196	Appalachian St.	SB	29	8–21
6–12	105.6
129	108.4
269	.4275
196	51.4
136	53.8
312	17.8
122	17.4
245	25.9
250	29.8
244	37.0
69	34.1
215	51.3
118	52.8
281	34.4
168	37.3
313	41.9
95	33.8
30	72.7
30	-13.7
281
197	NJIT	ASun	33	21–12
8–8	100.2
241	102.8
158	.4255
197	51.2
148	49.0
96	17.4
96	17.9
214	21.8
337	26.7
105	39.2
32	29.8
91	50.2
182	48.5
101	35.2
126	33.2
102	37.4
205	37.6
147	68.0
225	-6.0
139
198	North Dakota St.
   16 seed, R64	Sum	32	17–15
9–7	106.3
121	109.3
288	.4198
198	53.9
50	53.5
298	15.7
22	14.6
347	20.9
344	26.0
73	32.5
196	26.5
24	52.4
79	52.6
273	37.0
50	36.8
298	47.9
11	35.8
81	66.3
304	-8.4
179
199	Indiana St.	MVC	29	13–16
7–11	101.1
220	104.0
184	.4185
199	48.6
267	51.5
205	18.6
181	19.4
112	23.7
307	27.2
132	35.8
94	38.0
290	46.7
296	52.1
259	35.6
103	33.7
133	28.6
349	36.4
102	70.1
114	-9.3
198
200	UT Rio Grande Valley	WAC	34	18–16
9–7	97.1
293	100.0
111	.4164
200	46.2
328	50.0
139	18.0
136	24.3
3	26.4
236	32.5
318	43.2
5	43.7
343	45.9
319	49.9
159	31.4
306	33.5
118	29.6
341	35.1
56	71.4
67	-7.9
172
Rk	Team	Conf	G	Rec	AdjOE	AdjDE	Barthag	Efg%	EfgD%	TOR	TORD	ORB	DRB	FTR	FTRD	2P%	2P%D	3P%	3P%D	3PR	3PRD	Adj T.	WAB
201	Dartmouth	Ivy	28	9–19
2–12	103.6
174	106.8
244	.4139
201	51.8
122	53.0
281	17.6
113	16.0
316	23.9
304	24.8
36	24.8
335	27.9
45	50.6
158	54.6
325	35.8
98	33.1
97	39.9
143	33.8
30	67.5
250	-12.7
257
202	Hampton	BSth	28	12–16
9–7	105.5
135	108.8
279	.4117
202	49.1
246	51.7
214	14.5
11	16.6
290	28.2
183	27.4
142	34.7
133	37.7
285	47.8
258	51.4
231	34.0
193	34.8
199	39.0
158	40.1
233	72.3
39	-11.2
228
203	Hawaii	BW	29	16–13
9–7	102.2
198	105.5
222	.4101
203	52.3
101	50.8
172	17.6
113	17.4
245	26.9
224	24.7
31	31.2
232	32.9
181	52.2
85	50.3
184	35.0
137	34.5
179	42.8
76	34.4
40	67.3
259	-8.5
181
204	Illinois St.	MVC	32	16–16
9–9	100.7
229	104.1
189	.4066
204	49.1
246	51.3
196	18.4
160	18.2
186	26.0
248	26.1
76	28.6
287	32.8
177	49.1
222	51.5
234	32.7
250	34.0
148	38.5
175	40.5
246	68.1
222	-8.8
188
205	La Salle	A10	31	10–21
8–10	99.6
252	102.9
159	.4065
205	47.2
311	51.3
196	20.2
286	19.8
88	28.9
155	28.9
213	28.5
290	41.3
329	45.3
330	51.2
222	33.1
234	34.2
163	43.5
59	33.2
19	70.7
89	-13.1
270
206	Washington St.	P12	32	11–21
4–14	105.4
137	109.0
284	.4039
206	52.8
80	54.7
329	19.2
222	17.1
262	25.2
270	29.5
235	30.3
256	28.4
56	51.5
109	54.9
331	36.4
74	36.2
276	44.5
39	41.7
281	71.6
62	-12.1
247
207	Rider	MAAC	31	16–15
11–7	100.8
227	104.3
192	.4036
207	50.6
175	53.7
306	18.0
136	22.8
14	30.8
91	27.4
142	39.9
27	36.0
253	50.4
170	53.6
303	34.0
193	35.9
261	34.4
283	43.4
313	75.2
10	-9.8
206
208	Hartford	AE	32	17–15
10–6	106.1
125	109.9
295	.4003
208	54.2
39	52.6
258	17.8
122	19.3
117	25.3
268	31.0
279	33.1
184	29.9
94	51.5
109	53.2
288	38.2
22	34.4
174	45.7
29	39.6
218	68.3
210	-9.0
194
209	FIU	CUSA	28	15–13
10–8	101.2
216	104.9
205	.3990
209	49.0
254	53.0
281	17.7
118	23.5
6	25.6
261	34.1
340	37.2
62	35.7
245	52.1
91	53.5
298	29.8
341	34.8
199	41.5
99	35.7
74	79.3
1	-7.7
167
210	Pacific	WCC	30	12–18
4–12	99.4
256	103.3
169	.3903
210	47.7
301	54.2
320	19.6
248	19.2
125	26.8
227	23.1
10	40.5
23	42.2
335	44.9
336	54.1
318	35.6
103	36.2
276	33.1
310	43.5
316	66.3
304	-9.4
200
211	Cal St. Fullerton	BW	31	14–17
10–6	97.8
281	101.8
137	.3875
211	49.3
237	48.9
90	19.1
218	16.8
277	24.6
283	26.5
93	38.5
39	35.8
251	50.5
161	49.1
127	31.0
319	32.2
59	30.6
334	32.6
13	70.9
80	-9.5
201
212	Prairie View A&M
   16 seed, R68	SWAC	34	21–13
17–1	101.2
218	105.4
218	.3848
212	49.0
254	51.2
190	17.4
96	24.7
2	29.7
118	34.3
342	43.1
6	46.2
349	49.2
216	53.7
310	32.4
267	31.2
27	33.8
298	36.0
87	72.0
46	-6.9
154
213	Columbia	Ivy	26	8–18
5–9	101.3
213	105.6
226	.3822
213	51.5
130	52.1
235	18.0
136	18.9
144	24.3
294	27.2
132	22.4
351	38.1
294	50.6
158	51.0
215	35.4
113	35.8
255	36.7
227	40.8
259	69.0
168	-12.3
249
214	South Alabama	SB	32	15–17
8–10	102.1
202	106.5
239	.3812
214	52.9
77	52.1
235	19.5
242	19.7
97	25.5
266	31.9
305	35.1
108	36.6
267	51.1
130	51.3
226	37.0
50	35.6
244	40.5
121	36.8
111	67.6
241	-10.7
219
215	Valparaiso	MVC	31	13–18
7–11	97.8
282	102.1
143	.3777
215	48.9
260	49.9
133	20.3
291	18.9
144	26.7
229	27.1
122	32.1
208	31.7
145	50.1
185	49.8
156	31.0
319	33.4
115	33.2
306	34.9
52	66.3
304	-11.9
243
216	Massachusetts	A10	32	11–21
4–14	103.3
178	107.9
265	.3771
216	51.1
156	51.2
190	20.2
286	16.8
277	31.5
78	27.1
122	31.3
230	41.4
330	50.2
182	50.6
197	35.0
137	35.0
209	40.0
138	34.8
51	69.1
163	-13.6
280
217	Weber St.	BSky	31	16–15
11–9	100.4
237	104.9
207	.3761
217	53.2
67	49.0
96	16.0
27	15.8
318	19.2
349	26.9
112	37.1
66	30.9
125	53.4
56	49.7
148	35.2
126	31.7
38	35.2
264	32.8
18	72.1
43	-10.4
214
218	Lamar	Slnd	29	16–13
12–6	102.0
203	106.7
242	.3742
218	49.3
237	52.2
245	20.0
275	19.8
88	36.2
11	27.4
142	42.3
12	35.7
245	48.8
229	52.3
265	33.6
212	34.6
186	33.0
314	37.5
142	69.5
141	-8.8
191
219	South Dakota	Sum	28	11–17
7–9	99.5
253	104.0
187	.3739
219	50.1
199	51.7
214	16.1
28	17.4
245	21.5
341	25.6
58	35.9
91	35.2
235	49.6
201	50.7
203	33.9
199	35.8
255	40.6
118	36.0
87	68.2
216	-11.5
233
220	Iona
   16 seed, R64	MAAC	32	17–15
12–6	105.2
138	110.1
299	.3724
220	53.0
73	52.3
248	17.3
87	18.6
159	25.7
257	30.1
259	37.1
66	28.8
70	53.3
58	50.2
180	35.1
132	36.8
298	43.6
57	42.9
303	72.1
43	-10.2
211
221	High Point	BSth	29	14–15
9–7	98.8
265	103.4
173	.3717
221	49.1
246	50.3
158	20.4
294	16.3
305	34.1
24	25.5
53	33.8
162	29.1
75	51.0
136	51.5
234	30.3
335	32.6
70	33.6
299	47.3
342	64.9
336	-10.0
208
222	California	P12	31	8–23
3–15	103.6
172	108.5
272	.3698
222	48.6
267	56.9
348	16.5
46	20.5
61	23.3
316	31.4
289	34.8
124	36.1
257	46.5
302	56.7
343	35.0
137	38.1
330	34.1
292	41.8
282	67.8
233	-13.3
276
223	William & Mary	CAA	30	13–17
10–8	102.6
188	107.4
255	.3697
223	54.4
32	52.7
267	18.3
155	15.6
323	24.5
287	26.0
73	31.3
230	30.0
97	55.8
15	51.1
218	35.0
137	36.9
302	41.5
99	36.3
98	70.1
114	-10.8
223
224	Cal St. Bakersfield	WAC	28	13–15
7–9	101.8
207	106.8
247	.3642
224	47.3
309	51.8
220	19.5
242	20.2
73	38.0
3	29.4
227	29.3
278	52.2
352	47.0
290	49.8
156	31.9
291	36.5
281	33.4
303	40.6
252	66.6
293	-8.6
184
225	Long Beach St.	BW	32	13–19
8–8	100.1
242	105.2
213	.3612
225	47.6
303	51.1
183	19.0
209	18.9
144	28.9
155	33.0
331	40.8
20	30.2
103	46.3
312	51.6
242	33.8
204	33.5
118	30.3
338	35.7
74	72.7
30	-11.6
235
Rk	Team	Conf	G	Rec	AdjOE	AdjDE	Barthag	Efg%	EfgD%	TOR	TORD	ORB	DRB	FTR	FTRD	2P%	2P%D	3P%	3P%D	3PR	3PRD	Adj T.	WAB
226	Fairleigh Dickinson
   16 seed, R64	NEC	32	19–13
12–6	105.0
142	110.5
308	.3595
226	54.8
27	51.7
214	19.6
248	20.3
68	29.8
114	32.9
325	35.4
103	29.6
84	51.5
109	51.1
218	40.5
5	35.1
214	35.1
267	38.7
183	68.2
216	-9.2
197
227	Cornell	Ivy	29	13–16
7–7	98.6
270	103.7
179	.3592
227	51.1
156	50.5
161	18.9
204	17.4
245	18.8
352	28.8
207	33.9
155	26.8
26	52.3
81	50.6
197	32.9
246	33.7
133	42.3
86	34.6
43	69.4
147	-8.3
176
228	Florida Gulf Coast	ASun	30	12–18
9–7	100.0
244	105.3
215	.3570
228	52.6
92	52.1
235	21.2
318	19.2
125	25.6
261	30.8
273	31.9
214	27.4
37	50.7
151	49.9
159	36.9
54	36.8
298	40.5
121	41.5
280	69.8
126	-11.0
224
229	Detroit Mercy	Horz	31	11–20
8–10	105.4
136	111.0
313	.3565
229	49.7
221	54.4
323	16.3
37	19.8
88	29.3
132	36.4
352	31.0
239	32.7
174	46.7
296	56.2
340	35.6
103	34.5
179	44.0
47	41.0
265	70.2
110	-12.0
245
230	Little Rock	SB	29	8–21
5–13	99.0
262	104.2
191	.3558
230	54.4
32	52.3
248	22.6
336	19.4
112	24.3
294	27.2
132	42.5
8	40.3
326	54.9
29	51.7
246	35.6
103	35.3
224	34.2
290	43.3
311	71.7
54	-14.7
297
231	Boston University	Pat	32	14–18
7–11	103.3
179	108.8
280	.3536
231	53.4
59	54.6
327	18.8
194	18.2
186	28.6
168	25.1
44	24.8
335	32.5
168	54.5
37	56.4
342	34.2
179	34.7
193	33.1
310	40.0
231	67.9
229	-12.8
261
232	Holy Cross	Pat	33	16–17
6–12	100.5
235	106.0
234	.3534
232	52.7
88	53.8
312	16.1
28	22.1
22	20.6
346	32.9
325	23.1
348	26.8
26	52.5
74	52.2
262	35.4
113	37.3
313	36.5
233	43.4
313	65.1
332	-11.0
225
233	Marist	MAAC	31	12–19
7–11	101.0
224	106.7
243	.3460
233	52.3
101	53.0
281	18.9
204	19.3
117	24.3
294	26.6
101	32.2
206	35.9
252	50.8
147	52.6
273	36.3
81	35.5
238	41.0
108	47.8
345	66.0
318	-14.9
301
234	Eastern Kentucky	OVC	29	11–18
6–12	98.9
264	104.9
208	.3365
234	47.8
300	53.2
292	18.2
148	21.5
29	27.3
210	31.1
283	32.6
193	39.7
320	47.7
263	54.4
323	32.0
288	34.0
148	39.2
154	34.4
40	78.5
2	-11.1
227
235	Troy	SB	28	10–18
5–13	102.3
196	108.6
274	.3351
235	51.0
160	52.7
267	19.9
264	17.1
262	27.2
214	31.1
283	31.7
221	32.8
177	51.7
106	50.1
175	33.2
229	37.8
325	40.9
113	38.4
175	68.4
205	-11.5
234
236	Fordham	A10	31	11–20
3–15	96.8
298	102.8
156	.3333
236	46.8
322	49.5
116	16.4
42	19.1
131	25.1
272	28.0
166	24.5
338	36.9
273	44.7
338	49.6
146	33.0
239	32.9
80	43.5
59	37.1
124	66.4
302	-14.6
296
237	Air Force	MWC	31	13–18
8–10	99.7
247	105.9
233	.3327
237	51.3
142	53.6
300	19.3
228	17.8
222	23.2
319	24.1
18	28.3
293	28.6
61	53.1
64	53.6
303	32.3
274	35.7
250	40.6
118	46.4
340	67.6
241	-10.6
215
238	Western Michigan	MAC	31	7–24
2–16	99.0
261	105.2
211	.3324
238	48.0
290	52.1
235	21.7
323	15.2
334	29.7
118	27.6
152	36.7
76	29.9
94	49.4
208	50.1
175	30.5
333	36.9
302	39.3
152	38.2
165	70.5
97	-15.0
303
239	East Carolina	Amer	31	10–21
3–15	97.9
277	104.1
188	.3314
239	46.1
331	51.0
178	19.0
209	19.5
105	28.2
183	31.0
279	35.6
100	41.8
333	47.7
263	52.0
255	28.4
349	32.9
80	30.4
337	37.1
124	69.8
126	-12.1
248
240	Evansville	MVC	30	9–21
5–13	98.2
273	104.4
193	.3309
240	49.4
236	50.0
139	18.5
170	17.1
262	18.9
351	26.2
79	37.5
58	37.5
282	47.9
254	49.0
123	34.2
179	34.8
199	43.8
50	31.2
6	70.9
80	-14.3
292
241	Arkansas St.	SB	30	11–19
7–11	102.1
201	108.7
276	.3293
241	47.2
311	51.6
207	19.4
235	17.1
262	33.7
30	29.8
244	37.9
49	43.7
343	46.5
302	50.2
180	32.3
274	36.0
266	37.5
201	36.3
98	69.4
147	-12.4
251
242	Chattanooga	SC	29	9–20
7–11	101.2
217	107.6
261	.3292
242	51.5
130	52.9
276	19.1
218	15.4
328	24.6
283	28.4
187	24.2
343	31.6
139	49.3
210	52.0
255	36.3
81	36.4
279	43.4
64	35.3
61	67.8
233	-12.5
253
243	Texas Southern	SWAC	33	20–13
14–4	102.3
197	108.9
282	.3268
243	50.4
184	51.4
200	19.9
264	19.9
87	32.4
52	31.5
291	42.1
15	33.5
198	51.9
96	50.5
193	31.9
291	35.4
233	36.5
233	35.1
56	75.8
6	-6.4
146
244	Army	Pat	31	12–19
8–10	96.0
307	102.2
147	.3264
244	49.6
223	53.3
294	16.5
46	18.7
155	21.6
340	22.9
8	24.3
340	28.4
56	51.0
136	53.4
295	31.8
293	35.4
233	43.5
59	40.3
242	71.3
69	-13.7
282
245	UMBC	AE	31	18–13
11–5	94.8
317	101.1
128	.3247
245	48.4
277	51.4
200	18.3
155	22.9
12	24.5
287	24.4
20	31.1
235	32.9
181	49.5
205	51.8
252	31.3
308	34.0
148	42.0
93	49.3
350	66.3
304	-7.9
170
246	Siena	MAAC	33	17–16
11–7	101.1
222	107.8
264	.3227
246	51.5
130	52.6
258	15.6
19	18.0
208	23.6
310	28.5
191	24.7
337	27.3
36	52.1
91	51.9
253	33.9
199	36.0
266	47.8
13	35.8
81	62.0
352	-11.6
236
247	Quinnipiac	MAAC	31	16–15
11–7	103.7
169	110.8
310	.3194
247	52.8
80	50.7
166	19.4
235	15.7
320	29.8
114	29.3
225	37.3
60	27.0
30	48.5
240	50.1
175	37.7
36	34.5
179	53.4
4	36.9
115	68.1
222	-10.6
217
248	The Citadel	SC	27	9–18
4–14	106.2
122	113.7
340	.3149
248	52.0
112	56.6
346	17.3
87	16.9
271	25.1
272	31.8
304	25.8
324	31.7
145	54.2
42	57.5
350	33.5
220	37.1
308	53.6
2	48.8
349	75.2
10	-10.7
218
249	Youngstown St.	Horz	30	10–20
8–10	103.6
170	111.1
314	.3103
249	49.6
223	53.6
300	18.5
170	16.2
312	33.5
32	28.9
213	23.1
348	38.5
299	48.5
240	55.0
334	34.1
186	34.2
163	44.1
45	37.7
151	68.7
188	-13.8
285
250	Middle Tennessee	CUSA	30	9–21
8–10	96.8
297	103.9
182	.3075
250	46.7
326	50.8
172	22.8
341	17.5
238	32.3
55	28.1
169	29.6
273	34.2
218	45.7
324	50.5
193	32.3
274	34.1
156	35.4
260	40.9
261	69.2
156	-13.1
269
Rk	Team	Conf	G	Rec	AdjOE	AdjDE	Barthag	Efg%	EfgD%	TOR	TORD	ORB	DRB	FTR	FTRD	2P%	2P%D	3P%	3P%D	3PR	3PRD	Adj T.	WAB
251	Saint Francis	NEC	31	16–15
12–6	104.3
154	112.0
327	.3073
251	48.8
264	53.8
312	17.4
96	16.9
271	33.4
34	28.6
197	35.0
113	31.8
148	46.5
302	54.9
331	35.3
118	34.8
199	36.0
245	39.1
190	69.6
136	-8.9
193
252	UMKC	WAC	31	10–21
6–10	99.1
258	106.4
237	.3067
252	49.8
217	53.6
300	17.2
78	20.9
49	23.5
311	32.3
314	32.4
200	36.7
271	47.8
258	53.0
284	35.2
126	36.5
281	40.3
129	36.0
87	67.9
229	-13.4
277
253	Rice	CUSA	30	11–19
8–10	102.5
189	110.0
296	.3064
253	50.1
199	51.6
207	18.9
204	14.9
342	26.6
233	24.4
20	38.5
39	30.6
117	48.1
250	51.5
234	35.3
118	34.5
179	42.5
83	39.2
198	71.7
54	-12.8
260
254	Eastern Washington	BSky	33	15–18
12–8	99.5
254	106.9
250	.3032
254	50.3
189	52.5
254	17.1
74	16.6
290	24.6
283	23.6
16	27.0
311	34.8
227	48.9
226	50.1
175	34.8
151	37.4
320	43.4
64	39.5
212	68.7
188	-11.7
237
255	North Dakota	Sum	26	8–18
6–10	97.0
295	104.4
194	.2997
255	51.3
142	52.5
254	17.9
128	17.3
253	21.0
343	25.4
51	27.2
310	30.0
97	49.6
201	52.2
262	36.0
91	35.3
224	36.9
221	32.7
14	71.0
75	-12.6
255
256	Southeastern Louisiana	Slnd	31	15–16
12–6	97.2
290	104.6
198	.2990
256	50.4
184	50.2
148	24.1
348	20.9
49	32.5
50	28.2
175	37.2
62	39.3
315	50.4
170	50.6
197	33.6
212	32.9
80	40.9
113	35.3
61	66.6
293	-10.6
216
257	UC Davis	BW	29	9–20
7–9	95.2
314	102.6
152	.2970
257	49.0
254	52.8
273	19.9
264	21.1
42	22.1
334	27.7
156	29.7
271	37.7
285	49.0
224	53.3
293	32.7
250	34.6
186	37.7
195	37.5
142	67.1
276	-13.8
284
258	Cal St. Northridge	BW	33	12–21
7–9	103.8
168	111.9
326	.2961
258	51.5
130	51.6
207	16.7
57	17.1
262	28.4
174	32.5
318	31.8
218	32.2
158	50.3
178	48.2
86	36.1
89	38.4
333	30.8
333	36.1
93	72.1
43	-14.5
295
259	Delaware	CAA	31	15–16
8–10	104.0
162	112.2
329	.2941
259	53.3
64	52.8
273	17.2
78	14.9
342	24.2
298	28.8
207	31.2
232	28.6
61	50.9
143	49.9
159	37.8
33	38.4
333	41.1
105	38.3
169	64.9
336	-10.8
222
260	Morehead St.	OVC	31	11–20
8–10	100.9
225	109.0
285	.2920
260	48.4
277	52.5
254	17.2
78	17.7
227	27.8
195	31.6
296	33.9
155	28.4
56	47.1
286	51.3
226	33.6
212	36.4
279	38.7
171	36.6
106	68.7
188	-12.4
252
261	LIU	NEC	31	15–16
9–9	97.5
284	105.5
220	.2872
261	50.7
172	48.2
55	20.1
282	18.5
166	28.3
180	29.5
235	34.4
142	35.4
241	50.3
178	47.7
70	34.1
186	32.8
77	43.0
71	32.7
14	72.4
34	-12.8
262
262	Sacred Heart	NEC	31	14–17
11–7	102.3
193	110.8
309	.2867
262	51.7
125	51.8
220	19.9
264	16.5
299	31.8
66	27.0
117	38.1
45	31.3
130	51.1
130	49.3
137	35.2
126	37.3
313	35.0
269	37.6
147	73.5
21	-13.0
266
263	UNC Wilmington	CAA	32	9–23
5–13	104.5
150	113.2
337	.2853
263	50.5
177	56.0
341	18.5
170	14.5
349	31.7
71	26.7
105	32.8
188	31.9
151	49.3
210	54.4
323	35.0
137	38.8
342	37.0
216	43.0
306	70.7
89	-16.5
324
264	Tulane	Amer	31	4–27
0–18	96.6
300	104.7
201	.2827
264	47.1
315	50.6
162	21.0
313	15.1
338	27.0
220	30.9
276	32.8
188	31.6
139	46.7
296	50.7
203	31.8
293	33.6
124	37.6
197	38.7
183	71.1
73	-17.1
329
265	Milwaukee	Horz	30	8–22
4–14	99.0
263	107.4
256	.2797
265	48.1
287	51.7
214	18.0
136	15.3
332	26.7
229	28.3
176	28.2
296	36.3
262	46.5
302	53.0
284	33.8
204	33.3
106	37.5
201	45.3
334	67.6
241	-15.9
315
266	Norfolk St.	MEAC	32	19–13
14–2	97.2
289	105.6
224	.2787
266	50.0
206	49.0
96	20.4
294	20.8
53	27.3
210	29.0
220	38.4
41	42.7
338	46.5
302	47.6
68	37.4
43	33.9
143	37.0
216	42.6
299	70.1
114	-8.8
190
267	Longwood	BSth	30	13–17
5–11	97.3
287	105.7
228	.2786
267	52.1
106	50.0
139	20.6
301	17.5
238	24.5
287	25.1
44	33.6
168	33.7
206	50.8
147	49.5
141	35.6
103	33.6
124	50.4
6	50.4
352	68.3
210	-12.8
263
268	Oral Roberts	Sum	30	9–21
7–9	102.9
185	111.8
321	.2769
268	52.2
104	54.1
318	20.4
294	14.5
349	29.8
114	27.1
122	26.1
320	32.7
174	50.7
151	51.3
226	36.4
74	39.0
345	38.9
166	39.0
189	68.4
205	-14.1
290
269	St. Francis NY	NEC	30	15–15
9–9	95.4
312	103.8
180	.2762
269	48.4
277	48.7
78	17.7
118	19.2
125	27.1
216	28.3
176	29.0
282	38.8
303	47.3
278	49.2
133	33.3
225	31.7
38	40.0
138	31.2
6	69.8
126	-11.5
232
270	Canisius	MAAC	32	15–17
11–7	100.9
226	109.8
293	.2755
270	50.5
177	53.6
300	18.6
181	20.5
61	27.0
220	31.9
305	31.4
227	36.9
273	52.0
94	53.3
293	32.4
267	36.0
266	43.1
69	37.3
132	69.2
156	-11.5
231
271	Drexel	CAA	31	12–19
7–11	103.8
164	113.0
334	.2735
271	51.3
142	55.6
337	16.6
51	14.6
347	29.2
138	26.3
86	30.6
247	30.3
107	50.9
143	54.7
327	34.7
156	38.2
332	34.9
275	34.3
39	70.9
80	-13.3
275
272	Robert Morris	NEC	32	16–16
11–7	94.8
316	103.3
170	.2713
272	48.9
260	51.9
228	21.3
319	22.4
18	29.9
110	27.8
159	32.8
188	39.0
307	47.1
286	52.3
265	34.5
165	34.2
163	38.3
179	37.6
147	67.7
237	-11.3
229
273	Fairfield	MAAC	31	9–22
6–12	97.0
296	105.7
229	.2696
273	50.7
172	52.6
258	20.7
303	21.4
32	26.1
244	28.9
213	23.9
346	40.1
325	49.5
205	51.2
222	35.0
137	36.6
289	42.2
88	35.6
70	69.4
147	-17.6
334
274	George Washington	A10	33	9–24
4–14	95.4
313	104.0
185	.2685
274	45.8
335	51.2
190	18.2
148	17.1
262	23.4
315	28.5
191	32.6
193	30.2
103	45.3
330	49.8
156	31.1
315	35.6
244	34.3
286	40.2
237	68.9
173	-15.6
312
275	Southern Utah	BSky	30	14–16
9–11	96.3
304	105.2
214	.2650
275	50.5
177	51.0
178	19.0
209	17.1
262	23.1
321	24.9
40	37.7
52	39.1
309	50.0
189	48.2
86	34.2
179	36.8
298	39.4
150	39.1
190	71.8
50	-11.8
240
Rk	Team	Conf	G	Rec	AdjOE	AdjDE	Barthag	Efg%	EfgD%	TOR	TORD	ORB	DRB	FTR	FTRD	2P%	2P%D	3P%	3P%D	3PR	3PRD	Adj T.	WAB
276	Cleveland St.	Horz	29	8–21
5–13	100.7
231	110.1
303	.2627
276	51.5
130	51.6
207	18.5
170	16.8
277	26.3
239	33.0
331	31.7
221	34.0
212	48.9
226	53.2
288	36.5
67	32.9
80	44.4
42	39.8
225	70.8
85	-15.0
302
277	Loyola MD	Pat	32	11–21
7–11	100.4
239	109.8
292	.2626
277	51.6
128	55.6
337	19.5
242	20.6
59	27.8
195	29.5
235	33.6
168	32.3
159	51.8
102	53.8
314	34.1
186	39.3
350	33.6
299	35.5
68	70.2
110	-14.8
299
278	Navy	Pat	31	12–19
8–10	96.6
299	105.7
230	.2625
278	46.8
322	52.1
235	20.7
303	16.6
290	31.8
66	25.5
53	30.5
250	29.7
88	46.4
309	53.2
288	31.7
296	33.8
136	36.7
227	42.9
303	68.3
210	-13.2
271
279	Albany	AE	31	11–20
7–9	97.7
283	106.9
248	.2622
279	49.3
237	52.1
235	20.9
312	18.5
166	27.3
210	28.3
176	32.5
196	30.2
103	46.9
292	51.0
215	34.8
151	35.9
261	45.5
32	39.1
190	67.4
255	-15.5
311
280	Grambling St.	SWAC	31	14–17
10–8	94.4
321	103.3
171	.2612
280	50.0
206	45.1
11	22.1
328	18.0
208	25.8
253	29.4
227	43.0
7	42.3
336	45.5
326	44.7
15	40.2
6	30.6
22	30.5
335	35.3
61	70.5
97	-11.3
230
281	Houston Christian	Slnd	28	10–18
8–10	102.2
200	111.8
322	.2612
281	49.6
223	55.7
339	19.5
242	20.2
73	33.8
29	29.6
242	42.4
10	35.7
245	49.3
210	54.3
322	33.4
222	39.0
345	31.9
325	33.7
27	74.9
12	-12.9
265
282	Jacksonville	ASun	30	10–20
5–11	97.0
294	106.3
236	.2593
282	49.6
223	52.1
235	19.9
264	18.2
186	28.3
180	27.4
142	30.5
250	28.8
70	51.0
136	50.3
184	31.2
312	37.0
305	32.7
318	34.7
47	72.4
34	-14.1
288
283	Montana St.	BSky	31	14–17
11–9	105.1
141	115.2
346	.2587
283	53.4
59	57.1
350	17.1
74	17.2
254	26.3
239	26.6
101	34.9
119	28.3
52	51.1
130	57.4
349	37.6
39	37.8
325	43.8
50	44.7
328	71.0
75	-12.0
246
284	New Orleans	Slnd	29	15–14
12–6	95.5
310	104.8
202	.2555
284	48.0
290	50.0
139	21.8
324	22.5
17	32.8
46	34.2
341	36.0
88	40.4
327	47.2
281	50.5
193	33.3
225	32.7
74	29.2
346	33.8
30	69.5
141	-8.6
183
285	Sacramento St.	BSky	28	12–16
8–12	95.5
309	104.9
204	.2549
285	48.7
265	52.6
258	19.1
218	21.4
32	28.2
183	27.1
122	33.5
171	36.8
272	48.3
246	50.8
206	33.1
234	37.0
305	29.6
341	38.4
175	68.7
188	-12.3
250
286	Western Carolina	SC	31	6–25
4–14	99.7
248	109.4
289	.2548
286	53.6
56	55.3
335	25.1
353	14.7
345	28.4
174	25.7
63	34.8
124	39.7
320	52.3
81	57.8
351	36.8
56	34.1
156	45.8
28	38.4
175	71.0
75	-16.3
322
287	Western Illinois	Sum	29	8–21
4–12	97.3
288	106.8
246	.2548
287	49.8
217	52.2
245	16.3
37	14.5
349	22.6
329	25.5
53	23.2
347	28.1
50	45.9
319	48.4
93	38.2
22	38.9
344	34.0
296	37.4
136	68.5
202	-15.8
313
288	Tennessee Martin	OVC	29	10–19
6–12	104.0
160	114.3
344	.2523
288	50.4
184	57.1
350	18.8
194	19.3
117	31.5
78	34.7
345	26.4
316	27.2
35	49.9
193	56.7
343	34.1
186	38.5
337	38.3
179	41.8
282	69.5
141	-13.1
268
289	James Madison	CAA	31	12–19
6–12	99.8
246	109.8
294	.2497
289	50.2
194	52.9
276	18.8
194	16.4
301	30.1
105	29.4
227	33.4
175	34.0
212	47.5
273	52.6
273	36.6
63	35.7
250	36.5
233	35.6
70	66.5
298	-13.9
287
290	Towson	CAA	31	9–22
6–12	99.6
251	109.7
291	.2486
290	48.0
290	52.0
232	18.8
194	15.2
334	35.1
16	27.2
132	28.1
299	33.0
186	47.6
267	50.8
206	32.7
250	35.6
244	29.3
345	46.0
339	64.9
336	-16.7
327
291	Texas A&M Corpus Chris	Slnd	28	10–18
9–9	93.9
327	103.5
174	.2470
291	47.9
296	48.6
75	22.3
331	20.1
78	31.1
85	27.5
150	29.8
268	41.7
332	47.6
267	46.1
28	32.3
274	34.9
206	34.1
292	40.4
244	66.1
316	-13.5
279
292	UMass Lowell	AE	30	13–17
7–9	102.3
194	112.8
332	.2458
292	53.7
54	52.0
232	19.6
248	17.9
214	27.0
220	29.8
244	34.1
151	32.6
170	55.1
24	54.7
327	34.3
173	31.6
36	39.0
158	36.8
111	71.7
54	-12.7
258
293	Monmouth	MAAC	35	14–21
10–8	92.7
335	102.2
146	.2458
293	45.8
335	51.1
183	20.6
301	21.2
38	29.3
132	28.5
191	40.3
24	43.2
340	46.4
309	48.4
93	29.7
343	35.8
255	29.5
343	51.4
353	68.9
173	-15.1
304
294	Portland St.	BSky	29	13–16
11–9	100.7
232	111.1
316	.2432
294	46.9
320	53.7
306	19.4
235	18.8
151	38.7
1	28.5
191	37.3
60	43.3
341	48.3
246	54.6
325	29.8
341	34.8
199	39.1
155	36.0
87	70.2
110	-11.8
241
295	North Carolina Central
   16 seed, R68	MEAC	31	15–16
10–6	97.8
279	108.0
266	.2429
295	49.9
210	49.9
133	22.7
337	17.5
238	34.8
19	26.9
112	33.5
171	31.4
134	51.3
118	50.9
213	31.5
304	32.0
49	36.6
229	34.1
35	66.3
304	-10.8
221
296	UTEP	CUSA	27	6–21
3–15	90.0
340	99.8
109	.2330
296	45.7
338	49.5
116	22.8
341	19.1
131	26.7
229	26.9
112	34.8
124	32.8
177	44.5
340	46.8
44	31.8
293	36.0
266	39.0
158	36.9
115	69.5
141	-15.3
308
297	Eastern Illinois	OVC	31	13–18
7–11	99.3
257	110.4
307	.2281
297	49.6
223	53.6
300	18.8
194	18.4
178	29.2
138	30.5
269	28.7
286	33.1
188	46.7
296	50.3
184	36.2
84	39.0
345	38.7
171	40.6
252	68.2
216	-11.9
242
298	VMI	SC	29	8–21
4–14	100.6
234	112.2
328	.2232
298	50.1
199	56.9
348	16.5
46	16.9
271	21.7
339	27.6
152	29.2
279	32.0
153	47.6
267	56.8
346	35.4
113	38.1
330	46.0
23	39.9
229	72.9
28	-12.9
264
299	Central Arkansas	Slnd	30	11–19
8–10	98.7
269	110.1
300	.2211
299	49.1
246	51.9
228	19.7
255	18.0
208	24.5
287	30.9
276	34.2
148	34.3
221	46.3
312	51.2
222	35.3
118	35.3
224	42.4
84	40.2
237	71.8
50	-13.2
272
300	North Carolina A&T	MEAC	30	17–13
13–3	96.4
303	107.6
260	.2202
300	51.1
156	48.8
86	19.4
235	20.7
56	27.1
216	34.7
345	31.1
235	32.0
153	51.0
136	49.5
141	34.1
186	31.7
38	35.9
249	36.9
115	67.3
259	-8.3
177
Rk	Team	Conf	G	Rec	AdjOE	AdjDE	Barthag	Efg%	EfgD%	TOR	TORD	ORB	DRB	FTR	FTRD	2P%	2P%D	3P%	3P%D	3PR	3PRD	Adj T.	WAB
301	Elon	CAA	30	9–21
7–11	98.7
268	110.2
306	.2196
301	52.0
112	53.6
300	18.4
160	15.2
334	22.4
331	28.3
176	24.3
340	29.4
79	52.2
85	51.5
234	34.6
159	37.8
325	50.0
7	40.2
237	69.6
136	-16.0
316
302	Tennessee St.	OVC	28	7–21
6–12	97.1
292	108.7
278	.2145
302	49.1
246	54.3
322	22.7
337	20.3
68	28.7
164	28.4
187	36.2
84	54.0
353	49.3
210	52.6
273	32.6
254	38.4
333	40.8
115	35.0
55	70.9
80	-14.2
291
303	Lafayette	Pat	29	9–20
7–11	100.7
233	112.8
333	.2128
303	52.6
92	54.7
329	18.7
185	15.3
332	22.2
333	26.7
105	24.5
338	31.2
128	49.2
216	52.9
283	38.3
19	38.6
339	41.0
108	35.8
81	70.3
106	-15.4
310
304	Howard	MEAC	31	14–17
10–6	101.2
215	113.5
338	.2118
304	48.5
274	51.8
220	16.8
62	19.8
88	29.2
138	33.4
335	33.8
162	37.8
289	45.5
326	50.8
206	36.8
56	35.5
238	30.3
338	39.2
198	72.5
32	-12.7
256
305	Bethune Cookman	MEAC	29	12–17
9–7	93.2
332	104.6
197	.2109
305	48.3
282	47.8
43	21.5
321	19.7
97	33.5
32	31.5
291	37.1
66	36.6
267	48.3
246	48.7
109	32.4
267	30.9
25	33.0
314	35.4
65	73.2
25	-13.1
267
306	North Alabama	ASun	29	7–22
7–9	93.5
330	105.0
210	.2093
306	44.5
345	52.6
258	19.3
228	17.2
254	27.3
210	25.1
44	30.8
243	38.0
290	44.4
343	52.6
273	29.7
343	35.1
214	40.8
115	37.0
120	69.8
126	-14.5
294
307	Northern Arizona	BSky	31	10–21
8–12	99.7
249	111.9
325	.2091
307	50.3
189	55.0
333	17.0
69	16.6
290	25.8
253	26.5
93	33.8
162	29.7
88	49.2
216	55.9
339	34.6
159	35.8
255	41.2
103	43.6
318	69.6
136	-16.4
323
308	Idaho St.	BSky	28	9–19
7–13	103.3
180	116.0
348	.2084
308	52.0
112	56.1
342	17.6
113	15.0
341	25.8
253	29.8
244	28.8
285	30.6
117	50.4
170	54.2
320	36.2
84	39.6
351	42.7
81	37.1
124	68.0
225	-14.1
289
309	Niagara	MAAC	32	13–19
6–12	101.3
214	113.9
342	.2054
309	49.2
242	53.4
296	17.3
87	16.2
312	27.1
216	26.2
79	33.3
178	25.3
16	46.1
316	51.3
226	35.9
95	38.0
328	39.1
155	37.3
132	71.2
70	-15.3
309
310	Nicholls St.	Slnd	27	10–17
7–11	97.9
278	110.2
305	.2043
310	50.1
199	51.0
178	17.2
78	18.1
196	23.5
311	33.6
337	21.9
352	36.0
253	45.4
328	53.5
298	37.0
50	30.7
23	46.4
19	33.8
30	70.0
118	-12.5
254
311	Denver	Sum	29	7–22
3–13	98.7
266	111.5
319	.1981
311	50.2
194	56.5
345	19.7
255	15.7
320	26.4
236	22.9
8	26.2
318	28.3
52	47.8
258	51.7
246	36.2
84	41.8
353	36.3
239	43.4
313	68.7
188	-15.8
314
312	Wagner	NEC	28	11–17
8–10	93.5
331	105.8
232	.1953
312	44.0
347	51.1
183	20.8
308	19.8
88	33.4
34	28.9
213	33.8
162	46.5
350	43.1
348	49.9
159	30.1
339	35.2
220	45.9
25	41.1
270	65.2
331	-13.3
274
313	Charlotte	CUSA	29	8–21
5–13	93.9
328	106.5
240	.1901
313	48.1
287	51.3
196	22.0
327	17.9
214	22.3
332	26.4
90	36.3
79	32.6
170	49.2
216	49.9
159	31.1
315	35.5
238	42.6
82	42.3
294	66.0
318	-15.2
306
314	Wyoming	MWC	31	7–24
4–14	94.1
323	106.8
245	.1888
314	49.1
246	51.7
214	19.9
264	17.4
245	15.9
353	28.8
207	39.1
35	34.4
222	47.1
286	51.6
242	34.5
165	34.6
186	43.3
67	40.4
244	69.7
133	-17.4
332
315	Saint Peter's	MAAC	32	10–22
6–12	94.1
322	106.9
249	.1872
315	48.7
265	51.2
190	23.3
345	18.7
155	29.9
110	27.8
159	34.8
124	38.5
299	48.8
229	46.7
42	32.5
262	38.6
339	34.6
277	40.5
246	65.0
334	-16.9
328
316	Southeast Missouri St.	OVC	29	8–21
5–13	96.3
305	109.6
290	.1840
316	50.4
184	52.7
267	20.2
286	17.4
245	25.6
261	28.3
176	29.1
280	33.5
198	47.4
277	55.7
338	36.6
63	32.3
60	39.5
147	42.0
287	69.1
163	-15.2
307
317	Stephen F. Austin	Slnd	26	10–16
7–11	94.4
320	107.6
258	.1831
317	48.4
277	52.6
258	20.5
298	21.5
29	29.1
144	32.9
325	36.2
84	36.1
257	47.6
267	49.9
159	33.3
225	37.4
320	35.2
264	44.5
327	69.8
126	-11.8
239
318	Florida A&M	MEAC	29	10–19
9–7	89.0
343	102.0
141	.1720
318	49.1
246	48.5
70	24.6
352	21.7
25	27.9
192	32.4
316	31.1
235	40.5
328	46.9
292	50.4
189	36.4
74	30.2
19	29.4
344	37.2
130	66.3
304	-13.9
286
319	Mount St. Mary's	NEC	29	7–22
6–12	94.7
318	108.7
277	.1701
319	47.9
296	52.1
235	19.0
209	17.8
222	25.1
272	31.5
291	33.9
155	34.8
227	48.7
235	51.1
218	31.2
312	35.8
255	41.1
105	38.6
182	68.7
188	-16.7
326
320	UC Riverside	BW	30	7–23
4–12	97.3
286	111.8
323	.1684
320	51.2
148	54.4
323	20.3
291	16.0
316	25.1
272	26.5
93	22.7
350	33.4
196	47.2
281	53.7
310	38.0
27	37.2
311	40.4
125	35.7
74	64.6
342	-18.0
337
321	Jackson St.	SWAC	30	11–19
10–8	89.6
342	103.0
161	.1666
321	44.6
344	49.2
107	20.4
294	20.7
56	28.7
164	27.0
117	34.3
143	44.0
345	45.9
319	46.8
44	27.9
352	35.5
238	31.3
330	36.5
105	66.8
290	-14.3
293
322	Central Connecticut	NEC	29	9–20
5–13	96.5
301	111.3
317	.1623
322	47.0
316	53.0
281	19.8
258	18.1
196	29.6
125	29.9
250	34.1
151	37.2
279	45.8
322	51.5
234	32.8
248	36.6
289	33.9
297	45.3
334	70.6
94	-15.1
305
323	Portland	WCC	30	5–25
0–16	93.9
326	108.4
270	.1614
323	47.3
309	51.8
220	19.9
264	16.3
305	20.3
347	30.1
259	39.0
37	34.6
225	45.8
322	49.2
133	32.9
246	37.1
308	40.3
129	39.3
205	68.2
216	-17.7
335
324	McNeese St.	Slnd	27	6–21
5–13	98.0
276	113.5
339	.1567
324	49.8
217	54.2
320	21.3
319	17.7
227	29.7
118	31.9
305	38.8
38	29.3
78	51.3
118	53.8
314	31.0
319	36.5
281	32.4
321	41.0
265	67.3
259	-16.2
321
325	Bryant	NEC	30	10–20
7–11	98.2
274	114.6
345	.1436
325	49.0
254	54.9
331	18.4
160	18.6
159	26.6
233	30.2
261	36.8
72	35.4
241	49.2
216	52.8
281	32.5
262	38.8
342	42.1
91	38.1
162	69.3
151	-16.1
317
Rk	Team	Conf	G	Rec	AdjOE	AdjDE	Barthag	Efg%	EfgD%	TOR	TORD	ORB	DRB	FTR	FTRD	2P%	2P%D	3P%	3P%D	3PR	3PRD	Adj T.	WAB
326	SIU Edwardsville	OVC	29	8–21
6–12	96.1
306	112.3
330	.1434
326	46.8
322	56.6
346	18.7
185	18.9
144	28.5
171	28.5
191	34.6
136	39.3
315	47.6
267	56.8
346	30.3
335	37.5
322	35.5
256	37.3
132	70.6
94	-16.1
318
327	Manhattan	MAAC	32	11–21
8–10	88.5
348	103.6
176	.1397
327	47.4
305	51.0
178	24.1
348	23.5
6	30.6
99	30.3
265	33.3
178	45.6
348	45.6
325	48.6
105	33.2
229	36.1
272	41.0
108	41.9
284	63.4
350	-17.1
330
328	Binghamton	AE	31	8–23
5–11	95.0
315	111.4
318	.1384
328	49.5
229	52.3
248	18.5
170	16.7
282	20.9
344	31.7
300	24.3
340	25.2
15	48.4
242	49.0
123	33.9
199	38.4
333	42.9
72	38.7
183	67.2
268	-17.2
331
329	Tennessee Tech	OVC	29	6–23
4–14	88.9
344	104.5
195	.1354
329	46.1
331	51.1
183	22.8
341	19.2
125	27.9
192	32.9
325	36.3
79	33.2
190	43.9
346	51.1
218	33.6
212	34.1
156	34.4
283	36.3
98	69.5
141	-16.2
320
330	Cal Poly	BW	27	4–23
2–14	96.5
302	113.8
341	.1305
330	47.2
311	52.6
258	17.0
69	15.6
323	26.1
244	31.4
289	25.8
324	38.1
294	46.6
301	51.5
234	32.0
288	36.5
281	40.3
129	33.2
19	67.3
259	-18.4
339
331	Stetson	ASun	29	5–24
3–13	95.9
308	113.1
336	.1297
331	45.5
340	54.5
326	17.5
105	18.0
208	27.9
192	32.0
310	25.0
333	33.0
186	45.0
333	54.2
320	31.0
319	36.6
289	35.0
269	41.0
265	70.6
94	-17.6
333
332	Southern	SWAC	31	6–25
6–12	93.9
325	110.9
312	.1289
332	48.9
260	54.9
331	23.2
344	22.2
20	30.2
104	32.9
325	34.6
136	50.5
351	48.8
229	54.8
330	32.6
254	36.7
296	31.8
327	35.6
70	67.3
259	-19.0
340
333	Alabama St.	SWAC	29	10–19
9–9	93.8
329	110.8
311	.1281
333	46.1
331	53.0
281	21.0
313	21.2
38	31.6
74	32.4
316	37.4
59	36.9
273	44.7
338	53.6
303	32.1
284	34.7
193	39.0
158	36.0
87	68.3
210	-13.5
278
334	Arkansas Pine Bluff	SWAC	31	12–19
10–8	93.9
324	111.1
315	.1271
334	48.4
277	51.6
207	22.1
328	19.7
97	29.1
144	30.7
271	42.4
10	45.0
347	47.0
290	50.8
206	34.0
193	35.5
238	34.3
286	33.2
19	67.0
279	-13.8
283
335	Maine	AE	31	4–27
3–13	92.9
334	110.1
302	.1235
335	48.6
267	55.3
335	22.2
330	19.1
131	25.9
250	27.2
132	25.6
326	38.6
302	49.9
193	52.7
280	31.0
319	38.7
341	37.8
191	48.1
347	65.3
329	-20.6
348
336	USC Upstate	BSth	29	3–26
1–15	92.4
337	110.1
304	.1174
336	47.4
305	53.1
288	19.9
264	18.2
186	24.7
282	31.3
288	25.3
328	39.0
307	46.8
295	54.0
316	32.1
284	34.3
171	44.1
45	36.7
108	69.4
147	-20.6
349
337	Kennesaw St.	ASun	30	4–26
3–13	90.6
339	108.4
271	.1129
337	40.9
352	53.7
306	19.0
209	17.1
262	29.2
138	30.8
273	30.1
263	27.7
41	39.1
352	53.7
310	31.4
306	35.9
261	22.6
353	37.1
124	69.5
141	-18.4
338
338	Morgan St.	MEAC	28	8–20
4–12	91.8
338	110.0
298	.1111
338	43.7
349	53.4
296	17.9
128	23.9
5	31.8
66	35.2
351	34.3
143	39.9
323	41.5
349	52.4
271	33.1
234	36.7
296	27.3
351	36.8
111	73.6
19	-16.2
319
339	San Jose St.	MWC	30	3–27
1–17	92.9
333	111.9
324	.1055
339	46.0
334	56.1
342	21.9
326	15.4
328	27.4
207	28.7
203	34.8
124	26.9
29	44.1
344	56.3
341	33.0
239	37.3
313	35.8
254	47.9
346	70.7
89	-20.1
347
340	South Carolina St.	MEAC	32	6–26
5–11	97.1
291	117.0
349	.1054
340	47.2
311	56.4
344	20.8
308	20.4
65	31.6
74	30.2
261	39.7
28	40.0
324	46.5
302	57.1
348	32.4
267	36.9
302	31.1
332	39.6
218	68.3
210	-20.0
345
341	Incarnate Word	Slnd	27	2–25
1–17	97.4
285	118.5
353	.0953
341	51.9
118	59.3
353	24.1
348	19.7
97	23.1
321	32.7
322	34.8
124	39.1
309	51.4
113	61.2
353	35.1
132	37.6
324	34.5
281	39.1
190	66.3
304	-20.1
346
342	Northwestern St.	Slnd	28	8–20
6–12	88.9
345	109.2
287	.0866
342	44.7
343	51.2
190	22.7
337	19.5
105	28.9
155	34.7
345	33.6
168	36.5
264	46.2
314	48.1
84	28.0
350	37.5
322	35.9
249	37.3
132	69.7
133	-14.7
298
343	Idaho	BSky	29	3–26
2–18	95.5
311	117.6
352	.0831
343	50.3
189	53.7
306	20.0
275	13.3
353	24.2
298	32.0
310	28.2
296	33.1
188	46.5
302	55.4
337	37.6
39	34.3
171	38.7
171	43.6
318	66.2
314	-22.2
352
344	Savannah St.	MEAC	30	10–20
8–8	94.6
319	117.5
351	.0768
344	48.0
290	53.8
312	19.9
264	19.3
117	28.0
190	34.6
344	25.2
330	33.3
193	53.7
50	53.5
298	29.2
346	36.1
272	57.7
1	40.5
246	77.6
3	-14.9
300
345	Coppin St.	MEAC	33	8–25
7–9	87.7
349	108.9
283	.0761
345	45.5
340	50.2
148	23.3
345	16.7
282	26.0
248	28.9
213	37.7
52	33.6
203	47.7
263	47.1
54	28.6
348	36.5
281	46.0
23	40.1
233	71.7
54	-18.0
336
346	Alabama A&M	SWAC	32	5–27
4–14	87.1
350	108.6
275	.0732
346	45.8
335	53.7
306	22.3
331	21.0
45	28.0
190	32.1
312	25.1
332	38.8
303	45.0
333	54.1
318	31.6
302	35.3
224	31.9
325	38.4
175	66.9
284	-22.4
353
347	UNC Asheville	BSth	28	2–26
2–14	92.5
336	115.6
347	.0717
347	46.2
328	55.7
339	23.5
347	18.2
186	27.7
200	37.1
353	26.3
317	33.7
206	45.2
332	56.7
343	31.7
296	36.2
276	42.1
91	44.7
328	63.9
349	-19.6
341
348	Mississippi Valley St.	SWAC	31	5–26
4–14	89.9
341	113.1
335	.0664
348	41.9
351	54.1
318	18.5
170	17.5
238	28.4
174	31.7
300	33.7
166	32.0
153	40.1
350	51.4
231	31.0
319	39.1
348	28.7
348	37.2
130	70.4
99	-20.0
343
349	Alcorn St.	SWAC	27	6–21
6–12	88.5
347	111.7
320	.0642
349	45.7
338	52.7
267	24.1
348	18.2
186	30.1
105	31.5
291	30.5
250	36.5
264	45.0
333	55.3
336	31.3
308	32.1
55	36.2
241	37.0
120	66.9
284	-16.5
325
350	New Hampshire	AE	27	3–24
3–13	83.9
353	106.6
241	.0598
350	44.0
347	51.5
205	18.4
160	16.9
271	21.5
341	24.7
31	21.9
352	38.0
290	39.4
351	52.1
259	32.6
254	33.6
124	48.1
10	38.4
175	67.2
268	-20.0
344
351	Chicago St.	WAC	30	1–29
0–16	88.8
346	117.0
350	.0405
351	44.2
346	57.8
352	22.5
333	16.7
282	22.1
334	33.9
339	33.1
184	33.9
209	43.5
347	57.9
352	30.7
330	38.5
337	27.0
352	43.8
320	71.7
54	-20.6
350
352	Delaware St.	MEAC	29	4–25
2–14	84.8
352	112.4
331	.0376
352	40.0
353	52.4
253	19.0
209	18.9
144	27.8
195	31.6
296	25.5
327	39.2
312	37.7
353	52.6
273	29.0
347	34.7
193	40.0
138	39.5
212	71.6
62	-21.5
351
353	Maryland Eastern Shore	MEAC	30	5–25
5–11	85.1
351	114.3
343	.0328
353	43.5
350	54.4
323	20.7
303	19.0
138	22.8
327	31.7
300	28.3
293	36.6
267	44.5
340	53.2
288	27.9
352	37.3
313	36.2
241	44.0
323	64.5
343	-19.7
342