Rk	Team	Conf	G	Rec	AdjOE	AdjDE	Barthag	EFG%	EFGD%	TOR	TORD	ORB	DRB	FTR	FTRD	2P%	2P%D	3P%	3P%D	3PR	3PRD	Adj T.	WAB
1	Gonzaga
   1 seed, Finals	WCC	26	26–0
15–0	125.3
1	89.6
9	.9793
1	61.0
1	47.5
56	16.1
35	20.3
86	30.4
93	23.4
23	36.7
51	25.9
44	64.0
1	46.8
68	36.5
57	32.5
101	32.3
289	34.5
85	75.4
3	+8.5
2
2	Houston
   2 seed, Final Four	Amer	26	23–3
14–3	119.0
5	89.4
7	.9640
2	51.3
103	42.9
1	16.3
42	21.6
46	39.4
2	28.0
173	30.7
188	42.4
333	49.9
161	43.0
5	35.5
86	28.5
7	42.3
53	37.6
180	65.9
312	+4.0
15
3	Baylor
   1 seed, CHAMPS	B12	24	22–2
13–1	123.3
3	93.5
37	.9600
3	57.5
3	49.1
127	17.6
101	24.6
3	37.5
4	30.9
277	27.0
286	31.7
175	54.1
32	48.1
110	41.8
1	34.0
179	39.2
129	34.3
76	69.6
152	+6.7
5
4	Michigan
   1 seed, Elite Eight	B10	24	20–4
14–3	117.7
8	90.8
15	.9516
4	54.9
23	44.9
7	16.3
42	15.1
335	29.4
118	24.8
56	28.9
241	24.5
25	53.3
49	42.3
3	38.7
12	33.5
148	33.9
257	32.7
37	67.8
241	+7.1
3
5	Illinois
   1 seed, R32	B10	29	23–6
16–4	117.4
9	90.8
16	.9504
5	55.6
16	46.6
33	18.2
129	16.1
314	33.0
35	22.2
10	39.2
20	30.5
152	55.3
19	45.4
29	37.6
24	32.7
113	30.7
312	33.0
41	71.6
70	+8.8
1
6	Iowa
   2 seed, R32	B10	29	21–8
14–6	123.7
2	96.5
77	.9459
6	54.6
28	48.3
90	13.3
1	16.3
308	30.7
85	28.6
202	32.0
161	22.6
10	52.4
71	45.8
35	38.6
13	34.8
227	39.8
105	39.6
254	70.9
96	+5.5
8
7	Colorado
   5 seed, R32	P12	30	22–8
14–6	115.4
11	91.7
22	.9332
7	52.0
84	47.7
64	16.8
63	19.8
107	30.9
78	25.6
81	29.9
216	28.0
86	50.3
142	46.5
59	36.7
48	33.3
141	35.8
218	34.8
94	67.2
269	+4.9
9
8	USC
   6 seed, Elite Eight	P12	29	22–7
15–5	113.3
21	90.2
12	.9319
8	52.1
80	45.4
11	18.1
124	17.4
263	35.7
10	27.3
147	37.5
38	24.8
30	52.1
79	42.2
2	34.8
116	34.2
194	31.2
307	35.3
105	68.1
225	+5.5
7
9	Florida St.
   4 seed, Sweet Sixteen	ACC	22	16–6
11–4	117.2
10	93.7
39	.9296
9	54.4
30	46.5
31	20.2
238	19.6
121	35.7
10	31.4
288	32.7
144	36.3
282	52.1
79	44.2
11	39.0
9	33.3
141	35.5
226	40.0
264	71.2
87	+2.4
26
10	Ohio St.
   2 seed, R64	B10	30	21–9
12–8	121.4
4	97.1
89	.9287
10	53.1
53	48.9
120	15.3
11	15.0
336	29.1
128	27.4
152	37.6
36	33.8
230	52.1
79	47.4
87	36.5
57	34.1
184	39.4
122	38.0
201	67.8
241	+6.0
6
11	Alabama
   2 seed, Sweet Sixteen	SEC	30	24–6
16–2	110.7
39	88.6
4	.9281
11	51.3
103	45.3
10	18.6
158	21.1
57	31.5
65	29.8
245	28.6
247	31.9
181	50.1
152	46.4
53	35.1
102	28.8
10	47.1
16	33.6
60	74.8
8	+6.9
4
12	San Diego St.
   6 seed, R64	MWC	26	22–4
14–3	111.3
36	89.3
6	.9264
12	52.7
63	46.7
37	16.9
71	22.5
21	29.9
107	24.4
43	34.3
97	32.7
198	50.5
132	44.6
13	37.5
26	32.8
119	39.5
118	45.5
336	66.9
281	+3.1
20
13	Loyola Chicago
   8 seed, Sweet Sixteen	MVC	26	22–4
16–2	109.0
56	88.2
2	.9187
13	56.3
9	46.7
37	18.5
150	21.6
46	26.0
230	21.0
3	30.7
188	22.4
6	58.0
4	45.5
30	35.7
75	32.5
101	37.0
186	34.4
80	64.8
333	+1.8
34
14	Connecticut
   7 seed, R64	BE	22	15–7
11–6	113.9
18	92.3
26	.9186
14	49.5
192	46.2
27	17.5
96	19.6
121	36.8
6	29.8
245	29.6
226	36.9
293	49.0
202	45.6
32	33.6
175	31.6
59	33.3
270	33.0
41	66.6
292	+2.0
31
15	Wisconsin
   9 seed, R32	B10	29	17–12
10–10	111.5
33	90.3
13	.9182
15	49.4
197	47.9
70	13.5
2	17.8
237	23.7
283	25.1
67	26.9
288	28.5
100	46.3
292	47.1
78	36.0
65	33.0
127	40.8
81	34.2
71	65.9
312	+2.1
30
16	Tennessee
   5 seed, R64	SEC	26	18–8
10–7	108.5
61	88.2
3	.9147
16	50.1
168	45.9
24	18.2
129	22.9
14	31.4
67	28.6
202	35.1
80	31.1
162	49.8
166	44.8
15	33.8
160	31.8
69	34.3
249	38.1
204	67.8
241	+2.3
27
17	Texas
   3 seed, R64	B12	26	19–7
11–6	113.5
20	92.8
30	.9108
17	52.9
58	46.7
37	20.2
238	17.8
237	31.3
68	26.9
136	34.0
107	36.7
291	52.4
71	45.8
35	35.7
75	32.3
90	41.9
56	33.4
53	70.0
135	+4.1
14
18	Virginia
   4 seed, R64	ACC	24	18–6
13–4	114.9
14	93.9
41	.9104
18	56.1
11	47.9
70	15.4
13	15.2
332	23.1
298	22.6
15	22.0
342	24.6
26	55.3
19	46.1
45	38.1
16	34.0
179	42.3
53	37.2
167	60.9
347	+3.5
18
19	Texas Tech
   6 seed, R32	B12	27	17–10
9–8	111.5
32	91.4
20	.9076
19	49.7
185	47.8
69	16.3
42	23.8
8	33.8
28	30.0
253	39.3
19	36.5
286	48.7
217	44.8
15	34.6
126	35.0
235	31.4
303	38.6
223	66.6
292	+0.9
44
20	Villanova
   5 seed, Sweet Sixteen	BE	22	16–6
11–4	118.5
7	97.2
90	.9076
20	52.8
60	51.8
245	13.5
2	19.0
147	27.9
169	24.8
56	30.0
212	25.8
42	52.8
62	51.0
227	35.2
99	35.4
255	44.6
30	40.6
279	65.9
312	+3.1
21
21	Creighton
   5 seed, Sweet Sixteen	BE	28	20–8
14–6	114.2
16	94.1
44	.9033
21	55.7
14	46.9
42	15.8
26	17.8
237	24.8
250	28.2
184	26.9
288	25.7
41	56.3
12	46.1
45	36.7
48	32.1
82	44.3
34	39.0
234	70.0
135	+3.2
19
22	West Virginia
   3 seed, R32	B12	27	18–9
11–6	115.0
12	94.9
57	.9007
22	48.7
226	50.2
176	17.0
75	20.7
71	35.6
13	31.3
283	39.4
17	28.5
100	46.4
288	51.3
239	35.7
75	32.3
90	33.1
277	37.3
171	70.5
110	+3.0
22
23	Arizona	P12	26	17–9
11–9	114.9
13	95.0
58	.8990
23	50.5
140	49.2
130	17.2
80	18.0
220	34.3
23	24.4
43	41.8
6	32.4
191	48.1
240	48.0
107	37.2
35	34.1
184	31.4
303	36.7
149	69.0
187	+1.3
37
24	Arkansas
   3 seed, Elite Eight	SEC	28	22–6
13–4	110.0
45	91.3
18	.8957
24	51.5
96	47.6
61	17.4
94	20.3
86	31.7
60	26.2
105	32.7
144	29.3
118	51.9
84	46.9
72	33.9
156	32.6
107	35.8
218	37.6
180	74.0
16	+4.6
12
25	Kansas
   3 seed, R32	B12	27	19–8
12–6	108.7
59	90.2
11	.8948
25	49.7
185	47.0
43	17.7
106	20.0
98	31.2
72	26.9
136	30.5
196	26.5
53	49.3
187	45.9
40	33.7
171	32.5
101	36.0
215	37.5
179	69.2
173	+4.3
13
Rk	Team	Conf	G	Rec	AdjOE	AdjDE	Barthag	Efg%	EfgD%	TOR	TORD	ORB	DRB	FTR	FTRD	2P%	2P%D	3P%	3P%D	3PR	3PRD	Adj T.	WAB
26	BYU
   6 seed, R64	WCC	25	19–6
10–3	111.5
30	92.6
29	.8940
26	55.0
20	46.6
33	19.0
175	16.0
318	28.6
147	23.3
21	27.8
269	29.4
123	54.5
26	45.5
30	37.3
33	32.4
94	38.8
144	34.8
94	69.1
180	+3.5
17
27	Purdue
   4 seed, R64	B10	27	18–9
13–6	111.5
31	93.0
33	.8899
27	51.4
98	48.6
107	18.7
163	16.9
283	32.2
47	24.1
34	32.2
157	30.3
147	52.1
79	49.7
164	33.5
179	31.5
56	37.5
171	45.7
337	67.5
257	+3.7
16
28	St. Bonaventure
   9 seed, R64	A10	20	16–4
11–4	110.1
43	91.9
23	.8895
28	50.5
140	45.5
14	16.9
71	19.5
129	33.6
31	28.4
192	27.8
269	28.3
96	49.3
187	45.1
23	35.4
91	30.6
30	31.9
295	43.2
321	65.5
322	+1.9
32
29	LSU
   8 seed, R32	SEC	27	18–9
11–6	118.9
6	99.8
139	.8823
29	52.8
60	48.5
100	16.1
35	18.4
193	31.5
65	32.8
325	33.9
113	29.1
114	53.0
52	51.3
239	35.0
108	30.0
20	37.1
181	44.3
330	71.4
80	+2.2
28
30	Oregon
   7 seed, Sweet Sixteen	P12	26	20–6
14–4	114.1
17	96.1
73	.8779
30	54.4
30	50.1
174	16.8
63	20.3
86	28.3
155	27.2
143	26.8
295	27.1
60	52.9
57	49.9
173	37.9
19	33.6
153	38.0
162	39.2
241	68.1
225	+4.8
11
31	UCLA
   11 seed, Final Four	P12	27	18–9
13–6	114.7
15	96.7
82	.8766
31	52.1
80	50.8
200	16.5
53	17.6
250	31.0
76	24.6
51	32.5
152	28.1
91	50.3
142	49.6
160	37.2
35	35.1
238	31.5
301	38.6
223	65.4
326	+2.6
24
32	Florida
   7 seed, R32	SEC	23	14–9
9–7	110.4
42	93.4
35	.8724
32	52.5
68	47.5
56	20.7
263	20.6
76	30.8
82	31.6
295	33.8
116	34.8
255	51.9
84	48.4
123	35.7
75	30.6
30	33.8
261	35.3
105	69.5
155	+1.2
40
33	Oklahoma St.
   4 seed, R32	B12	28	20–8
11–7	109.1
54	92.3
27	.8719
33	52.2
76	47.2
49	21.4
292	19.3
135	31.9
56	30.2
260	36.4
58	30.5
152	52.9
57	46.9
72	33.8
160	31.7
66	31.9
295	37.4
177	72.7
37	+4.8
10
34	Memphis	Amer	24	16–8
11–4	101.7
157	86.1
1	.8714
34	50.4
150	43.9
3	22.4
323	22.4
25	33.7
30	24.9
60	34.2
101	36.1
278	48.8
210	45.9
40	35.4
91	27.1
2	35.6
225	38.7
227	73.2
28	-1.1
65
35	Georgia Tech
   9 seed, R64	ACC	25	17–8
11–6	112.7
24	95.6
64	.8692
35	53.9
40	52.2
263	15.9
30	22.8
15	24.8
250	29.9
249	29.0
239	28.9
111	54.8
24	50.7
213	34.9
112	36.7
308	37.0
186	34.6
89	68.6
207	+1.8
33
36	North Carolina
   8 seed, R64	ACC	28	18–10
10–6	107.9
67	91.9
24	.8636
36	48.5
242	48.7
113	20.6
258	19.3
135	41.3
1	26.3
110	34.9
82	27.1
60	48.9
207	46.8
68	31.7
267	34.4
209	28.2
333	38.2
210	72.8
33	+2.4
25
37	Missouri
   9 seed, R64	SEC	25	16–9
8–8	110.7
38	94.3
48	.8635
37	50.9
123	48.5
100	18.9
169	18.4
193	28.6
147	29.2
223	37.5
38	36.4
284	52.6
68	48.3
116	32.0
253	32.7
113	37.5
171	33.0
41	69.5
155	+2.1
29
38	Duke	ACC	24	13–11
9–9	113.8
19	97.0
84	.8626
38	53.6
46	51.3
221	18.4
143	19.9
101	32.2
47	29.0
216	23.4
337	31.9
181	54.1
32	50.3
191	35.1
102	35.6
265	38.7
151	32.3
31	69.4
163	-1.8
77
39	Oklahoma
   8 seed, R32	B12	25	15–10
9–8	111.1
37	94.7
54	.8626
39	50.8
126	48.9
120	15.8
26	18.7
167	27.3
185	27.5
157	29.1
236	22.8
12	50.8
121	46.3
51	33.8
160	35.4
255	39.0
135	38.1
204	68.5
208	+0.28
49
40	Utah St.
   11 seed, R64	MWC	27	19–8
15–4	104.4
120	89.0
5	.8611
40	49.8
180	45.6
15	19.7
210	19.7
113	35.3
16	21.3
5	29.4
230	26.1
47	49.6
176	42.9
4	33.6
175	33.0
127	32.5
287	40.2
269	69.9
140	-1.1
67
41	Maryland
   10 seed, R32	B10	28	15–13
9–11	110.1
44	94.2
45	.8572
41	52.6
65	48.5
100	16.8
63	16.9
283	20.9
327	24.8
56	32.6
150	25.6
39	52.8
62	46.4
53	34.9
112	34.3
202	43.0
45	41.8
303	66.3
300	+0.06
53
42	Saint Louis	A10	20	14–6
6–4	110.4
41	94.8
56	.8529
42	51.8
88	48.0
76	17.6
101	19.6
121	36.4
8	22.0
7	30.5
196	36.3
282	51.4
102	46.8
68	35.2
99	33.3
141	30.9
310	38.7
227	68.8
196	-0.8
61
43	VCU
   10 seed, R64	A10	26	19–7
10–4	104.2
123	89.6
8	.8505
43	50.9
123	45.8
22	20.7
263	23.6
9	28.5
152	31.4
288	34.0
107	35.4
268	51.7
92	45.9
40	32.9
210	30.5
27	34.9
238	35.1
100	70.9
96	+1.0
42
44	Clemson
   7 seed, R64	ACC	23	16–7
10–6	105.2
111	90.5
14	.8484
44	50.4
150	48.8
117	19.5
195	21.6
46	26.6
201	26.5
119	23.6
336	29.6
131	49.2
193	47.4
87	34.6
126	33.8
167	43.9
39	40.4
272	65.4
326	+2.9
23
45	Penn St.	B10	25	11–14
7–12	111.4
34	95.9
68	.8481
45	47.9
267	53.0
288	16.3
42	19.7
113	31.9
56	24.8
56	27.8
269	33.5
217	45.8
300	53.9
301	33.8
160	34.5
216	41.9
56	38.4
215	70.0
135	-0.6
58
46	Mississippi	SEC	27	16–11
10–8	105.5
100	90.9
17	.8470
46	48.9
217	48.6
107	20.4
249	22.7
16	34.8
19	27.3
147	34.4
96	32.9
205	50.6
128	45.7
33	29.9
316	35.7
269	30.7
312	36.6
145	66.0
309	-1.3
71
47	Rutgers
   10 seed, R32	B10	26	15–11
10–10	106.6
87	91.9
25	.8460
47	50.2
167	47.7
64	16.4
52	18.9
153	27.4
182	29.3
227	27.7
277	33.2
209	51.9
84	47.4
87	31.1
288	32.1
82	32.7
284	35.6
113	68.7
203	+1.8
36
48	Utah	P12	25	12–13
8–11	111.8
28	96.6
80	.8439
48	53.1
53	51.2
218	18.4
143	19.6
121	23.6
289	29.5
235	28.8
243	27.3
67	53.0
52	49.6
160	35.5
86	36.0
282	34.6
244	35.6
113	68.5
208	-2.0
79
49	Syracuse
   11 seed, Sweet Sixteen	ACC	25	16–9
9–7	112.2
26	97.3
91	.8381
49	50.7
130	48.5
100	16.0
33	20.8
65	30.3
96	33.8
339	28.4
255	25.1
36	50.8
121	49.2
145	33.8
160	31.7
66	39.2
129	43.9
326	70.1
129	+0.5
46
50	Seton Hall	BE	27	14–13
10–9	109.5
49	95.1
59	.8351
50	50.0
172	49.4
138	18.9
169	19.2
142	29.7
113	29.8
245	35.7
69	27.3
67	51.1
112	46.6
60	32.1
249	36.6
302	36.8
190	34.3
76	68.0
232	-1.2
68
Rk	Team	Conf	G	Rec	AdjOE	AdjDE	Barthag	Efg%	EfgD%	TOR	TORD	ORB	DRB	FTR	FTRD	2P%	2P%D	3P%	3P%D	3PR	3PRD	Adj T.	WAB
51	Virginia Tech
   10 seed, R64	ACC	21	15–6
9–4	108.8
58	94.5
52	.8344
51	52.5
68	48.4
94	17.3
88	17.6
250	28.4
154	24.3
38	33.2
125	30.9
159	51.7
92	47.6
96	35.7
75	33.0
127	41.0
77	39.3
244	67.4
259	+0.9
45
52	Kentucky	SEC	25	9–16
8–9	106.8
84	92.8
31	.8342
52	47.1
288	46.7
37	19.8
218	17.9
227	32.6
40	30.5
267	34.5
90	29.7
135	45.5
309	46.6
60	33.7
171	31.2
48	32.2
292	34.5
85	69.3
167	-4.2
136
53	Stanford	P12	27	14–13
10–10	105.0
112	91.3
19	.8329
53	51.4
98	48.3
90	21.0
279	20.3
86	25.1
245	28.7
208	36.5
55	27.0
58	52.8
62	46.9
72	32.2
244	33.6
153	30.9
310	39.8
261	70.3
119	-0.6
57
54	Indiana	B10	27	12–15
7–12	107.9
68	94.0
42	.8306
54	48.5
242	48.8
117	17.2
80	17.6
250	25.5
240	27.4
152	41.5
8	33.5
217	48.5
227	48.1
110	32.4
232	33.4
144	32.3
289	37.6
180	67.2
269	-1.3
70
55	N.C. State	ACC	24	14–10
9–8	110.7
40	96.5
78	.8291
55	53.2
49	51.5
228	18.5
150	21.9
39	29.8
109	32.2
313	31.7
165	29.0
113	52.4
71	50.7
213	36.5
57	35.3
249	32.5
287	34.9
98	68.8
196	-1.5
73
56	Colgate
   14 seed, R64	Pat	15	14–1
11–1	112.4
25	98.0
105	.8290
56	57.0
5	45.6
15	13.7
4	16.6
299	28.2
159	25.4
76	31.0
179	25.0
31	55.4
16	49.4
153	40.0
3	26.1
1	35.9
216	37.0
161	72.8
33	+0.37
48
57	Georgetown
   12 seed, R64	BE	25	13–12
7–9	107.2
79	93.7
40	.8241
57	49.6
190	48.0
76	21.7
307	16.2
311	32.4
45	27.3
147	30.3
203	25.9
44	46.1
295	47.4
87	36.6
50	32.6
107	38.8
144	39.7
257	70.6
104	-1.1
66
58	Xavier	BE	21	13–8
6–7	109.5
50	96.5
79	.8090
58	52.1
80	47.6
61	15.8
26	16.4
303	26.8
196	27.3
147	25.9
308	23.5
18	54.3
29	45.7
33	32.5
229	33.8
167	38.8
144	37.3
171	69.3
167	-0.8
59
59	Boise St.	MWC	26	18–8
14–6	108.6
60	96.0
70	.8044
59	52.5
68	49.3
134	16.6
57	19.9
101	27.5
180	23.7
29	34.3
97	28.0
86	52.5
69	48.8
132	35.1
102	33.5
148	38.7
151	34.8
94	70.2
125	-0.8
62
60	Richmond	A10	21	13–8
6–5	109.7
47	97.1
86	.8036
60	53.2
49	52.1
258	15.1
9	21.3
54	20.1
333	28.2
184	30.8
186	28.9
111	53.9
37	54.7
317	34.6
126	31.7
66	35.5
226	36.8
156	70.0
135	-1.6
75
61	SMU	Amer	17	11–6
7–4	108.9
57	96.3
76	.8034
61	52.2
76	47.3
51	19.8
218	20.2
91	30.1
101	29.2
223	31.2
176	35.2
263	51.9
84	43.9
9	35.0
108	35.2
242	37.1
181	39.0
234	70.4
112	+0.17
50
62	Wright St.	Horz	24	18–6
16–4	106.9
82	94.8
55	.7997
62	54.4
30	45.1
9	18.0
120	16.7
295	34.2
25	25.1
67	34.5
90	21.8
4	53.8
42	44.8
15	37.0
42	30.6
30	32.9
280	32.9
39	72.3
50	-3.5
119
63	Minnesota	B10	29	14–15
6–14	107.5
75	95.3
60	.7996
63	45.0
329	49.7
154	15.6
17	19.0
147	29.2
124	31.4
288	36.7
51	34.3
245	46.7
280	48.3
116	28.4
339	35.2
242	40.7
84	31.7
24	71.3
85	-1.2
69
64	Louisville	ACC	20	13–7
8–5	106.3
91	94.5
51	.7961
64	47.8
273	48.4
94	17.2
80	16.6
299	32.0
53	26.2
105	32.1
160	29.8
136	48.4
231	50.3
191	30.8
298	30.5
27	30.3
316	40.6
279	67.0
278	+1.2
39
65	Providence	BE	26	13–13
9–10	107.6
70	95.6
65	.7958
65	48.3
250	48.6
107	17.2
80	16.8
290	29.1
128	29.9
249	31.6
167	30.1
141	48.5
227	50.6
210	32.0
253	29.7
15	33.6
265	33.8
65	67.7
246	-2.1
82
66	Michigan St.
   11 seed, R68	B10	28	15–13
9–11	106.1
94	94.4
50	.7923
66	48.1
259	48.0
76	18.8
167	15.2
332	30.5
89	26.4
116	31.3
174	36.8
292	48.1
240	48.0
107	32.1
249	32.1
82	33.9
257	33.7
63	69.5
155	+1.2
41
67	UC Santa Barbara
   12 seed, R64	BW	24	20–4
15–3	108.1
64	96.2
75	.7921
67	53.0
56	47.7
64	16.5
53	20.8
65	28.2
159	24.5
46	35.5
72	28.0
86	53.4
47	46.6
60	34.8
116	33.4
144	33.8
261	30.9
15	66.6
292	+0.12
52
68	Marquette	BE	27	13–14
8–11	107.5
76	96.1
74	.7838
68	50.6
133	47.7
64	20.9
273	15.9
323	29.1
128	28.3
189	35.0
81	30.0
139	51.9
84	45.8
35	32.3
239	33.9
174	37.4
174	37.0
161	68.8
196	-2.2
84
69	Drake
   11 seed, R64	MVC	28	24–4
15–3	111.3
35	99.5
131	.7832
69	54.2
35	48.0
76	15.4
13	18.6
176	31.6
63	25.1
67	25.0
321	30.1
141	53.9
37	49.4
153	36.6
50	30.3
24	31.5
301	35.7
117	67.4
259	+1.8
35
70	Buffalo	MAC	23	15–8
12–5	106.8
83	95.7
67	.7808
70	51.1
119	46.2
27	18.4
143	17.6
250	37.4
5	26.8
133	30.4
200	29.5
129	51.1
112	48.0
107	34.0
150	28.3
4	31.1
309	33.0
41	74.4
12	-3.4
118
71	Wichita St.
   11 seed, R68	Amer	20	14–6
11–2	108.3
62	97.0
85	.7800
71	47.1
288	47.0
43	15.8
26	18.2
204	29.8
109	33.3
333	38.2
29	29.2
116	44.6
323	47.2
82	33.8
160	31.1
47	40.7
84	38.1
204	68.2
219	+1.3
38
72	Auburn	SEC	27	13–14
7–11	109.7
48	98.3
110	.7798
72	51.2
110	49.6
144	21.9
313	18.5
187	35.0
17	31.7
299	36.2
62	31.6
172	53.1
51	49.9
173	32.6
225	32.7
113	46.1
19	35.5
110	72.0
59	-2.3
85
73	Mississippi St.	SEC	29	15–14
8–10	105.4
104	94.5
53	.7780
73	49.6
190	47.0
43	21.9
313	17.5
258	36.4
8	27.6
158	32.9
139	24.1
24	49.4
182	45.9
40	33.6
175	32.3
90	27.2
339	41.2
295	66.6
292	-3.1
111
74	Saint Mary's	WCC	24	14–10
4–6	100.4
190	90.1
10	.7759
74	47.9
267	47.7
64	17.0
75	18.4
193	25.7
237	22.0
7	27.7
277	28.0
86	50.1
152	45.8
35	29.4
326	35.2
242	37.8
165	27.1
3	64.5
336	-0.6
56
75	Toledo	MAC	30	21–9
15–4	112.8
23	101.4
176	.7727
75	54.0
38	48.5
100	15.6
17	17.4
263	29.7
113	30.8
274	28.5
252	23.7
20	52.5
69	51.1
230	37.2
35	29.8
17	45.2
26	40.2
269	69.8
144	-2.0
81
Rk	Team	Conf	G	Rec	AdjOE	AdjDE	Barthag	Efg%	EfgD%	TOR	TORD	ORB	DRB	FTR	FTRD	2P%	2P%D	3P%	3P%D	3PR	3PRD	Adj T.	WAB
76	St. John's	BE	27	16–11
10–9	109.9
46	98.8
117	.7717
76	50.4
150	52.6
275	16.8
63	21.9
39	29.2
124	30.3
263	28.6
247	31.8
179	49.8
166	53.3
284	34.4
139	34.2
194	33.3
270	36.9
159	74.8
8	-0.8
60
77	Oregon St.
   12 seed, Elite Eight	P12	28	16–12
10–10	109.1
53	98.4
113	.7667
77	48.7
226	50.4
187	17.2
80	18.5
187	29.8
109	29.4
230	34.0
107	38.2
304	46.9
275	52.5
268	34.6
126	31.4
54	35.5
226	37.7
185	66.1
307	+0.38
47
78	Ohio
   13 seed, R32	MAC	22	15–7
9–5	111.8
29	101.0
167	.7637
78	55.8
13	51.1
215	17.0
75	20.0
98	28.7
144	27.4
152	29.6
226	30.2
145	56.4
11	51.6
248	36.6
50	33.7
161	38.7
151	40.0
264	70.3
119	-2.0
80
79	Washington St.	P12	27	14–13
7–12	101.2
170	91.5
21	.7607
79	47.9
267	46.6
33	21.6
302	18.5
187	30.7
85	26.0
95	34.7
84	32.7
198	45.7
303	46.4
53	34.1
145	31.3
50	39.6
113	32.8
38	68.9
192	-2.7
95
80	Colorado St.	MWC	23	17–6
14–4	105.4
105	95.3
62	.7593
80	54.9
23	47.5
56	20.0
226	19.9
101	24.6
257	26.0
95	33.9
113	27.8
79	55.7
14	49.6
160	36.0
65	29.9
18	44.4
33	44.2
328	70.2
125	+0.14
51
81	Davidson	A10	21	12–9
7–4	112.2
27	101.5
179	.7589
81	55.3
18	50.0
169	17.3
88	16.1
314	28.1
164	22.4
13	26.9
288	28.6
104	56.9
8	49.7
164	35.7
75	33.7
161	48.4
11	40.4
272	64.1
340	-2.3
86
82	North Texas
   13 seed, R32	CUSA	25	16–9
9–5	103.7
129	94.0
43	.7551
82	54.0
38	45.7
20	20.4
249	21.4
53	27.9
169	26.9
136	27.2
281	31.7
175	52.9
57	44.8
15	37.3
33	31.6
59	37.2
178	34.2
71	64.2
339	-2.4
90
83	Northwestern	B10	23	8–15
6–13	103.6
132	94.2
46	.7486
83	50.3
160	50.2
176	17.2
80	17.9
227	19.9
335	25.9
91	26.8
295	33.7
225	49.1
196	50.5
205	34.6
126	33.2
138	40.5
88	42.4
311	69.5
155	-3.1
107
84	Notre Dame	ACC	26	11–15
7–11	113.0
22	102.9
202	.7467
84	53.9
40	50.8
200	15.7
22	12.8
346	22.0
317	29.8
245	25.9
308	19.7
1	52.9
57	48.5
125	36.8
47	36.6
302	43.4
42	35.9
121	68.2
219	-3.7
123
85	Arizona St.	P12	25	11–14
7–10	107.6
71	98.1
106	.7419
85	49.2
206	52.5
271	15.0
7	20.7
71	21.4
325	30.1
255	33.3
124	36.1
278	48.8
210	51.5
244	33.3
186	36.2
287	35.4
231	36.3
133	73.9
18	-2.9
102
86	UAB	CUSA	27	20–7
13–5	102.2
148	93.6
38	.7333
86	48.6
234	47.0
43	15.6
17	23.6
9	29.0
134	25.4
76	29.9
216	27.1
60	49.4
182	46.1
45	31.1
288	32.4
94	27.6
338	35.5
110	68.4
212	-2.6
92
87	Winthrop
   12 seed, R64	BSth	24	23–1
17–1	104.8
113	96.0
71	.7326
87	53.0
56	49.0
126	19.5
195	22.5
21	35.6
13	22.2
10	35.7
69	33.8
230	53.0
52	49.2
145	35.3
96	32.4
94	39.3
124	36.4
138	74.7
11	+1.0
43
88	Louisiana Tech	CUSA	27	20–7
12–4	101.9
154	93.4
36	.7303
88	50.5
140	45.6
15	18.4
143	18.8
160	27.1
189	23.4
23	35.3
77	26.4
52	49.7
170	46.4
53	34.6
126	29.6
14	36.6
193	38.8
229	70.5
110	-1.6
74
89	Abilene Christian
   14 seed, R32	Slnd	23	19–4
13–2	100.9
176	92.6
28	.7292
89	52.9
58	45.4
11	19.4
190	26.7
1	30.6
87	27.9
169	34.0
107	42.5
334	50.8
121	46.3
51	37.7
21	29.1
12	36.5
198	34.0
69	70.8
99	-1.1
64
90	Furman	SC	22	13–9
10–5	109.0
55	100.3
148	.7219
90	56.7
6	51.5
228	17.8
112	20.5
82	26.3
217	27.4
152	25.8
310	28.7
107	60.8
2	51.5
244	34.8
116	34.3
202	48.3
13	38.3
213	69.1
180	-4.6
146
91	Grand Canyon
   15 seed, R64	WAC	20	14–6
9–3	103.6
131	95.5
63	.7176
91	52.8
60	44.7
6	20.4
249	16.5
301	33.0
35	22.8
17	34.5
90	29.4
123	55.4
16	44.8
15	32.2
244	29.7
15	36.2
208	39.3
244	66.2
304	-2.9
100
92	Dayton	A10	23	14–9
9–7	106.5
89	98.2
108	.7160
92	55.5
17	48.4
94	21.4
292	17.5
258	23.7
283	28.4
192	34.5
90	26.7
54	55.0
23	48.7
131	37.4
28	31.8
69	41.6
62	37.7
185	66.7
287	-2.1
83
93	Western Kentucky	CUSA	28	21–7
11–3	105.4
103	97.3
95	.7149
93	50.9
123	49.1
127	20.7
263	18.9
153	31.7
60	24.2
36	36.2
62	22.4
6	50.3
142	46.2
49	34.8
116	35.7
269	32.3
289	39.6
254	68.9
192	-0.36
54
94	Eastern Washington
   14 seed, R64	BSky	22	15–7
12–3	107.9
66	99.7
135	.7148
94	54.1
37	47.5
56	16.5
53	16.5
301	23.9
277	25.6
81	30.4
200	27.7
76	54.2
31	47.6
96	35.9
71	31.6
59	39.6
113	35.4
108	73.1
30	-3.1
110
95	Liberty
   13 seed, R64	ASun	24	19–5
11–2	109.1
52	100.8
163	.7135
95	57.4
4	48.0
76	15.6
17	17.3
266	23.1
298	22.4
13	25.5
314	29.6
131	56.8
9	47.8
104	38.8
10	32.2
86	47.5
15	36.1
128	64.4
337	-1.7
76
96	Pepperdine	WCC	22	10–12
7–6	107.0
80	98.9
118	.7129
96	50.5
140	50.2
176	17.9
117	17.7
246	23.1
298	27.8
165	32.7
144	34.3
245	51.5
100	55.4
324	32.5
229	27.8
3	37.3
176	37.9
196	72.2
53	-3.9
129
97	Nebraska	B10	26	6–20
3–16	100.6
185	93.3
34	.7034
97	48.2
253	49.8
162	19.7
210	18.1
213	23.1
298	28.9
213	31.0
179	28.4
98	47.1
272	52.1
259	33.2
194	31.3
50	42.5
50	44.9
331	73.1
30	-7.0
200
98	UCF	Amer	23	11–12
8–10	105.3
108	97.9
101	.6985
98	50.1
168	49.3
134	21.6
302	19.5
129	28.2
159	31.5
292	30.7
188	33.6
223	47.9
248	49.4
153	35.5
86	32.7
113	40.2
97	38.4
215	67.9
236	-3.1
108
99	Loyola Marymount	WCC	22	13–9
7–5	105.8
97	98.4
111	.6984
99	51.7
93	50.8
200	23.4
336	17.3
266	32.6
40	20.7
2	41.3
9	34.8
255	52.2
75	50.3
191	33.8
160	34.5
216	34.9
238	36.6
145	67.3
264	-2.3
87
100	San Francisco	WCC	25	11–14
4–9	104.7
115	97.3
93	.6979
100	51.3
103	49.8
162	16.9
71	19.9
101	24.8
250	24.7
53	21.4
344	39.9
321	51.5
100	50.1
181	34.0
150	32.6
107	50.3
2	28.0
4	69.4
163	-5.9
171
Rk	Team	Conf	G	Rec	AdjOE	AdjDE	Barthag	Efg%	EfgD%	TOR	TORD	ORB	DRB	FTR	FTRD	2P%	2P%D	3P%	3P%D	3PR	3PRD	Adj T.	WAB
101	Massachusetts	A10	15	8–7
6–4	105.3
106	97.9
102	.6977
101	50.0
172	50.9
204	16.3
42	19.9
101	24.3
263	25.6
81	34.2
101	33.4
214	50.9
119	51.0
227	32.6
225	33.8
167	44.0
36	30.2
13	72.6
44	-3.7
122
102	Marshall	CUSA	22	15–7
9–5	107.9
69	100.4
151	.6962
102	54.8
26	49.9
164	16.3
42	19.8
107	23.8
278	28.2
184	24.2
327	27.5
72	55.5
15	47.7
101	36.0
65	35.9
280	41.0
77	36.1
128	73.9
18	-2.7
94
103	Pittsburgh	ACC	22	10–12
6–10	106.5
88	99.1
123	.6951
103	48.8
223	50.0
169	18.3
136	17.5
258	34.5
21	26.1
101	36.9
46	33.2
209	47.8
252	51.1
230	33.9
156	32.2
86	33.2
274	40.5
276	69.7
149	-3.9
131
104	Georgia	SEC	25	13–12
7–11	107.0
81	99.6
133	.6941
104	50.7
130	52.5
271	21.5
299	21.6
46	32.8
38	32.3
317	34.3
97	31.4
168	51.8
90	53.3
284	32.3
239	34.2
194	32.1
293	36.7
149	74.2
15	-2.4
88
105	UC Riverside	BW	22	14–8
9–5	102.6
142	95.6
66	.6919
105	52.5
68	45.8
22	17.6
101	16.4
303	26.1
226	23.8
31	22.0
342	28.6
104	50.3
142	44.7
14	36.9
45	31.9
75	42.5
50	34.9
98	67.7
246	-4.3
140
106	Missouri St.	MVC	22	15–7
12–6	106.1
93	98.9
119	.6914
106	54.2
35	47.5
56	18.2
129	14.2
341	23.8
278	22.2
10	30.6
194	28.0
86	55.2
21	46.4
53	35.0
108	33.0
127	38.6
155	33.9
68	69.9
140	-2.6
91
107	Nevada	MWC	25	15–10
10–7	106.6
86	99.5
130	.6896
107	51.3
103	48.4
94	18.3
136	17.8
237	24.3
263	24.3
38	38.9
21	41.4
329	50.0
158	46.9
72	35.5
86	33.6
153	39.3
124	43.5
325	71.2
87	-2.8
97
108	Belmont	OVC	29	25–4
18–2	108.2
63	101.0
168	.6888
108	56.3
9	49.3
134	16.6
57	20.4
83	26.4
210	27.2
143	27.9
265	24.6
26	59.4
3	48.2
113	34.7
122	34.0
179	42.7
47	36.5
142	71.9
61	-1.0
63
109	UC Irvine	BW	25	16–9
12–4	99.2
213	92.9
32	.6808
109	47.3
282	45.6
15	18.9
169	18.2
204	31.1
74	24.7
53	29.1
236	28.1
91	46.7
280	43.2
7	32.9
210	32.9
122	24.5
346	39.6
254	68.7
203	-3.4
117
110	Vanderbilt	SEC	25	9–16
3–13	107.5
73	100.9
165	.6750
110	51.2
110	52.1
258	19.9
223	19.8
107	28.3
155	28.6
202	32.9
139	33.7
225	50.2
149	52.9
277	34.9
112	33.8
167	47.1
16	37.3
171	69.4
163	-6.1
177
111	Rhode Island	A10	25	10–15
7–10	102.8
139	97.1
88	.6584
111	49.2
206	47.9
70	19.7
210	17.5
258	30.0
103	26.7
128	38.9
21	33.5
217	50.3
142	46.8
68	31.2
285	33.0
127	31.9
295	37.7
185	70.3
119	-6.9
198
112	Duquesne	A10	18	9–9
7–7	100.8
179	96.0
69	.6356
112	47.6
278	47.3
51	19.5
195	19.6
121	31.0
76	30.1
255	31.6
167	35.5
270	49.3
187	50.3
191	29.9
316	28.4
6	37.0
186	39.1
237	69.9
140	-4.3
138
113	Vermont	AE	15	10–5
10–4	105.5
98	100.6
155	.6351
113	53.3
48	47.0
43	18.1
124	19.0
147	26.6
201	23.2
20	33.0
135	33.5
217	54.4
28	47.1
78	34.4
139	31.2
48	40.7
84	40.0
264	67.3
264	-3.8
127
114	TCU	B12	26	12–14
5–11	104.4
119	99.5
132	.6339
114	49.9
177	50.7
196	20.9
273	17.0
279	28.9
136	29.3
227	32.4
154	29.3
118	49.5
178	51.0
227	33.8
160	33.5
148	36.3
204	34.7
90	67.9
236	-3.9
130
115	Pacific	WCC	17	8–9
6–7	101.4
164	96.7
81	.6332
115	47.9
267	51.6
236	16.5
53	18.2
204	27.5
180	23.6
26	26.9
288	33.2
209	49.1
196	50.8
217	29.8
319	35.1
238	28.5
330	41.1
294	67.5
257	-3.0
105
116	Akron	MAC	21	13–8
12–6	106.6
85	101.8
187	.6295
116	51.5
96	48.6
107	17.0
75	16.4
303	30.0
103	28.8
211	30.7
188	27.3
67	52.7
67	49.3
148	33.4
183	31.6
59	46.3
18	33.7
63	69.4
163	-3.1
109
117	South Dakota St.	Sum	22	15–7
9–3	109.3
51	104.5
239	.6264
117	56.5
7	51.2
218	17.3
88	15.3
330	24.0
275	21.1
4	38.0
32	26.3
49	53.9
37	49.9
173	40.9
2	35.5
261	35.1
234	39.8
261	72.2
53	-2.8
98
118	UNC Greensboro
   13 seed, R64	SC	29	21–8
13–5	101.6
159	97.4
96	.6196
118	48.2
253	48.1
86	15.6
17	21.0
58	32.4
45	25.9
91	23.8
332	36.4
284	50.3
142	48.3
116	30.0
312	31.9
75	38.9
139	42.1
307	69.2
173	-3.4
116
119	Kent St.	MAC	22	14–8
12–6	104.4
118	100.1
145	.6190
119	50.8
126	49.6
144	19.3
185	17.6
250	34.2
25	28.6
202	28.1
261	27.9
84	51.3
104	47.5
91	33.5
179	35.3
249	39.8
105	39.1
237	70.6
104	-2.8
99
120	California	P12	28	8–20
3–17	103.5
133	99.4
128	.6138
120	49.4
197	53.0
288	19.3
185	17.6
250	24.3
263	25.1
67	34.0
107	34.0
241	49.5
178	51.1
230	32.9
210	37.9
323	40.8
81	32.4
34	66.0
309	-7.5
217
121	Cincinnati	Amer	23	12–11
8–6	101.4
166	97.8
100	.6022
121	48.4
247	49.6
144	20.5
257	18.6
176	29.1
128	25.3
74	33.0
135	37.8
299	49.4
182	49.2
145	31.1
288	33.6
153	39.1
132	35.1
100	71.9
61	-2.9
103
122	Indiana St.	MVC	24	14–10
11–7	101.1
174	97.5
97	.6011
122	48.9
217	51.5
228	18.3
136	21.7
43	25.2
244	27.7
161	36.3
60	28.3
96	47.9
248	52.6
271	33.8
160	33.1
137	33.5
267	38.0
201	67.9
236	-3.7
124
123	DePaul	BE	19	5–14
2–13	97.3
248	94.3
49	.5879
123	46.1
307	48.0
76	22.1
317	20.1
93	31.8
59	31.6
295	23.7
333	35.3
266	45.7
303	49.1
137	31.5
273	30.9
39	28.3
332	40.6
279	71.1
92	-6.0
175
124	Tulsa	Amer	21	9–12
7–9	100.2
198	97.3
94	.5834
124	49.0
213	48.5
100	20.0
226	21.7
43	26.5
206	32.1
312	33.1
130	35.1
260	51.6
96	46.6
60	30.0
312	34.1
184	39.6
113	41.8
303	66.9
281	-5.3
160
125	Weber St.	BSky	20	14–6
12–3	106.0
95	103.0
208	.5812
125	56.4
8	49.9
164	17.2
80	18.9
153	22.4
314	24.5
46	36.8
48	32.2
186	57.3
5	48.3
116	36.6
50	35.2
242	36.9
189	35.3
105	72.7
37	-3.2
112
Rk	Team	Conf	G	Rec	AdjOE	AdjDE	Barthag	Efg%	EfgD%	TOR	TORD	ORB	DRB	FTR	FTRD	2P%	2P%D	3P%	3P%D	3PR	3PRD	Adj T.	WAB
126	South Carolina	SEC	21	6–15
4–12	102.3
147	99.4
129	.5806
126	46.7
297	53.2
298	19.8
218	22.0
36	32.2
47	31.3
283	27.9
265	39.0
314	47.2
268	52.0
255	30.5
303	36.8
312	34.2
252	37.2
167	75.4
3	-5.6
163
127	Butler	BE	25	10–15
8–12	101.2
171	98.4
112	.5799
127	47.5
279	53.0
288	17.3
88	18.6
176	26.0
230	25.2
72	29.4
230	28.5
100	46.8
277	53.4
288	32.3
239	35.0
235	39.8
105	37.6
180	65.5
322	-3.8
128
128	UTEP	CUSA	21	9–12
8–8	102.7
140	99.9
141	.5785
128	47.5
279	49.6
144	16.1
35	18.9
153	24.7
254	25.4
76	29.9
216	40.7
325	46.5
284	48.6
129	32.8
217	34.6
222	36.2
208	30.9
15	68.5
208	-6.4
184
129	Temple	Amer	16	5–11
4–10	100.3
192	97.8
99	.5743
129	46.7
297	47.3
51	19.5
195	16.0
318	25.9
233	28.1
180	38.9
21	31.7
175	43.8
332	44.8
15	34.2
143	34.3
202	38.7
151	38.0
201	69.2
173	-6.2
180
130	Drexel
   16 seed, R64	CAA	19	12–7
4–5	106.2
92	103.6
219	.5697
130	54.3
33	49.6
144	19.6
204	16.4
303	29.4
118	24.3
38	28.5
252	27.2
65	53.5
46	50.4
200	37.2
35	32.1
82	35.7
221	34.4
80	65.3
328	-4.5
143
131	East Tennessee St.	SC	23	11–12
8–7	101.5
163	99.0
121	.5696
131	50.3
160	50.4
187	20.3
244	19.8
107	30.5
89	26.5
119	29.8
219	31.6
172	49.0
202	49.3
148	34.9
112	34.4
209	41.0
77	45.4
334	66.7
287	-7.2
206
132	Mercer	SC	26	15–11
8–9	105.3
107	102.9
203	.5664
132	54.3
33	50.2
176	18.0
120	16.8
290	26.1
226	26.0
95	24.8
323	27.1
60	53.9
37	52.1
259	36.6
50	31.4
54	38.6
155	38.4
215	68.8
196	-6.2
182
133	Texas A&M	SEC	18	8–10
2–8	100.5
188	98.2
109	.5650
133	47.7
275	53.1
295	22.4
323	22.7
16	32.8
38	30.1
255	33.7
118	29.6
131	49.5
178	55.0
320	30.0
312	34.1
184	40.4
92	47.4
343	65.8
317	-4.0
134
134	George Mason	A10	21	12–9
8–6	100.2
199	98.0
103	.5645
134	48.7
226	50.3
182	17.6
101	19.3
135	30.3
96	22.9
18	29.3
233	28.6
104	48.5
227	48.4
123	32.7
219	35.7
269	36.4
201	36.7
149	69.2
173	-4.1
135
135	Miami FL	ACC	27	10–17
4–15	100.8
177	98.7
115	.5622
135	47.4
281	52.5
271	18.4
143	17.9
227	27.0
190	26.3
110	32.8
142	19.8
2	48.9
207	49.7
164	29.5
325	37.8
322	33.3
270	40.7
284	68.8
196	-6.5
186
136	James Madison	CAA	17	10–7
8–2	104.1
124	101.9
189	.5613
136	50.5
140	49.6
144	16.7
61	20.8
65	27.9
169	28.2
184	40.8
11	33.4
214	50.9
119	50.3
191	33.3
186	32.6
107	41.4
68	45.8
338	72.9
32	-4.5
145
137	Wofford	SC	22	13–9
12–5	105.2
110	103.0
207	.5599
137	54.9
23	52.0
252	18.9
169	18.6
176	25.5
240	28.0
173	24.3
325	25.4
37	56.6
10	52.2
263	35.6
83	34.5
216	51.7
1	41.8
303	66.7
287	-4.7
147
138	New Mexico St.	WAC	17	9–8
7–6	104.7
114	102.6
196	.5596
138	49.4
197	49.5
140	18.3
136	18.6
176	34.3
23	26.5
119	31.0
179	34.0
241	50.8
121	50.5
205	31.9
256	31.8
69	48.7
10	35.9
121	64.9
331	-5.5
161
139	Morehead St.
   14 seed, R64	OVC	28	21–7
17–3	98.1
232	96.1
72	.5591
139	51.9
87	47.0
43	22.9
332	18.0
220	31.3
68	24.9
60	36.8
48	23.1
13	51.8
90	47.6
96	34.7
122	30.7
34	34.5
247	41.4
299	66.5
298	-1.9
78
140	South Dakota	Sum	24	13–11
11–4	106.4
90	104.2
234	.5588
140	53.2
49	49.5
140	15.4
13	15.4
328	21.7
322	24.4
43	33.1
130	35.3
266	50.5
132	47.3
86	39.1
7	35.4
255	33.8
261	38.9
233	70.1
129	-6.9
195
141	Navy	Pat	18	15–3
12–1	103.8
128	101.7
182	.5587
141	50.0
172	52.4
268	18.2
129	22.4
25	32.2
47	25.0
64	33.0
135	32.5
194	50.6
128	53.7
296	32.6
225	33.6
153	32.6
286	38.8
229	67.6
253	-0.50
55
142	Bryant	NEC	20	14–6
10–4	103.8
127	101.7
184	.5576
142	53.7
44	46.4
29	20.6
258	17.0
279	29.4
118	30.1
255	34.6
85	27.2
65	51.3
104	48.3
116	38.1
16	28.9
11	40.4
92	38.8
229	74.9
6	-3.9
132
143	Iona
   15 seed, R64	MAAC	17	12–5
6–3	100.7
180	98.8
116	.5571
143	51.2
110	45.6
15	22.5
326	19.6
121	33.5
32	26.2
105	36.1
65	46.3
342	49.9
161	45.8
35	35.5
86	30.1
21	37.6
169	37.9
196	69.3
167	-3.2
113
144	Santa Clara	WCC	19	11–8
4–5	98.9
217	97.1
87	.5517
144	47.7
275	47.4
55	17.8
112	16.9
283	23.0
302	24.9
60	39.9
16	30.1
141	49.0
202	47.2
82	29.9
316	31.9
75	32.0
294	35.4
108	71.8
67	-2.9
101
145	Georgia St.	SB	20	14–6
8–4	105.5
99	103.9
228	.5444
145	51.3
103	48.8
117	16.8
63	19.7
113	30.9
78	32.5
320	32.6
150	34.6
250	51.0
115	47.2
82	34.5
138	34.1
184	35.1
234	40.7
284	71.6
70	-3.3
115
146	Southern Utah	BSky	19	15–4
12–2	107.2
78	105.7
256	.5426
146	52.4
73	51.7
240	16.0
33	17.0
279	29.2
124	23.9
32	39.4
17	31.2
164	54.0
36	50.4
200	33.4
183	35.8
274	41.6
62	37.7
185	71.2
87	-1.4
72
147	Stephen F. Austin	Slnd	18	13–5
12–3	103.0
138	101.6
180	.5399
147	55.0
20	50.9
204	23.5
337	24.5
4	36.7
7	27.4
152	44.0
1	42.2
331	57.1
6	50.5
205	32.2
244	34.5
216	23.9
347	34.2
71	70.6
104	-2.6
93
148	Cal St. Bakersfield	BW	24	13–11
11–7	102.2
150	100.8
162	.5398
148	48.4
247	50.6
194	19.6
204	20.6
76	38.5
3	25.7
88	26.9
288	42.3
332	47.6
258	49.4
153	33.8
160	34.9
229	26.7
342	40.6
279	64.7
335	-5.8
168
149	Bradley	MVC	26	10–16
6–12	102.4
145	101.0
169	.5389
149	49.9
177	51.1
215	18.9
169	17.8
237	28.0
167	26.2
105	22.6
341	30.2
145	51.6
96	46.4
53	31.4
278	38.1
327	36.5
198	44.2
328	67.0
278	-9.6
269
150	Murray St.	OVC	24	11–13
10–10	103.3
134	101.9
188	.5386
150	54.7
27	49.7
154	19.3
185	19.4
134	27.6
177	26.0
95	26.1
303	31.4
168	54.5
26	50.1
181	36.6
50	32.7
113	39.9
102	38.1
204	67.2
269	-10.3
279
Rk	Team	Conf	G	Rec	AdjOE	AdjDE	Barthag	Efg%	EfgD%	TOR	TORD	ORB	DRB	FTR	FTRD	2P%	2P%D	3P%	3P%D	3PR	3PRD	Adj T.	WAB
151	Chattanooga	SC	24	16–8
9–7	102.5
144	101.2
174	.5351
151	50.4
150	51.9
248	15.9
30	18.8
160	22.6
310	25.1
67	28.1
261	23.4
16	48.6
222	52.2
263	35.4
91	34.3
202	40.3
95	35.7
117	67.7
246	-4.2
137
152	Jacksonville St.	OVC	25	16–9
13–6	103.8
126	102.9
201	.5263
152	52.5
68	48.1
86	19.9
223	15.7
326	32.2
47	28.0
173	31.0
179	25.5
38	52.8
62	47.5
91	34.6
126	32.7
113	39.7
109	42.0
306	67.0
278	-5.1
156
153	Bowling Green	MAC	24	13–11
10–8	104.6
116	103.6
221	.5258
153	48.1
259	51.5
228	13.7
4	19.1
145	30.3
96	29.2
223	28.9
241	30.1
141	48.4
231	51.7
249	31.8
261	34.1
184	38.8
144	39.5
252	71.4
80	-5.5
162
154	Ball St.	MAC	23	10–13
8–9	102.1
152	101.2
172	.5250
154	51.3
103	48.9
120	19.7
210	17.2
268	27.8
175	30.5
267	28.7
245	35.7
272	51.4
102	50.4
200	34.2
143	31.0
43	41.2
70	37.9
196	71.8
67	-7.5
215
155	North Dakota St.	Sum	27	15–12
11–5	101.6
160	100.7
159	.5235
155	50.4
150	49.9
164	18.7
163	13.8
344	28.7
144	19.7
1	33.6
120	26.3
49	49.9
161	49.5
157	34.1
145	33.7
161	36.2
208	36.7
149	65.8
317	-6.8
194
156	Oral Roberts
   15 seed, Sweet Sixteen	Sum	23	13–10
10–5	107.5
72	106.7
275	.5216
156	53.6
46	50.4
187	15.7
22	18.2
204	23.2
295	33.0
328	27.8
269	33.1
208	49.7
170	49.0
135	38.8
10	35.6
265	45.9
22	32.0
29	72.3
50	-4.9
152
157	Washington	P12	26	5–21
4–16	101.4
165	100.7
160	.5177
157	48.9
217	51.2
218	19.2
184	17.2
268	23.4
292	34.4
341	26.2
300	34.7
253	48.3
234	50.6
210	33.2
194	34.9
229	39.2
129	33.1
48	72.0
59	-8.3
240
158	Boston College	ACC	20	4–16
2–11	103.0
137	102.4
194	.5173
158	49.8
180	55.5
336	19.1
180	18.7
167	25.4
242	28.7
208	29.7
225	29.1
114	50.1
152	56.9
340	33.0
205	35.3
249	46.1
19	36.1
128	72.5
46	-7.5
216
159	Old Dominion	CUSA	22	14–8
11–5	100.4
189	99.8
138	.5170
159	48.6
234	50.0
169	18.5
150	19.5
129	27.9
169	25.9
91	31.3
174	29.4
123	50.6
128	47.6
96	29.4
326	35.5
261	30.2
318	42.2
308	68.4
212	-3.1
106
160	Northeastern	CAA	19	10–9
8–2	97.5
244	97.0
83	.5144
160	51.6
94	48.3
90	19.5
195	17.2
268	20.2
332	26.3
110	26.0
307	29.3
118	50.4
137	48.3
116	35.4
91	32.3
90	43.9
39	31.6
21	68.2
219	-4.4
142
161	Wake Forest	ACC	21	5–16
3–15	101.1
172	100.6
156	.5140
161	49.0
213	54.5
323	20.0
226	17.9
227	26.2
220	25.9
91	28.5
252	32.1
185	45.9
298	52.8
275	35.1
102	38.3
331	46.0
21	36.6
145	67.7
246	-7.1
205
162	Kansas St.	B12	28	9–19
4–14	98.3
229	98.0
104	.5097
162	47.2
285	53.0
288	22.3
318	19.7
113	29.9
107	27.9
169	27.9
265	32.2
186	48.7
217	52.0
255	30.0
312	36.3
291	40.9
80	40.6
279	66.7
287	-7.0
204
163	UMBC	AE	20	14–6
10–4	99.3
210	98.9
120	.5094
163	50.3
160	46.5
31	18.8
167	17.9
227	25.8
234	24.3
38	36.6
53	25.6
39	49.8
166	44.5
12	34.1
145	32.9
122	37.1
181	41.2
295	69.0
187	-3.8
126
164	Miami OH	MAC	22	11–11
9–8	104.5
117	104.2
233	.5085
164	50.5
140	51.8
245	16.3
42	18.1
213	27.9
169	29.0
216	25.5
314	27.4
70	48.1
240	51.1
230	36.2
62	35.3
249	38.9
139	41.2
295	66.7
287	-6.4
183
165	Tulane	Amer	23	10–13
4–12	97.5
242	97.3
92	.5069
165	44.2
339	49.7
154	16.6
57	22.1
31	22.9
305	30.6
272	36.6
53	30.0
139	44.0
328	46.7
65	29.8
319	35.8
274	40.0
100	43.0
317	68.3
216	-5.9
172
166	Bellarmine	ASun	18	11–7
10–3	107.5
74	107.5
285	.5001
166	55.9
12	55.8
339	17.5
96	23.3
13	26.4
210	28.6
202	28.4
255	28.2
93	55.9
13	52.4
266	37.1
41	39.5
342	31.3
305	49.5
346	65.5
322	-4.7
148
167	Wyoming	MWC	25	14–11
7–9	108.0
65	108.0
290	.5000
167	53.7
44	52.9
285	15.9
30	18.1
213	22.9
305	27.8
165	35.3
77	33.9
238	53.9
37	54.4
311	35.7
75	33.0
127	48.8
9	31.1
18	70.3
119	-5.1
155
168	UTSA	CUSA	22	11–11
9–7	105.5
101	105.5
252	.4984
168	49.4
197	50.9
204	15.7
22	18.1
213	26.5
206	26.9
136	23.7
333	38.3
305	49.2
193	49.8
169	33.1
200	35.1
238	36.8
190	37.9
196	72.8
33	-6.1
179
169	Eastern Kentucky	OVC	27	20–7
15–5	100.6
186	100.7
158	.4976
169	51.2
110	51.0
210	16.6
57	24.3
5	26.8
196	30.2
260	25.6
312	32.2
186	49.6
176	51.8
253	35.8
73	33.0
127	40.0
100	35.6
113	76.0
2	-3.8
125
170	UNLV	MWC	25	10–15
8–10	103.3
135	103.4
215	.4946
170	50.7
130	51.9
248	19.6
204	17.7
246	28.8
139	25.0
64	21.4
344	33.7
225	49.8
166	48.1
110	34.6
126	37.9
323	41.1
74	43.1
319	66.9
281	-7.9
229
171	Hofstra	CAA	23	13–10
8–6	105.5
102	105.8
259	.4912
171	50.8
126	51.1
215	17.5
96	17.4
263	29.3
121	28.9
213	33.2
125	25.8
42	51.7
92	51.4
242	33.0
205	33.8
167	39.3
124	38.1
204	69.3
167	-5.9
170
172	Gardner Webb	BSth	26	11–15
10–10	104.2
122	104.6
240	.4904
172	52.4
73	48.6
107	17.5
96	18.2
204	26.6
201	28.1
180	30.0
212	36.5
286	51.0
115	46.9
72	36.1
64	34.1
184	43.9
39	40.7
284	67.6
253	-10.9
286
173	VMI	SC	22	10–12
7–7	105.9
96	106.2
268	.4899
173	53.8
43	50.5
191	16.9
71	13.4
345	22.6
310	25.7
88	28.8
243	23.3
14	52.4
71	50.8
217	37.0
42	33.4
144	45.4
23	43.4
323	71.2
87	-7.4
213
174	Texas St.	SB	23	17–6
12–3	98.8
220	99.3
126	.4871
174	51.8
88	49.7
154	20.1
233	22.7
16	28.6
147	26.5
119	27.1
283	33.3
213	49.1
196	47.5
91	39.4
6	35.2
242	27.0
340	40.7
284	63.8
342	-3.2
114
175	Florida Atlantic	CUSA	19	9–10
7–5	101.5
162	102.0
191	.4868
175	51.4
98	49.7
154	20.4
249	18.6
176	31.6
63	23.3
21	30.1
208	38.0
302	50.2
149	47.7
101	35.4
91	35.4
255	41.1
74	36.4
138	69.2
173	-7.2
208
Rk	Team	Conf	G	Rec	AdjOE	AdjDE	Barthag	Efg%	EfgD%	TOR	TORD	ORB	DRB	FTR	FTRD	2P%	2P%D	3P%	3P%D	3PR	3PRD	Adj T.	WAB
176	Cleveland St.
   15 seed, R64	Horz	26	19–7
16–4	99.2
214	99.7
136	.4854
176	50.6
133	48.9
120	18.5
150	20.3
86	30.9
78	31.9
308	31.9
163	37.2
295	52.1
79	50.9
222	31.9
256	30.8
36	34.3
249	42.5
312	67.1
276	-2.7
96
177	Army	Pat	20	11–9
7–7	98.8
218	99.6
134	.4776
177	52.2
76	52.4
268	18.2
129	19.5
129	22.7
308	24.5
46	29.3
233	23.7
20	54.3
29	50.5
205	32.7
219	36.7
308	40.5
88	41.2
295	69.5
155	-5.2
157
178	Northern Iowa	MVC	23	8–15
7–11	102.1
151	103.0
206	.4765
178	50.0
172	52.9
285	19.1
180	16.8
290	26.4
210	21.9
6	26.5
299	27.7
76	51.1
112	54.2
308	32.2
244	34.1
184	38.9
139	42.2
308	70.1
129	-8.9
257
179	East Carolina	Amer	18	7–11
2–10	96.8
258	97.7
98	.4722
179	45.2
326	48.9
120	18.5
150	20.6
76	26.9
193	27.7
161	33.1
130	38.3
305	45.5
309	49.7
164	29.8
319	31.9
75	32.7
284	43.3
322	69.2
173	-6.2
181
180	Detroit Mercy	Horz	22	12–10
10–6	107.3
77	108.4
296	.4718
180	55.1
19	54.2
318	16.8
63	18.5
187	27.2
187	29.1
219	25.3
319	22.4
6	52.2
75	53.4
288	39.1
7	36.8
312	44.6
30	42.5
312	68.2
219	-6.8
193
181	South Florida	Amer	21	8–13
4–10	99.6
204	100.7
157	.4696
181	45.1
327	51.7
240	20.8
270	17.8
237	33.8
28	26.5
119	34.5
90	33.5
217	43.3
335	51.5
244	32.4
232	34.6
222	32.9
280	41.5
302	68.2
219	-5.9
174
182	Iowa St.	B12	24	2–22
0–18	99.5
208	100.9
166	.4594
182	48.0
261	52.0
252	21.1
283	18.4
193	24.3
263	33.0
328	19.6
347	36.2
281	48.0
244	53.2
281	32.1
249	33.0
127	38.6
155	34.2
71	70.8
99	-10.3
281
183	Siena	MAAC	17	12–5
12–4	99.6
205	101.1
171	.4554
183	52.0
84	46.0
26	19.5
195	17.8
237	28.0
167	27.1
141	37.2
41	24.7
29	52.2
75	44.8
15	34.4
139	32.4
94	35.1
234	31.6
21	66.6
292	-3.6
120
184	Sam Houston St.	Slnd	24	15–9
13–3	99.8
202	101.8
185	.4415
184	50.4
150	48.5
100	20.3
244	22.0
36	29.3
121	32.7
323	30.0
212	39.5
317	49.1
196	50.3
191	34.8
116	30.3
24	41.2
70	36.4
138	71.9
61	-4.3
139
185	Montana	BSky	23	10–13
7–9	97.9
235	100.0
144	.4371
185	48.9
217	49.6
144	19.4
190	18.2
204	22.7
308	29.1
219	35.9
67	40.4
322	46.5
284	50.2
186	36.6
50	32.4
94	28.1
334	33.8
65	66.8
285	-8.1
235
186	Southern Illinois	MVC	25	11–14
5–13	99.2
212	101.7
181	.4316
186	52.2
76	53.1
295	18.5
150	19.0
147	16.6
345	25.6
81	29.8
219	23.9
23	49.7
170	54.1
305	37.2
35	34.4
209	41.6
62	40.5
276	67.2
269	-7.9
230
187	Utah Valley	WAC	20	9–11
9–4	100.6
184	103.1
210	.4295
187	51.4
98	48.7
113	21.2
287	14.8
338	31.7
60	24.0
33	43.5
3	34.6
250	51.2
108	47.2
82	34.7
122	34.4
209	26.6
343	34.2
71	71.2
87	-6.8
192
188	Fresno St.	MWC	22	10–12
9–11	99.0
216	101.5
177	.4290
188	48.8
223	51.3
221	21.5
299	18.9
153	30.5
89	25.0
64	36.8
48	33.6
223	48.7
217	49.9
173	32.6
225	35.8
274	39.7
109	37.2
167	66.3
300	-6.1
178
189	Rice	CUSA	25	12–13
6–10	102.6
141	105.2
247	.4288
189	52.6
65	51.8
245	21.1
283	17.1
276	26.1
226	27.2
143	26.2
300	22.0
5	51.2
108	50.7
213	36.0
65	35.8
274	48.9
8	35.1
100	70.8
99	-7.5
219
190	Hartford
   16 seed, R64	AE	23	15–8
8–6	96.7
260	99.2
125	.4267
190	50.4
150	47.6
61	19.0
175	20.4
83	24.9
246	28.8
211	28.6
247	25.0
31	51.3
104	50.7
213	32.7
219	28.7
9	42.5
50	40.7
284	67.8
241	-4.9
151
191	Hawaii	BW	19	9–10
9–9	101.1
173	103.8
225	.4251
191	50.6
133	50.1
174	19.8
218	16.7
295	29.1
128	25.6
81	30.3
203	27.7
76	48.6
222	49.8
169	35.7
75	33.8
167	38.6
155	29.9
9	67.6
253	-7.0
203
192	Coastal Carolina	SB	19	12–7
9–5	98.8
219	101.8
186	.4148
192	50.0
172	45.9
24	21.8
310	18.1
213	35.5
15	27.2
143	32.2
157	29.8
136	48.7
217	45.3
27	34.6
126	31.0
43	40.6
87	47.2
341	71.6
70	-5.2
158
193	Austin Peay	OVC	25	12–13
10–10	103.6
130	106.8
276	.4145
193	50.4
150	54.8
329	21.2
287	22.3
28	35.7
10	29.6
237	29.4
230	32.9
205	50.6
128	54.5
313	33.3
186	36.9
315	35.5
226	37.2
167	67.9
236	-10.3
280
194	Louisiana	SB	24	15–9
10–7	100.2
200	103.3
212	.4112
194	50.3
160	48.4
94	20.4
249	17.2
268	32.2
47	27.9
169	30.1
208	30.3
147	48.8
210	46.7
65	35.6
83	34.9
229	32.8
282	30.1
10	72.1
58	-5.8
167
195	San Diego	WCC	14	3–11
2–7	96.0
271	99.1
122	.4104
195	46.4
304	53.3
301	18.1
124	18.2
204	20.9
327	25.6
81	25.6
312	33.8
230	46.8
277	51.2
236	30.4
305	38.5
335	31.9
295	31.6
21	71.3
85	-5.9
173
196	Morgan St.	MEAC	19	12–7
7–5	101.3
169	104.7
242	.4060
196	48.7
226	48.0
76	20.7
263	22.1
31	34.5
21	29.5
235	37.5
38	42.9
335	48.2
239	50.2
186	32.9
210	29.9
18	39.5
118	40.9
291	72.6
44	-5.3
159
197	Campbell	BSth	25	15–10
11–6	102.2
149	105.8
261	.4011
197	55.7
14	52.0
252	18.5
150	21.5
50	19.6
337	30.9
277	33.8
116	30.5
152	55.4
16	55.4
324	37.4
28	31.0
43	36.5
198	37.7
185	65.1
329	-6.6
187
198	Loyola MD	Pat	17	6–11
4–10	96.9
255	100.4
150	.4001
198	51.1
119	49.3
134	20.2
238	19.3
135	31.3
68	25.6
81	35.4
74	33.4
214	53.4
47	47.7
101	30.6
301	34.7
225	30.3
316	37.0
161	68.7
203	-8.7
251
199	Elon	CAA	18	9–9
4–7	96.0
270	99.7
137	.3944
199	48.3
250	49.6
144	17.5
96	17.9
227	24.6
257	22.7
16	23.2
338	39.5
317	47.3
261	50.4
200	33.1
200	32.4
94	44.0
36	42.3
310	67.2
269	-6.4
185
200	Cal Baptist	WAC	19	9–10
6–6	105.3
109	109.3
306	.3925
200	53.9
40	51.6
236	19.7
210	16.1
314	27.4
182	28.0
173	36.9
46	37.2
295	50.3
142	49.9
173	39.5
5	36.8
312	40.3
95	31.8
25	71.6
70	-6.9
196
Rk	Team	Conf	G	Rec	AdjOE	AdjDE	Barthag	Efg%	EfgD%	TOR	TORD	ORB	DRB	FTR	FTRD	2P%	2P%D	3P%	3P%D	3PR	3PRD	Adj T.	WAB
201	Valparaiso	MVC	26	8–18
7–11	95.4
274	99.2
124	.3892
201	47.2
285	50.3
182	18.0
120	17.8
237	20.9
327	26.3
110	26.1
303	28.8
108	48.9
207	50.2
186	29.7
322	33.6
153	40.2
97	36.0
125	68.1
225	-11.5
296
202	La Salle	A10	24	8–16
6–11	100.3
194	104.5
236	.3865
202	50.1
168	52.1
258	20.7
263	19.5
129	26.8
196	29.4
230	24.3
325	36.1
278	49.9
161	53.8
297	33.6
175	32.9
122	39.3
124	37.7
185	69.6
152	-8.9
256
203	Saint Joseph's	A10	20	5–15
3–9	100.3
195	104.5
237	.3847
203	48.6
234	53.6
307	18.6
158	17.2
268	21.8
321	30.9
277	26.7
298	31.4
168	50.1
152	54.1
305	31.4
278	35.1
238	49.2
4	36.8
156	73.5
23	-8.0
233
204	Delaware	CAA	14	6–8
5–4	96.0
272	100.0
143	.3830
204	49.5
192	48.1
86	21.2
287	17.2
268	28.3
155	26.2
105	38.8
24	32.4
191	51.0
115	46.7
65	31.4
278	34.0
179	39.3
124	32.3
31	67.7
246	-6.6
188
205	Seattle	WAC	19	8–11
4–5	97.1
252	101.3
175	.3820
205	46.5
302	50.5
191	15.7
22	21.7
43	26.3
217	30.1
255	28.4
255	40.4
322	45.6
307	50.0
179	31.8
261	34.3
202	41.8
59	35.9
121	70.3
119	-7.8
225
206	Monmouth	MAAC	20	12–8
12–6	99.3
209	103.7
222	.3790
206	48.5
242	48.6
107	17.7
106	20.9
60	25.7
237	28.5
197	38.2
29	38.4
309	45.4
314	48.2
113	36.3
61	32.9
122	34.6
244	40.3
271	75.2
5	-6.0
176
207	Albany	AE	16	7–9
6–6	97.9
236	102.2
193	.3778
207	50.5
140	51.3
221	18.0
120	20.9
60	22.3
315	27.3
147	34.1
104	29.3
118	50.5
132	51.1
230	33.7
171	34.5
216	34.3
249	36.9
159	70.4
112	-7.4
212
208	Tarleton St.	WAC	15	5–10
5–7	98.3
228	102.7
198	.3775
208	48.6
234	52.1
258	18.4
143	23.4
11	19.3
338	31.7
299	38.1
31	45.5
340	45.6
307	50.0
179	37.4
28	36.3
291	28.7
328	48.5
345	65.6
320	-7.4
214
209	Norfolk St.
   16 seed, R64	MEAC	22	15–7
8–4	98.4
227	102.7
200	.3773
209	49.3
202	46.6
33	17.7
106	20.7
71	28.5
152	29.1
219	37.6
36	41.2
327	45.5
309	46.9
72	37.4
28	30.8
36	35.7
221	45.9
339	68.8
196	-5.0
153
210	Saint Peter's	MAAC	25	14–11
10–8	90.1
333	94.2
47	.3745
210	45.6
317	44.9
7	21.8
310	22.5
21	30.4
93	27.7
161	32.7
144	39.5
317	44.1
327	41.6
1	32.3
239	33.6
153	34.4
248	37.3
171	68.1
225	-8.1
234
211	Wagner	NEC	20	13–7
13–5	100.4
191	105.0
245	.3728
211	49.1
211	50.3
182	18.1
124	20.9
60	34.8
19	28.1
180	28.0
264	44.3
338	49.7
170	49.3
148	31.8
261	34.5
216	30.5
314	39.7
257	66.2
304	-5.0
154
212	Mount St. Mary's
   16 seed, R68	NEC	23	12–11
9–7	95.0
279	99.9
140	.3590
212	48.6
234	45.4
11	20.1
233	16.0
318	31.3
68	24.9
60	29.8
219	25.0
31	47.7
255	45.2
25	33.4
183	30.6
30	36.7
192	32.5
36	62.8
346	-7.2
207
213	Texas Southern
   16 seed, R64	SWAC	24	16–8
10–3	97.9
234	103.0
205	.3588
213	48.2
253	46.4
29	21.1
283	19.2
142	32.6
40	26.1
101	38.7
25	33.8
230	50.4
137	45.2
25	28.2
341	32.2
86	27.7
336	38.2
210	72.2
53	-4.4
141
214	UMKC	Sum	20	7–13
7–7	95.2
276	100.1
146	.3585
214	51.2
110	52.3
265	19.6
204	22.5
21	21.6
323	24.6
51	30.5
196	55.3
347	50.4
137	50.9
222	35.1
102	36.5
298	33.4
269	34.7
90	63.6
344	-9.0
258
215	Prairie View A&M	SWAC	21	16–5
13–0	95.4
273	100.3
149	.3585
215	50.3
160	47.3
51	19.4
190	25.7
2	30.9
78	31.4
288	26.9
288	46.3
342	53.0
52	47.1
78	30.4
305	31.8
69	36.1
212	33.6
60	69.9
140	-3.0
104
216	Montana St.	BSky	21	11–10
8–6	98.6
222	103.8
227	.3565
216	49.7
185	49.7
154	17.8
112	18.8
160	24.3
263	26.7
128	40.3
14	37.2
295	50.5
132	48.5
125	32.0
253	34.4
209	33.0
278	37.0
161	69.1
180	-6.7
191
217	Nicholls St.	Slnd	24	17–7
14–2	98.3
231	103.7
223	.3516
217	51.0
122	49.2
130	17.7
106	20.7
71	28.9
136	28.3
189	27.8
269	34.4
248	53.0
52	47.6
96	31.8
261	34.8
227	37.8
165	36.2
131	72.5
46	-3.9
133
218	George Washington	A10	17	5–12
3–5	100.8
178	106.4
271	.3491
218	49.8
180	51.0
210	19.7
210	16.7
295	24.5
261	28.5
197	36.1
65	25.0
31	50.4
137	50.8
217	32.4
232	34.2
194	33.9
257	36.5
142	69.5
155	-8.8
254
219	South Alabama	SB	24	13–11
10–7	102.5
143	108.4
295	.3447
219	50.8
126	49.7
154	17.7
106	19.3
135	26.4
210	33.0
328	31.0
179	24.6
26	49.4
182	49.1
137	35.1
102	33.5
148	44.2
35	49.8
347	67.6
253	-8.2
238
220	Evansville	MVC	25	9–16
7–11	103.9
125	109.9
309	.3445
220	53.2
49	57.4
342	17.2
80	18.3
203	19.1
340	24.1
34	25.4
316	34.3
245	50.0
158	55.7
328	37.7
21	41.0
347	49.0
6	29.2
6	63.2
345	-10.3
278
221	Radford	BSth	25	13–12
12–6	97.3
246	103.0
204	.3444
221	50.5
140	49.9
164	23.2
335	18.0
220	33.4
33	24.5
46	40.2
15	25.0
31	52.9
57	46.0
44	30.9
294	37.2
318	36.3
204	40.4
272	64.8
333	-8.7
249
222	UC Davis	BW	17	9–8
7–5	96.3
265	101.9
190	.3424
222	48.2
253	53.0
288	20.4
249	23.4
11	26.9
193	27.6
158	36.4
58	40.6
324	48.3
234	52.6
271	31.9
256	35.8
274	31.3
305	34.8
94	70.4
112	-5.7
165
223	Lipscomb	ASun	23	11–12
9–6	100.3
193	106.2
267	.3420
223	51.2
110	51.5
228	17.4
94	18.4
193	23.2
295	28.4
192	36.5
55	22.7
11	51.2
108	53.4
288	34.1
145	32.8
119	36.4
201	43.4
323	67.4
259	-8.8
253
224	Northern Kentucky	Horz	25	14–11
11–7	101.8
155	107.8
288	.3411
224	50.6
133	51.7
240	18.6
158	18.9
153	34.9
18	32.7
323	27.8
269	32.5
194	53.7
44	50.8
217	30.7
300	35.5
261	39.6
113	37.3
171	66.0
309	-7.8
226
225	Appalachian St.
   16 seed, R68	SB	25	13–12
7–8	97.5
243	103.7
224	.3300
225	46.9
293	50.0
169	17.7
106	19.8
107	28.2
159	30.2
260	32.7
144	23.7
20	46.4
288	49.6
160	31.7
267	33.7
161	44.5
32	37.6
180	66.3
300	-7.6
223
Rk	Team	Conf	G	Rec	AdjOE	AdjDE	Barthag	Efg%	EfgD%	TOR	TORD	ORB	DRB	FTR	FTRD	2P%	2P%D	3P%	3P%D	3PR	3PRD	Adj T.	WAB
226	Milwaukee	Horz	22	10–12
7–10	100.7
182	107.1
282	.3297
226	49.5
192	52.6
275	15.3
11	18.6
176	24.3
263	26.8
133	33.2
125	35.0
259	49.7
170	49.9
173	32.9
210	37.9
323	35.9
216	39.4
250	70.6
104	-8.8
252
227	Illinois St.	MVC	24	6–18
4–14	97.3
247	103.5
217	.3294
227	50.4
150	51.6
236	19.3
185	16.7
295	23.7
283	26.3
110	23.7
333	26.7
54	50.0
158	54.7
317	34.0
150	31.5
56	39.5
118	40.7
284	70.2
125	-12.0
303
228	Longwood	BSth	27	12–15
10–10	97.6
238	103.9
230	.3283
228	49.8
180	51.7
240	19.8
218	20.6
76	28.1
164	26.9
136	31.5
171	33.8
230	48.6
222	56.1
336	34.6
126	31.0
43	37.4
174	45.4
334	66.2
304	-11.4
294
229	Lafayette	Pat	15	9–6
9–5	104.2
121	110.9
321	.3275
229	50.6
133	50.9
204	15.0
7	16.0
318	23.7
283	28.5
197	30.3
203	33.7
225	48.4
231	51.4
242	36.0
65	33.2
138	38.6
155	30.1
10	69.8
144	-4.8
150
230	Northern Colorado	BSky	19	8–11
6–8	97.6
239	104.1
231	.3239
230	51.3
103	49.2
130	20.4
249	15.9
323	24.6
257	24.3
38	32.3
156	34.8
255	47.4
259	49.8
169	37.6
24	31.3
50	43.1
44	22.3
1	69.0
187	-7.8
227
231	Stetson	ASun	22	9–13
7–9	100.7
181	107.4
284	.3236
231	51.2
110	53.6
307	19.7
210	17.9
227	27.8
175	26.4
116	27.8
269	30.8
158	48.0
244	53.8
297	36.9
45	35.4
255	42.8
46	38.5
220	69.0
187	-9.8
272
232	UNC Wilmington	CAA	16	6–10
1–6	101.6
158	108.5
299	.3218
232	48.6
234	51.6
236	16.1
35	18.9
153	26.5
206	31.5
292	37.1
44	31.7
175	47.2
268	53.9
301	34.0
150	30.9
39	36.4
201	30.2
13	70.7
102	-8.0
232
233	Charleston	CAA	17	7–10
6–4	101.3
168	108.1
292	.3213
233	51.6
94	52.0
252	16.3
42	17.7
246	24.2
270	26.0
95	27.1
283	33.5
217	47.8
252	50.1
181	38.2
14	36.6
302	39.9
102	40.0
264	64.9
331	-7.4
211
234	Oakland	Horz	30	12–18
10–10	101.5
161	108.4
298	.3195
234	48.7
226	55.4
334	17.8
112	18.7
167	30.0
103	33.6
336	33.2
125	21.3
3	47.7
255	55.0
320	33.3
186	37.3
319	41.9
56	42.7
315	71.1
92	-11.6
299
235	Samford	SC	17	4–13
2–9	96.8
259	103.4
214	.3190
235	47.9
267	52.8
283	21.3
291	18.4
193	28.8
139	25.5
80	27.1
283	37.9
300	51.3
104	53.1
280	28.3
340	35.0
235	39.0
135	47.3
342	74.0
16	-9.7
270
236	The Citadel	SC	21	9–12
5–11	103.2
136	110.3
313	.3179
236	51.8
88	52.8
283	16.1
35	13.9
343	22.5
313	25.7
88	33.5
122	25.9
44	53.8
42	55.8
331	32.8
217	31.6
59	44.9
28	35.6
113	74.9
6	-8.3
241
237	Charlotte	CUSA	24	9–15
5–11	96.1
269	102.7
199	.3178
237	49.2
206	50.9
204	20.1
233	18.4
193	21.6
323	24.7
53	37.2
41	23.4
16	49.3
187	52.9
277	32.7
219	31.8
69	34.8
241	38.6
223	63.8
342	-10.5
284
238	Long Beach St.	BW	18	6–12
4–8	97.2
251	103.9
229	.3177
238	50.6
133	49.4
138	21.0
279	17.8
237	23.3
293	31.3
283	37.7
33	34.9
258	49.0
202	48.2
113	35.9
71	34.2
194	33.8
261	38.1
204	74.8
8	-9.1
261
239	Stony Brook	AE	22	8–14
7–9	94.0
294	100.5
153	.3160
239	46.0
310	48.3
90	20.1
233	18.8
160	30.3
96	27.1
141	33.0
135	29.6
131	47.3
261	46.6
60	29.2
329	33.9
174	36.3
204	39.7
257	67.7
246	-11.2
290
240	Western Carolina	SC	25	9–16
4–13	99.5
207	106.5
273	.3133
240	51.8
88	54.1
315	19.5
195	15.9
323	22.6
310	24.5
46	32.2
157	28.5
100	53.2
50	54.6
314	33.2
194	35.6
265	41.3
69	39.5
252	71.5
77	-11.5
297
241	UNC Asheville	BSth	20	10–10
9–5	99.3
211	106.3
269	.3119
241	54.6
28	49.7
154	21.2
287	19.7
113	26.8
196	33.2
331	30.2
206	32.3
190	55.2
21	50.2
186	35.8
73	32.4
94	39.1
132	31.0
17	69.8
144	-7.4
210
242	Youngstown St.	Horz	23	11–12
9–11	102.0
153	109.3
305	.3094
242	48.7
226	54.3
319	16.8
63	18.7
167	33.1
34	29.0
216	31.6
167	26.3
49	50.1
152	54.1
305	30.9
294	36.4
295	36.6
193	38.4
215	68.3
216	-9.3
263
243	Boston University	Pat	18	7–11
6–10	100.6
183	108.1
294	.3046
243	49.7
185	53.6
307	18.3
136	15.2
332	29.0
134	26.1
101	28.6
247	29.8
136	50.8
121	53.4
288	31.9
256	36.0
282	37.9
164	35.1
100	66.3
300	-7.9
228
244	Green Bay	Horz	25	8–17
8–12	101.3
167	108.9
303	.3027
244	49.2
206	53.5
303	15.5
16	16.9
283	26.0
230	29.4
230	27.3
280	31.9
181	48.8
210	53.2
281	33.3
186	36.2
287	33.9
257	34.3
76	67.4
259	-12.5
312
245	Portland St.	BSky	18	6–12
6–8	91.7
313	98.6
114	.3023
245	44.4
335	50.8
200	20.0
226	22.7
16	30.5
89	23.6
26	34.6
85	46.7
344	44.8
319	49.1
137	29.2
329	36.1
285	38.9
139	33.0
41	70.2
125	-9.5
268
246	Arkansas St.	SB	21	8–13
7–8	98.5
225	105.9
262	.3023
246	48.0
261	49.6
144	19.4
190	17.5
258	30.8
82	28.0
173	34.6
85	27.9
84	44.8
319	47.9
105	37.4
28	35.2
242	28.5
330	33.5
57	68.7
203	-10.1
274
247	Niagara	MAAC	20	9–11
7–9	98.5
224	106.0
264	.3018
247	46.6
301	49.5
140	15.2
10	20.1
93	23.3
293	28.4
192	34.6
85	32.5
194	46.4
288	48.5
125	31.3
283	33.9
174	37.2
178	41.4
299	65.9
312	-8.7
248
248	UMass Lowell	AE	23	11–12
7–8	98.0
233	105.6
253	.2977
248	51.2
110	48.4
94	21.0
279	16.3
308	27.0
190	26.6
124	37.2
41	39.5
317	50.8
121	48.9
133	34.6
126	31.6
59	34.9
238	36.3
133	70.3
119	-8.5
245
249	American	Pat	10	4–6
4–5	96.9
254	104.5
238	.2963
249	52.6
65	50.2
176	22.3
318	17.6
250	24.1
272	29.9
249	26.8
295	38.4
309	49.5
178	52.9
277	37.8
20	29.1
12	42.7
47	29.5
7	67.9
236	-4.5
144
250	LIU	NEC	18	9–9
9–9	94.2
291	101.5
178	.2959
250	47.3
282	49.9
164	19.3
185	20.9
60	32.9
37	28.5
197	31.2
176	28.4
98	50.1
152	50.9
222	28.7
337	32.0
79	40.4
92	35.1
100	74.3
13	-7.5
218
Rk	Team	Conf	G	Rec	AdjOE	AdjDE	Barthag	Efg%	EfgD%	TOR	TORD	ORB	DRB	FTR	FTRD	2P%	2P%D	3P%	3P%D	3PR	3PRD	Adj T.	WAB
251	UT Arlington	SB	23	10–13
9–8	97.5
241	105.5
251	.2894
251	46.1
307	50.0
169	16.1
35	19.6
121	26.9
193	32.3
317	26.2
300	29.4
123	41.7
345	47.5
91	35.3
96	36.7
308	39.0
135	33.4
53	70.4
112	-9.5
266
252	Marist	MAAC	21	12–9
10–8	91.8
309	99.3
127	.2883
252	49.1
211	45.7
20	21.4
292	18.0
220	23.0
302	25.4
76	31.5
171	32.2
186	50.8
121	45.3
27	31.0
293	30.9
39	41.2
70	42.5
312	67.2
269	-7.4
209
253	Little Rock	SB	25	10–15
7–11	97.3
249	105.3
248	.2869
253	50.4
150	50.7
196	22.4
323	20.1
93	31.1
74	28.0
173	37.7
33	27.8
79	52.2
75	49.7
164	31.3
283	34.9
229	33.5
267	39.4
250	68.1
225	-11.8
301
254	Western Michigan	MAC	20	4–16
4–12	94.7
286	102.6
197	.2837
254	49.3
202	50.2
176	21.1
283	14.3
340	23.5
290	29.4
230	24.2
327	26.2
48	49.0
202	51.5
244	33.2
194	32.0
79	38.0
162	38.8
229	67.3
264	-11.5
295
255	Cal St. Fullerton	BW	15	5–10
5–9	102.3
146	110.9
319	.2830
255	51.2
110	54.9
331	17.6
101	18.6
176	24.9
246	29.1
219	35.6
71	27.8
79	48.1
240	52.5
268	38.0
18	39.7
345	35.7
221	33.5
57	72.7
37	-7.6
221
256	UC San Diego	BW	14	4–10
4–8	100.5
187	109.0
304	.2824
256	55.0
20	54.5
323	19.6
204	18.4
193	16.7
344	31.7
299	20.8
346	22.4
6	54.6
25	53.3
284	37.0
42	38.0
326	49.0
6	33.6
60	70.1
129	-6.7
190
257	Quinnipiac	MAAC	22	9–13
7–10	90.5
329	98.2
107	.2810
257	46.9
293	44.2
5	19.4
190	17.2
268	21.2
326	27.8
165	35.4
74	32.7
198	45.7
303	43.7
8	32.4
232	30.1
21	41.5
66	34.4
80	72.7
37	-11.1
288
258	Sacramento St.	BSky	18	6–12
5–9	101.7
156	110.6
316	.2766
258	50.6
133	55.6
337	14.9
6	18.8
160	24.5
261	28.0
173	31.5
171	32.0
184	48.0
244	56.0
334	37.7
21	36.6
302	30.5
314	34.4
80	65.9
312	-8.9
255
259	Canisius	MAAC	13	7–6
7–5	97.8
237	106.8
278	.2647
259	47.0
291	50.5
191	16.8
63	20.2
91	26.6
201	26.8
133	31.6
167	31.6
172	48.8
210	50.3
191	29.7
322	34.1
184	41.6
62	31.1
18	71.6
70	-4.8
149
260	Jackson St.	SWAC	18	12–6
11–0	87.2
340	95.3
61	.2635
260	44.6
333	43.8
2	21.6
302	22.0
36	29.1
128	26.6
124	42.1
5	41.2
327	41.9
343	43.1
6	34.0
150	30.3
24	29.3
324	28.4
5	69.7
149	-3.6
121
261	Georgia Southern	SB	22	9–13
7–9	94.2
289	103.0
209	.2628
261	48.0
261	51.0
210	21.4
292	22.1
31	30.4
93	31.0
280	29.1
236	31.4
168	49.1
196	48.9
133	30.9
294	36.2
287	41.7
61	39.3
244	67.7
246	-10.5
283
262	Bucknell	Pat	12	5–7
4–6	98.6
223	107.9
289	.2626
262	52.0
84	49.6
144	17.3
88	15.7
326	19.8
336	28.3
189	36.3
60	29.2
116	53.6
45	47.5
91	33.0
205	36.0
282	39.1
132	32.4
34	72.7
37	-5.6
164
263	Holy Cross	Pat	16	5–11
5–11	98.8
221	108.1
293	.2611
263	50.3
160	52.6
275	18.3
136	18.5
187	26.4
210	31.5
292	26.1
303	35.2
263	48.8
210	52.1
259	35.6
83	35.7
269	32.8
282	33.0
41	69.8
144	-8.4
244
264	Idaho St.	BSky	19	8–11
8–6	91.8
311	100.5
154	.2588
264	47.2
285	48.0
76	23.5
337	18.1
213	30.8
82	26.3
110	38.7
25	35.6
271	48.3
234	45.1
23	30.2
310	36.5
298	38.6
155	29.7
8	65.5
322	-8.2
237
265	High Point	BSth	24	9–15
6–11	96.1
268	105.6
254	.2536
265	45.8
313	52.4
268	18.6
158	20.1
93	32.0
53	28.2
184	38.3
28	34.1
244	46.7
280	51.7
249	29.0
332	35.4
255	29.2
326	45.0
333	67.3
264	-11.9
302
266	Coppin St.	MEAC	22	9–13
8–4	91.4
318	100.4
152	.2518
266	48.6
234	47.9
70	20.0
226	20.4
83	18.5
341	32.5
320	43.8
2	27.0
58	51.6
96	49.1
137	30.3
308	30.8
36	49.5
3	40.7
284	78.0
1	-9.2
262
267	Fairleigh Dickinson	NEC	24	9–15
8–10	100.9
175	111.1
322	.2499
267	51.8
88	53.0
288	19.5
195	19.3
135	28.8
139	33.2
331	31.1
178	33.9
238	49.3
187	54.8
319	37.5
26	33.5
148	36.1
212	38.5
220	71.9
61	-12.0
305
268	Merrimack	NEC	18	9–9
9–9	91.4
315	100.8
164	.2445
268	51.4
98	48.0
76	19.9
223	21.8
41	20.8
330	31.6
295	31.0
179	33.0
207	54.1
32	46.1
45	31.7
267	34.4
209	41.2
70	33.5
57	67.1
276	-7.6
222
269	Southern Miss	CUSA	23	6–17
4–13	91.6
314	101.1
170	.2444
269	47.3
282	50.3
182	20.7
263	18.8
160	23.8
278	23.5
25	28.7
245	29.5
129	47.3
261	50.1
181	31.5
273	33.7
161	30.0
320	44.9
331	68.2
219	-12.8
315
270	Southeast Missouri St.	OVC	27	11–16
9–11	94.5
288	104.7
243	.2342
270	49.9
177	51.9
248	21.7
307	19.7
113	27.6
177	23.6
26	40.5
12	38.9
313	48.0
244	50.6
210	35.2
99	36.2
287	39.6
113	35.7
117	69.5
155	-12.9
316
271	IU Indy	Horz	18	8–10
7–9	94.8
281	105.1
246	.2340
271	49.0
213	52.7
281	19.1
180	19.0
147	25.4
242	25.3
74	30.5
196	35.1
260	47.3
261	56.5
339	34.4
139	30.5
27	38.9
139	34.7
90	72.8
33	-7.9
231
272	Cal St. Northridge	BW	21	8–13
5–9	99.8
201	110.7
317	.2331
272	48.4
247	54.3
319	16.7
61	18.7
167	24.3
263	28.9
213	31.7
165	32.4
191	47.2
268	54.2
308	33.5
179	36.4
295	37.7
168	39.7
257	71.4
80	-9.5
267
273	Purdue Fort Wayne	Horz	23	8–15
6–14	99.6
206	110.5
315	.2310
273	58.2
2	52.5
271	23.7
340	17.0
279	26.2
220	30.8
274	30.2
206	30.4
149	57.0
7	53.9
301	40.0
3	33.6
153	40.5
88	39.3
244	70.6
104	-12.6
313
274	UT Rio Grande Valley	WAC	15	5–10
2–5	90.3
331	100.2
147	.2306
274	43.0
344	48.1
86	19.0
175	24.1
6	30.0
103	34.1
340	37.7
33	43.5
337	44.7
322	48.5
125	26.7
345	31.6
59	37.1
181	31.8
25	71.4
80	-7.7
224
275	New Orleans	Slnd	24	9–15
8–7	96.3
264	107.1
281	.2277
275	52.3
75	51.4
226	22.3
318	21.2
56	29.3
121	32.0
310	33.1
130	38.4
309	52.8
62	52.6
271	33.9
156	32.5
101	28.6
329	32.3
31	73.5
23	-12.5
309
Rk	Team	Conf	G	Rec	AdjOE	AdjDE	Barthag	Efg%	EfgD%	TOR	TORD	ORB	DRB	FTR	FTRD	2P%	2P%D	3P%	3P%D	3PR	3PRD	Adj T.	WAB
276	FIU	CUSA	22	5–17
2–15	96.9
256	107.8
286	.2263
276	50.5
140	53.9
311	20.9
273	21.5
50	25.8
234	33.6
336	24.0
329	34.7
253	51.9
84	53.2
281	32.7
219	36.9
315	49.1
5	31.3
20	71.5
77	-13.6
326
277	New Hampshire	AE	18	9–9
9–6	95.1
277	106.1
265	.2224
277	45.3
325	49.5
140	16.3
42	17.9
227	27.3
185	22.0
7	32.8
142	39.2
316	44.0
328	48.6
129	31.8
261	34.1
184	36.6
193	35.7
117	67.3
264	-7.6
220
278	North Dakota	Sum	26	9–17
8–8	96.2
267	107.3
283	.2206
278	49.4
197	53.2
298	18.7
163	16.9
283	23.5
290	26.6
124	34.6
85	30.4
149	48.7
217	51.1
230	33.7
171	38.4
333	38.8
144	31.9
27	68.4
212	-12.5
310
279	Middle Tennessee	CUSA	22	4–18
3–13	91.3
319	102.1
192	.2171
279	45.4
320	53.0
288	21.7
307	19.8
107	24.9
246	26.0
95	24.9
322	28.8
108	43.1
338	55.5
326	32.5
229	32.0
79	39.9
102	33.3
50	70.4
112	-13.6
325
280	Louisiana Monroe	SB	26	7–19
5–13	93.1
300	104.1
232	.2157
280	48.2
253	50.4
187	19.1
180	21.3
54	22.9
305	32.0
310	25.1
320	34.0
241	46.5
284	47.9
105	34.0
150	36.5
298	39.0
135	36.5
142	68.1
225	-16.0
342
281	Illinois Chicago	Horz	22	9–13
6–10	92.3
306	103.5
216	.2121
281	49.7
185	48.0
76	18.9
169	14.2
341	23.7
283	27.6
158	22.8
340	33.8
230	50.2
149	49.1
137	32.7
219	30.1
21	41.8
59	26.7
2	69.5
155	-10.2
276
282	Fairfield	MAAC	27	10–17
7–11	94.7
283	106.2
266	.2119
282	45.4
320	49.1
127	19.6
204	16.3
308	28.1
164	26.6
124	34.1
104	30.7
156	44.4
325	49.3
148	31.5
273	32.6
107	35.5
226	33.4
53	65.6
320	-14.1
332
283	William & Mary	CAA	17	7–10
4–6	94.0
293	105.7
257	.2067
283	46.1
307	51.0
210	20.2
238	16.9
283	28.6
147	31.8
303	32.0
161	23.6
19	47.9
248	52.1
259	28.7
337	32.6
107	36.1
212	34.7
90	69.1
180	-7.0
201
284	Western Illinois	Sum	21	6–15
5–9	96.4
263	108.4
297	.2066
284	45.8
313	54.4
322	17.3
88	16.1
314	27.9
169	23.1
19	36.5
55	38.8
312	44.6
323	51.8
253	31.8
261	39.5
342	36.6
193	34.3
76	72.7
37	-11.3
291
285	North Florida	ASun	21	7–14
6–6	100.3
196	112.7
337	.2066
285	52.7
63	50.3
182	21.5
299	16.2
311	25.8
234	35.9
345	25.4
316	31.8
179	51.2
108	50.1
181	36.2
62	33.9
174	48.0
14	30.1
10	68.1
225	-10.2
275
286	New Mexico	MWC	20	4–16
2–15	91.2
322	102.5
195	.2065
286	43.9
340	53.1
295	21.6
302	19.7
113	32.0
53	29.7
243	32.9
139	35.7
272	45.5
309	53.6
293	26.8
344	34.9
229	30.1
319	40.9
291	68.5
208	-11.2
289
287	Rider	MAAC	23	6–17
5–13	99.7
203	112.1
335	.2061
287	48.3
250	53.3
301	18.3
136	17.2
268	26.2
220	26.7
128	29.0
239	36.0
277	46.2
293	53.6
293	35.3
96	35.3
249	31.2
307	40.1
268	68.9
192	-14.0
331
288	North Alabama	ASun	20	9–11
7–8	93.5
296	105.3
249	.2029
288	48.2
253	51.3
221	20.3
244	18.6
176	26.1
226	24.2
36	28.3
259	35.7
272	47.3
261	49.8
169	33.0
205	35.6
265	38.8
144	43.1
319	71.1
92	-8.4
242
289	Sacred Heart	NEC	18	9–9
9–7	99.1
215	111.7
329	.2009
289	48.0
261	50.7
196	18.7
163	15.3
330	29.6
115	31.8
303	33.6
120	27.6
74	47.1
272	51.3
239	32.9
210	32.9
122	41.5
66	33.2
49	67.4
259	-7.0
202
290	Manhattan	MAAC	20	7–13
6–12	90.2
332	101.7
183	.2006
290	42.6
345	47.9
70	20.7
263	22.4
25	31.9
56	29.6
237	35.5
72	46.8
345	44.4
325	47.1
78	26.4
346	33.0
127	37.3
176	33.0
41	68.0
232	-11.1
287
291	Central Michigan	MAC	20	5–15
3–13	98.5
226	111.2
324	.1987
291	48.7
226	54.0
314	17.9
117	18.2
204	26.6
201	32.2
313	36.2
62	27.5
72	48.8
210	53.6
293	32.2
244	36.4
295	31.8
299	39.8
261	73.3
26	-11.4
293
292	Florida A&M	MEAC	20	8–12
7–5	89.7
335	101.2
173	.1987
292	48.6
234	47.9
70	23.9
342	21.5
50	30.6
87	31.8
303	29.8
219	33.9
238	49.2
193	50.8
217	31.4
278	28.5
7	26.9
341	36.3
133	69.1
180	-8.7
247
293	Eastern Michigan	MAC	15	3–12
3–11	97.2
250	109.8
308	.1980
293	46.7
297	58.7
345	17.1
79	19.1
145	24.2
270	31.6
295	26.9
288	28.2
93	47.2
268	58.5
343	30.6
301	39.2
340	37.8
165	43.0
317	69.0
187	-8.2
239
294	Towson	CAA	18	4–14
3–9	98.3
230	111.2
323	.1957
294	45.4
320	52.6
275	18.4
143	16.0
318	34.1
27	30.4
265	33.4
123	29.3
118	46.2
293	49.3
148	28.9
333	38.3
331	29.5
322	40.9
291	66.8
285	-10.8
285
295	St. Francis NY	NEC	19	9–10
9–9	100.2
197	113.4
341	.1941
295	49.5
192	52.7
281	16.3
42	19.9
101	30.2
100	30.3
263	30.7
188	39.1
315	49.4
182	50.4
200	33.1
200	38.1
327	29.3
324	34.0
69	73.4
25	-8.7
250
296	Troy	SB	25	8–17
4–12	91.7
312	103.8
226	.1938
296	44.4
335	51.3
221	21.4
292	18.0
220	28.3
155	26.4
116	33.1
130	30.5
152	46.0
296	49.1
137	28.1
342	36.5
298	39.7
109	39.2
241	69.3
167	-13.0
318
297	Florida Gulf Coast	ASun	16	8–8
4–5	91.4
316	103.6
218	.1918
297	47.7
275	48.7
113	20.3
244	18.8
160	28.6
147	29.6
237	24.0
329	26.7
54	51.0
115	49.5
157	28.9
333	31.5
56	44.0
36	37.8
191	71.9
61	-6.6
189
298	Nebraska Omaha	Sum	25	5–20
3–11	93.3
297	105.8
260	.1912
298	46.3
305	53.5
303	18.1
124	16.8
290	23.2
295	26.7
128	29.2
235	31.1
162	44.8
319	51.2
236	33.5
179	38.4
333	26.6
343	36.3
133	72.3
50	-14.3
334
299	Saint Francis	NEC	22	6–16
5–13	94.2
290	107.0
280	.1874
299	47.9
267	51.5
228	20.2
238	18.6
176	28.8
139	28.6
202	33.7
118	29.4
123	48.6
222	54.3
310	30.9
294	31.3
50	33.0
278	38.5
220	69.7
149	-13.0
320
300	NJIT	AE	19	7–12
6–10	93.6
295	106.5
272	.1850
300	45.9
312	52.3
265	16.2
41	20.9
60	24.1
272	29.2
223	34.2
101	29.4
123	46.0
296	53.8
297	30.5
303	33.2
138	35.8
218	36.0
125	68.9
192	-9.7
271
Rk	Team	Conf	G	Rec	AdjOE	AdjDE	Barthag	Efg%	EfgD%	TOR	TORD	ORB	DRB	FTR	FTRD	2P%	2P%D	3P%	3P%D	3PR	3PRD	Adj T.	WAB
301	North Carolina A&T	MEAC	19	9–10
7–1	93.2
299	106.0
263	.1849
301	45.4
320	52.0
252	18.6
158	24.0
7	27.6
177	36.1
346	35.8
68	31.2
164	45.4
314	50.5
205	30.4
305	36.3
291	33.3
270	37.8
191	72.5
46	-6.9
199
302	Eastern Illinois	OVC	27	9–18
6–14	94.7
285	107.8
287	.1840
302	49.3
202	51.9
248	20.0
226	18.7
167	28.8
139	29.6
237	25.7
311	31.0
161	49.7
170	50.3
191	32.4
232	36.3
291	35.4
231	37.3
171	70.0
135	-13.8
329
303	Southern	SWAC	19	8–11
8–6	90.7
327	103.4
213	.1830
303	48.0
261	47.2
49	22.0
316	20.7
71	29.8
109	26.7
128	40.5
12	40.8
326	47.8
252	46.2
49	32.3
239	33.0
127	29.9
321	32.0
29	71.6
70	-8.5
246
304	Lamar	Slnd	28	10–18
7–10	92.7
302	105.7
258	.1800
304	46.0
310	52.3
265	20.1
233	20.0
98	26.4
210	28.7
208	30.8
186	27.4
70	45.7
303	49.1
137	31.2
285	38.7
336	27.7
336	35.5
110	69.1
180	-13.9
330
305	Grambling St.	SWAC	23	11–12
9–6	92.3
307	105.4
250	.1787
305	47.8
273	46.7
37	21.6
302	21.0
58	26.2
220	31.8
303	41.8
6	38.0
302	46.9
275	43.9
9	33.3
186	34.2
194	28.9
327	37.8
191	70.9
96	-9.1
260
306	Robert Morris	Horz	18	3–15
3–12	97.6
240	111.5
328	.1779
306	50.5
140	54.6
325	19.0
175	18.7
167	29.5
116	33.5
335	26.1
303	34.6
250	48.3
234	52.4
266	36.5
57	38.9
337	34.1
253	37.4
177	68.0
232	-12.3
307
307	Hampton	BSth	25	11–14
9–9	95.2
275	108.9
302	.1764
307	49.5
192	49.2
130	18.2
129	17.9
227	22.2
316	31.9
308	28.6
247	35.4
268	49.3
187	48.3
116	33.2
194	33.8
167	38.8
144	37.8
191	71.5
77	-12.0
304
308	Northwestern St.	Slnd	28	10–18
9–7	96.2
266	110.0
311	.1763
308	48.9
217	53.5
303	19.5
195	18.0
220	26.2
220	31.7
299	30.1
208	35.1
260	47.3
261	55.8
331	34.7
122	32.8
119	33.6
265	34.4
80	72.2
53	-12.3
308
309	Jacksonville	ASun	22	9–13
5–9	91.8
310	105.0
244	.1757
309	48.8
223	51.4
226	20.0
226	20.8
65	24.7
254	30.5
267	34.3
97	27.8
79	49.9
161	52.0
255	31.4
278	33.7
161	39.4
122	39.3
244	69.1
180	-10.3
277
310	Portland	WCC	18	3–15
0–11	96.8
257	110.8
318	.1747
310	46.3
305	58.9
346	19.0
175	17.9
227	17.8
343	30.8
274	33.9
113	23.3
14	43.6
333	60.6
346	33.8
160	37.6
321	38.2
161	40.4
272	72.2
53	-9.0
259
311	Air Force	MWC	25	5–20
3–17	94.7
284	108.8
301	.1691
311	52.1
80	57.4
342	22.6
328	21.8
41	15.3
347	35.4
343	30.9
185	32.8
202	54.1
32	59.1
344	33.0
205	36.6
302	45.0
27	40.5
276	64.0
341	-13.6
324
312	Tennessee Tech	OVC	27	5–22
5–15	94.5
287	108.6
300	.1674
312	50.1
168	54.8
329	22.6
328	18.1
213	26.5
206	27.8
165	27.0
286	26.7
54	51.6
96	56.0
334	32.1
249	35.3
249	42.7
47	38.4
215	70.1
129	-16.8
345
313	SIU Edwardsville	OVC	25	8–17
7–12	92.5
304	106.8
277	.1603
313	49.2
206	52.6
275	22.8
331	19.6
121	26.7
200	31.8
303	33.2
125	33.7
225	50.5
132	53.4
288	31.2
285	34.2
194	34.8
241	37.9
196	69.2
173	-13.0
319
314	Binghamton	AE	18	4–14
4–10	96.6
261	111.8
331	.1583
314	48.9
217	51.5
228	20.6
258	16.4
303	29.2
124	27.7
161	23.2
338	31.3
167	48.3
234	49.5
157	33.1
200	36.7
308	45.4
23	36.0
125	67.2
269	-12.1
306
315	Central Arkansas	Slnd	23	4–19
4–12	97.4
245	112.9
339	.1552
315	49.3
202	53.9
311	23.9
342	15.4
328	28.9
136	28.5
197	32.4
154	28.8
108	46.8
277	51.7
249	36.0
65	38.2
330	34.0
254	38.2
210	72.4
49	-13.2
321
316	Utah Tech	WAC	19	6–13
4–10	91.1
325	105.7
255	.1540
316	45.5
319	52.0
252	20.9
273	19.7
113	24.7
254	32.6
322	35.4
74	36.5
286	45.9
298	53.9
301	29.7
322	32.5
101	34.0
254	36.4
138	73.9
18	-9.9
273
317	Lehigh	Pat	15	4–11
4–10	91.4
317	106.4
270	.1483
317	47.1
288	53.2
298	18.2
129	16.9
283	24.9
246	23.7
29	27.9
265	32.8
202	47.0
274	52.3
265	31.6
271	36.6
302	25.6
345	34.5
85	70.6
104	-9.4
265
318	USC Upstate	BSth	22	5–17
5–11	94.1
292	109.6
307	.1479
318	49.0
213	53.7
310	20.8
270	18.7
167	24.0
275	29.6
237	29.8
219	35.2
263	47.7
255	54.6
314	33.9
156	34.7
225	40.1
99	36.8
156	69.6
152	-13.7
328
319	Kennesaw St.	ASun	21	2–19
2–13	88.9
339	103.6
220	.1474
319	45.8
313	52.2
263	20.6
258	17.1
276	24.1
272	25.2
72	30.6
194	32.7
198	46.7
280	54.4
311	29.4
326	31.8
69	37.2
178	33.8
65	70.1
129	-15.3
338
320	Tennessee St.	OVC	22	3–19
3–17	89.5
336	104.4
235	.1459
320	47.0
291	50.9
204	20.9
273	22.1
31	24.8
250	30.6
272	32.7
144	44.5
339	49.1
196	50.9
222	28.8
335	34.0
179	35.3
233	36.7
149	71.9
61	-16.3
343
321	Cal Poly	BW	23	3–20
1–15	89.5
337	104.6
241	.1418
321	44.5
334	50.6
194	20.3
244	18.2
204	22.0
317	29.9
249	29.5
229	36.5
286	42.9
339	49.1
137	31.5
273	35.7
269	37.1
181	32.9
39	67.8
241	-15.5
339
322	Northern Arizona	BSky	22	6–16
4–10	96.6
262	113.1
340	.1401
322	48.0
261	58.2
344	17.9
117	18.4
193	23.8
278	27.9
169	30.4
200	33.2
209	45.8
300	60.4
345	35.0
108	37.0
317	33.2
274	44.1
327	65.1
329	-11.3
292
323	Incarnate Word	Slnd	19	5–14
5–9	94.8
282	111.2
325	.1377
323	50.3
160	52.1
258	20.6
258	18.5
187	23.0
302	32.2
313	32.5
152	33.8
230	45.8
300	55.1
322	38.2
14	30.7
34	39.7
109	33.4
53	65.8
317	-11.6
298
324	San Jose St.	MWC	19	3–16
3–13	95.0
278	111.7
330	.1347
324	44.7
332	52.6
275	17.8
112	14.5
339	20.0
334	35.1
342	30.0
212	27.6
74	42.9
339	55.3
323	31.6
271	32.2
86	39.5
118	39.1
237	73.3
26	-10.3
282
325	Presbyterian	BSth	21	6–15
5–12	90.5
330	106.5
274	.1324
325	46.7
297	52.9
285	23.1
334	22.3
28	32.6
40	28.4
192	35.2
79	41.7
330	47.3
261	53.3
284	30.3
308	34.9
229	35.1
234	36.6
145	66.4
299	-13.0
317
Rk	Team	Conf	G	Rec	AdjOE	AdjDE	Barthag	Efg%	EfgD%	TOR	TORD	ORB	DRB	FTR	FTRD	2P%	2P%D	3P%	3P%D	3PR	3PRD	Adj T.	WAB
326	Charleston Southern	BSth	20	2–18
2–15	90.0
334	107.0
279	.1208
326	46.5
302	50.7
196	23.6
339	17.6
250	27.4
182	31.3
283	30.1
208	34.4
248	46.4
288	50.3
191	31.1
288	34.3
202	43.4
42	37.1
165	70.7
102	-15.3
337
327	Northern Illinois	MAC	19	3–16
2–12	92.7
301	110.5
314	.1180
327	44.4
335	54.7
326	20.2
238	16.8
290	32.6
40	31.3
283	23.9
331	33.8
230	42.8
341	52.0
255	32.4
232	39.0
338	28.1
334	41.4
299	66.6
292	-11.6
300
328	Central Connecticut	NEC	21	5–16
5–13	91.9
308	110.2
312	.1111
328	48.5
242	53.9
311	19.7
210	20.1
93	23.7
283	32.9
326	28.4
255	30.4
149	48.5
227	54.6
314	32.4
232	35.2
242	37.6
169	39.3
244	71.6
70	-13.5
323
329	Howard	MEAC	4	1–3
0–0	96.9
253	116.2
345	.1111
329	51.1
119	53.5
303	18.5
150	12.6
347	20.4
331	31.2
281	37.1
44	27.1
60	50.4
137	55.9
333	34.6
126	33.9
174	45.4
23	46.1
340	72.7
37	-2.4
89
330	North Carolina Central	MEAC	13	4–9
3–5	92.6
303	111.4
327	.1066
330	46.9
293	51.0
210	21.4
292	20.8
65	26.4
210	33.6
336	34.5
90	38.3
305	45.3
316	50.9
222	33.1
200	34.2
194	36.2
208	35.9
121	66.9
281	-6.9
197
331	Fordham	A10	14	2–12
2–11	83.0
345	100.0
142	.1052
331	41.4
346	51.5
228	20.8
270	19.2
142	19.2
339	30.4
265	27.5
279	27.8
79	42.2
342	52.8
275	26.9
343	33.4
144	41.1
74	47.8
344	64.4
337	-8.4
243
332	Alcorn St.	SWAC	19	6–13
6–7	91.3
320	110.0
310	.1050
332	44.4
335	55.4
334	20.4
249	22.1
31	30.1
101	30.5
267	34.0
107	50.1
346	44.0
328	57.7
341	30.1
311	34.6
222	34.0
254	39.0
234	70.4
112	-9.4
264
333	Denver	Sum	20	1–19
1–13	93.2
298	112.4
336	.1045
333	49.8
180	55.8
339	20.9
273	19.0
147	22.0
317	26.1
101	34.1
104	43.0
336	48.6
222	53.8
297	34.8
116	39.3
341	34.6
244	37.8
191	71.8
67	-16.5
344
334	Texas A&M Corpus Chris	Slnd	21	2–19
2–13	89.2
338	108.1
291	.0992
334	46.9
293	51.7
240	23.8
341	19.3
135	24.6
257	29.3
227	34.8
83	31.2
164	45.1
317	51.7
249	33.3
186	34.4
209	36.3
204	34.5
85	70.4
112	-15.8
340
335	McNeese St.	Slnd	18	4–14
4–10	94.9
280	115.0
343	.0986
335	53.1
53	54.7
326	23.0
333	17.7
246	27.0
190	28.1
180	30.7
188	30.7
156	51.7
92	52.5
268	37.2
35	39.0
338	36.6
193	37.1
165	69.3
167	-12.5
311
336	Alabama A&M	SWAC	15	6–9
4–9	85.0
342	103.3
211	.0963
336	44.8
331	44.0
4	21.4
292	18.0
220	28.2
159	29.4
230	31.8
164	37.4
298	45.5
309	44.8
15	28.8
335	28.3
4	33.2
274	33.3
50	68.3
216	-8.1
236
337	Southeastern Louisiana	Slnd	26	8–18
5–11	91.2
321	110.9
320	.0952
337	45.4
320	55.3
333	21.9
313	22.2
30	31.2
72	30.0
253	41.0
10	37.9
300	46.5
284	56.3
337	29.2
329	35.9
280	40.5
88	39.2
241	69.8
144	-14.3
333
338	Tennessee Martin	OVC	23	7–16
6–14	92.4
305	112.7
338	.0919
338	45.6
317	57.3
341	21.0
279	20.6
76	28.7
144	32.9
326	28.3
259	36.5
286	43.3
335	58.2
342	33.2
194	37.4
320	35.7
221	42.7
315	68.4
212	-12.7
314
339	Idaho	BSky	22	1–21
1–17	90.9
326	111.4
326	.0881
339	48.5
242	54.3
319	24.0
345	17.1
276	22.0
317	29.7
243	29.6
226	35.8
276	47.4
259	52.6
271	34.1
145	38.1
327	31.6
300	36.7
149	68.0
232	-17.3
346
340	Houston Christian	Slnd	24	5–19
4–11	91.1
324	111.8
333	.0865
340	48.7
226	54.1
315	22.6
328	18.6
176	25.7
237	31.2
281	28.1
261	28.2
93	47.9
248	55.7
328	33.3
186	34.3
202	39.8
105	38.3
213	73.7
22	-14.9
336
341	Maine	AE	9	2–7
2–6	81.0
346	100.8
161	.0752
341	45.1
327	48.7
113	25.0
347	20.8
65	23.8
278	30.5
267	27.2
281	30.9
159	43.4
334	50.2
186	31.5
273	30.9
39	44.9
28	39.1
237	66.1
307	-5.7
166
342	Arkansas Pine Bluff	SWAC	25	4–21
3–12	90.6
328	114.3
342	.0644
342	43.2
343	54.1
315	22.5
326	18.4
193	27.2
187	32.2
313	38.6
27	38.3
305	41.9
343	51.2
236	30.8
298	40.0
346	29.5
322	33.3
50	68.8
196	-15.9
341
343	Delaware St.	MEAC	17	1–16
1–11	91.1
323	116.1
344	.0579
343	45.7
316	54.7
326	22.3
318	18.7
167	26.3
217	32.3
317	29.8
219	45.5
340	45.0
318	55.6
327	31.1
288	35.5
261	42.3
53	38.6
223	74.3
13	-13.7
327
344	South Carolina St.	MEAC	18	1–17
1–7	85.2
341	112.0
334	.0416
344	44.9
330	55.6
337	23.9
342	22.6
20	26.2
220	33.4
334	27.8
269	35.7
272	43.2
337	56.4
338	31.9
256	36.1
285	37.5
171	36.2
131	73.8
21	-14.6
335
345	Alabama St.	SWAC	18	4–14
4–14	84.6
343	111.8
332	.0392
345	43.5
342	48.9
120	22.3
318	20.6
76	29.5
116	29.6
237	42.7
4	36.9
293	41.3
346	49.0
135	31.7
267	32.5
101	34.7
243	31.9
27	71.0
95	-13.2
322
346	Chicago St.	WAC	9	0–9
0–0	83.8
344	118.0
346	.0192
346	41.3
347	60.1
347	21.8
310	16.2
311	16.6
345	37.9
347	25.4
316	32.8
202	43.9
331	60.6
346	25.1
347	39.5
342	40.8
81	36.7
149	71.4
80	-5.8
169
347	Mississippi Valley St.	SWAC	24	2–22
2–13	79.5
347	120.7
347	.0081
347	43.6
341	55.0
332	24.2
346	14.9
337	18.1
342	35.8
344	24.7
324	32.6
197	38.3
347	55.7
328	32.9
210	35.8
274	48.4
11	36.3
133	73.2
28	-17.3
347