Rk	Team	Conf	G	Rec	AdjOE	AdjDE	Barthag	EFG%	EFGD%	TOR	TORD	ORB	DRB	FTR	FTRD	2P%	2P%D	3P%	3P%D	3PR	3PRD	Adj T.	WAB
1	Houston
   1 seed, Sweet Sixteen	Amer	34	31–3
17–1	117.1
12	88.0
3	.9638
1	52.7
63	42.5
3	15.3
25	22.0
22	37.1
4	27.4
129	28.5
273	35.8
286	53.2
61	43.1
4	34.5
150	27.8
2	37.8
164	43.7
340	64.0
343	+8.0
5
2	Alabama
   1 seed, Sweet Sixteen	SEC	34	29–5
16–2	115.4
16	88.3
4	.9559
2	52.7
63	41.5
1	19.0
241	15.9
305	33.8
27	27.5
137	36.7
49	32.8
223	54.6
28	41.2
1	33.8
181	28.1
3	47.8
6	30.6
17	73.5
4	+10.2
1
3	UCLA
   2 seed, Sweet Sixteen	P12	34	29–5
18–2	113.2
25	87.4
2	.9514
3	50.9
162	46.8
27	15.3
25	23.6
11	33.7
32	27.6
140	27.1
316	27.6
75	50.4
178	46.8
43	34.7
141	31.1
32	29.1
340	39.3
253	67.0
226	+8.4
4
4	Tennessee
   4 seed, Sweet Sixteen	SEC	33	23–10
11–7	111.1
48	86.2
1	.9488
4	50.3
195	42.4
2	18.1
166	22.2
21	36.8
5	26.9
106	30.9
200	34.9
267	51.0
142	44.6
10	32.9
226	26.2
1	40.4
96	41.6
313	66.3
271	+2.8
25
5	Connecticut
   4 seed, CHAMPS	BE	33	25–8
13–7	118.9
6	92.5
15	.9475
5	53.5
42	45.5
11	18.9
236	19.4
98	39.2
1	26.2
76	31.4
180	38.7
321	53.4
54	45.8
25	35.7
88	30.0
15	42.0
61	30.3
13	67.7
187	+5.0
13
6	Purdue
   1 seed, R64	B10	34	29–5
15–5	118.5
8	92.6
17	.9446
6	52.2
85	47.2
36	17.0
88	15.4
330	38.3
3	23.3
12	37.2
39	19.3
1	54.1
35	47.4
58	32.6
254	31.4
44	38.1
153	35.4
120	64.8
327	+9.4
3
7	Arizona
   2 seed, R64	P12	34	28–6
14–6	119.7
3	95.4
42	.9309
7	56.8
3	47.2
36	18.4
204	16.9
246	31.1
94	26.2
76	36.5
51	26.0
41	56.6
8	45.9
29	38.2
13	32.8
97	38.0
157	38.7
231	73.2
7	+7.6
7
8	Saint Mary's
   5 seed, R32	WCC	32	25–7
14–2	111.7
38	89.1
5	.9306
8	52.5
72	46.7
24	16.4
60	19.0
119	33.1
46	21.8
2	31.2
187	30.3
158	51.0
142	45.6
19	36.7
43	32.8
97	37.0
194	31.8
28	62.8
356	+3.4
23
9	Texas
   2 seed, Elite Eight	B12	34	26–8
12–6	114.6
20	91.6
12	.9296
9	52.7
63	47.8
56	16.5
64	22.8
17	28.3
190	29.4
225	31.5
176	34.5
258	53.8
42	47.2
53	33.9
177	32.7
94	35.0
254	35.4
120	69.5
99	+7.5
8
10	Gonzaga
   3 seed, Elite Eight	WCC	32	27–5
14–2	122.6
1	98.6
83	.9250
10	58.5
2	51.7
244	14.6
10	18.8
127	31.1
94	26.0
68	34.2
92	26.7
53	59.0
2	51.2
227	38.4
11	35.0
246	32.8
302	39.4
256	70.7
41	+6.6
9
11	Marquette
   2 seed, R32	BE	34	28–6
17–3	119.0
4	96.0
47	.9216
11	56.0
8	51.1
206	15.2
23	22.8
17	26.5
241	32.1
320	27.1
316	29.0
119	58.8
3	50.0
168	34.8
135	35.2
254	41.9
65	37.5
190	69.3
116	+7.8
6
12	San Diego St.
   5 seed, Finals	MWC	32	26–6
15–3	111.3
45	90.1
8	.9186
12	50.1
205	47.5
46	17.6
134	19.6
90	31.7
78	25.8
64	34.3
89	29.4
128	49.4
218	49.9
166	34.4
158	29.2
7	34.9
259	40.1
281	66.8
239	+5.7
10
13	Kansas
   1 seed, R32	B12	34	27–7
13–5	112.9
29	91.5
11	.9184
13	52.4
74	47.1
34	17.5
121	20.2
68	28.4
187	28.3
173	29.8
229	31.2
181	52.9
66	47.2
53	34.4
158	31.2
36	34.1
277	35.1
107	69.9
79	+10.1
2
14	Creighton
   6 seed, Elite Eight	BE	33	21–12
14–6	113.8
22	92.8
18	.9130
14	54.3
26	47.3
40	16.6
67	14.3
355	25.5
269	23.3
12	28.1
289	19.8
2	54.5
30	45.6
19	36.0
75	34.1
183	42.0
61	29.8
9	68.6
151	+2.2
29
15	Baylor
   3 seed, R32	B12	32	22–10
11–7	120.9
2	99.5
95	.9046
15	53.1
50	51.4
228	18.1
166	19.9
76	34.7
18	31.1
300	37.2
39	31.4
187	50.8
155	53.3
314	37.2
30	32.2
76	45.3
22	37.8
199	67.7
187	+5.2
12
16	Memphis
   8 seed, R64	Amer	34	26–8
13–5	113.9
21	94.2
32	.8995
16	53.2
48	46.8
27	18.4
204	20.9
47	31.0
98	32.3
323	35.9
58	34.9
267	53.1
64	47.2
53	35.6
92	30.8
27	28.8
343	42.9
332	72.2
20	+4.7
15
17	Xavier
   3 seed, Sweet Sixteen	BE	34	25–9
15–5	118.6
7	98.4
80	.8954
17	55.6
9	50.4
168	17.5
121	16.5
280	31.8
75	25.4
53	30.8
203	27.1
64	54.0
37	48.7
103	39.5
3	35.9
281	31.3
319	34.2
77	71.2
35	+5.4
11
18	West Virginia
   9 seed, R64	B12	33	19–14
7–11	116.1
13	96.4
54	.8947
18	51.7
108	50.7
184	18.5
211	20.9
47	33.7
32	29.3
223	39.7
19	38.4
317	51.3
126	50.5
189	34.8
135	34.1
183	36.3
216	35.0
101	69.4
109	+1.5
36
19	Arkansas
   8 seed, Sweet Sixteen	SEC	33	20–13
8–10	110.7
53	92.0
14	.8938
19	52.0
91	46.5
20	18.3
192	20.4
64	30.5
111	28.2
167	38.8
27	38.9
327	53.8
42	46.9
47	31.7
303	30.6
24	28.2
346	30.1
11	70.4
55	+0.38
48
20	Iowa St.
   6 seed, R64	B12	32	19–13
9–9	108.2
88	90.0
7	.8925
20	50.7
178	50.1
149	19.8
284	25.1
2	33.9
26	26.6
90	27.8
296	40.0
338	50.7
160	49.6
156	33.9
177	33.8
157	33.8
284	46.8
355	64.9
326	+2.4
27
21	Duke
   5 seed, R32	ACC	34	26–8
14–6	111.9
37	93.1
23	.8914
21	51.1
151	46.3
18	18.2
180	16.6
272	36.2
8	25.9
67	30.8
203	24.1
15	51.4
120	46.7
41	33.6
190	30.4
20	35.4
250	35.1
107	65.9
286	+4.5
16
22	Texas A&M
   7 seed, R64	SEC	34	25–9
15–3	113.2
24	94.8
37	.8851
22	49.0
252	47.9
63	18.3
192	21.0
41	36.6
6	30.4
270	45.9
2	35.1
273	49.0
240	47.4
58	32.8
236	32.3
81	33.7
285	45.9
352	67.0
226	+3.7
19
23	Auburn
   9 seed, R32	SEC	32	20–12
10–8	110.9
50	93.2
24	.8813
23	49.6
221	45.6
12	18.1
166	19.3
101	33.3
38	32.0
318	35.5
63	39.1
330	51.0
142	46.9
47	31.4
312	28.8
5	35.4
250	34.2
77	68.4
157	+1.1
42
24	Kansas St.
   3 seed, Elite Eight	B12	32	23–9
11–7	110.3
58	93.1
21	.8759
24	51.5
123	47.5
46	20.0
298	20.7
53	31.1
94	29.2
219	37.0
44	36.7
297	51.8
99	48.8
106	34.0
175	30.1
16	36.3
216	36.8
163	70.7
41	+4.2
17
25	Florida Atlantic
   9 seed, Final Four	CUSA	32	29–3
18–2	112.2
33	94.8
36	.8739
25	55.0
18	45.9
15	16.7
69	18.3
159	30.4
119	24.5
29	29.5
237	26.7
53	54.3
31	44.8
12	37.2
30	32.0
67	43.8
37	34.2
77	68.9
133	+4.7
14
Rk	Team	Conf	G	Rec	AdjOE	AdjDE	Barthag	Efg%	EfgD%	TOR	TORD	ORB	DRB	FTR	FTRD	2P%	2P%D	3P%	3P%D	3PR	3PRD	Adj T.	WAB
26	TCU
   6 seed, R32	B12	33	21–12
9–9	110.4
56	93.4
25	.8722
26	50.2
199	47.8
56	17.1
90	21.9
23	32.4
59	30.7
285	33.9
96	29.7
141	51.9
94	49.1
130	30.6
338	30.4
20	29.4
337	35.0
101	70.6
45	+2.2
28
27	Virginia
   4 seed, R64	ACC	32	25–7
15–5	110.4
55	93.5
27	.8717
27	51.3
136	48.3
79	13.7
6	19.7
83	25.5
269	25.0
39	34.5
81	26.1
43	50.4
178	46.5
34	35.3
104	34.0
173	36.1
225	39.7
266	62.1
360	+4.1
18
28	Utah St.
   10 seed, R64	MWC	33	25–8
13–5	115.5
14	98.0
77	.8686
28	55.6
9	47.8
56	17.4
115	15.8
313	27.4
216	24.8
35	35.5
63	30.2
153	54.1
35	45.9
29	38.5
9	34.3
204	42.1
60	33.8
64	69.5
99	+2.9
24
29	Michigan St.
   7 seed, Sweet Sixteen	B10	31	19–12
11–8	111.6
40	95.0
39	.8641
29	51.6
118	48.1
73	16.4
60	14.7
345	27.4
216	25.2
45	25.8
336	28.6
108	47.7
280	48.6
100	39.5
3	31.5
47	33.1
296	38.3
218	65.6
302	+2.4
26
30	Maryland
   8 seed, R32	B10	33	21–12
11–9	111.5
41	95.0
38	.8639
30	51.1
151	47.9
63	16.2
49	18.4
149	30.2
127	27.2
118	33.8
98	27.8
86	52.0
93	47.7
66	33.0
220	32.1
70	37.5
177	31.7
27	65.4
308	+1.0
43
31	Indiana
   4 seed, R32	B10	33	22–11
12–8	112.5
31	95.8
45	.8637
31	53.8
35	47.3
40	16.9
81	16.3
293	28.0
198	27.9
152	30.1
218	30.6
164	53.2
61	45.7
22	37.0
35	33.2
122	26.3
355	38.2
215	68.9
133	+3.4
22
32	Rutgers	B10	34	19–15
10–10	104.6
150	89.2
6	.8617
32	47.9
297	46.6
22	17.1
90	21.7
27	32.1
68	27.9
152	28.2
282	27.4
70	47.9
272	47.0
49	32.1
277	30.7
26	30.2
328	43.0
334	66.6
255	-1.0
66
33	Kentucky
   6 seed, R32	SEC	32	21–11
12–6	114.7
19	97.8
75	.8613
33	51.2
145	48.8
92	17.3
102	16.8
257	38.7
2	25.5
56	32.5
134	29.9
146	50.4
178	48.3
87	35.4
102	33.1
113	30.1
329	35.2
113	66.7
248	+1.6
33
34	Boise St.
   10 seed, R64	MWC	32	23–9
13–5	108.2
87	92.9
20	.8527
34	51.9
99	47.3
40	16.7
69	17.7
194	26.4
246	23.8
16	30.7
207	27.4
70	50.7
160	47.8
71	36.0
75	31.0
30	37.9
160	37.4
185	67.3
212	+2.1
30
35	Oklahoma St.	B12	34	19–15
8–10	106.0
125	91.0
10	.8520
35	48.9
260	45.7
13	20.5
317	18.9
123	32.4
59	28.2
167	32.5
134	31.2
181	50.6
166	44.6
10	30.9
329	31.7
57	38.9
131	38.2
215	68.3
163	+0.14
51
36	Northwestern
   7 seed, R32	B10	32	21–11
12–8	106.6
109	91.7
13	.8498
36	47.2
319	48.4
83	14.8
13	21.7
27	28.3
190	27.3
121	29.7
233	31.6
192	46.5
314	46.6
38	32.1
277	33.9
166	41.2
77	42.4
325	65.6
302	+1.6
34
37	Iowa
   8 seed, R64	B10	32	19–13
11–9	118.9
5	102.7
163	.8435
37	51.9
99	53.3
307	14.1
8	18.5
142	32.2
63	27.6
140	32.6
132	23.4
12	52.1
88	52.6
293	34.3
164	36.6
317	37.4
184	32.2
34	70.4
55	+0.35
50
38	Ohio St.	B10	35	16–19
5–15	115.5
15	99.8
101	.8431
38	52.0
91	48.9
96	16.1
45	15.9
305	31.5
87	28.6
185	26.6
325	28.1
95	50.6
166	49.3
144	36.8
39	32.1
70	31.7
315	36.7
156	66.8
239	-3.1
95
39	North Carolina	ACC	33	20–13
11–9	111.2
46	96.1
48	.8425
39	49.2
243	48.7
89	15.2
23	14.9
341	30.4
119	23.3
12	37.0
44	26.3
47	50.8
155	48.4
90	31.1
324	33.0
106	37.7
170	32.0
31	69.7
90	-0.7
62
40	Miami FL
   5 seed, Final Four	ACC	32	25–7
15–5	117.3
11	101.4
137	.8423
40	55.0
18	51.3
220	16.4
60	18.1
170	32.0
71	29.0
209	30.0
221	24.1
15	54.9
20	51.8
256	36.8
39	33.6
144	34.6
269	37.7
196	69.5
99	+3.7
20
41	N.C. State
   11 seed, R64	ACC	33	23–10
12–8	113.0
27	97.8
74	.8403
41	51.8
104	49.8
133	13.6
4	19.1
115	30.7
105	26.6
90	25.3
340	34.0
250	51.5
112	50.6
197	34.9
128	32.2
76	37.6
174	33.5
52	70.1
70	+1.1
41
42	Oregon	P12	34	20–14
12–8	112.6
30	97.5
69	.8402
42	51.1
151	47.8
56	18.2
180	16.4
287	33.3
38	26.4
80	31.7
170	24.1
15	52.8
68	45.5
18	32.3
270	34.4
213	39.1
127	36.9
169	67.0
226	-0.26
55
43	Penn St.
   10 seed, R32	B10	35	22–13
10–10	115.4
17	99.9
103	.8397
43	55.5
12	49.2
109	13.7
6	13.1
362	18.8
361	25.1
42	21.4
361	25.9
38	53.5
51	48.8
106	38.5
9	33.3
133	47.4
9	37.5
190	65.3
312	+1.3
38
44	Illinois
   9 seed, R64	B10	32	20–12
11–9	109.0
72	94.4
33	.8389
44	51.6
118	46.9
29	18.2
180	18.6
134	32.3
61	26.8
102	33.8
98	29.6
136	55.3
18	45.3
16	30.9
329	33.6
144	41.9
65	30.9
21	70.5
51	+0.9
45
45	USC
   10 seed, R64	P12	32	22–10
14–6	110.8
52	96.4
53	.8321
45	51.3
136	45.2
10	18.1
166	18.1
170	29.0
162	33.0
339	33.8
98	29.8
143	51.1
136	42.4
2	34.5
150	33.4
135	33.0
299	37.4
185	68.9
133	+2.1
31
46	Liberty	ASun	32	24–8
15–3	110.1
60	95.8
44	.8313
46	55.5
12	49.1
103	16.1
45	19.2
109	25.6
268	20.2
1	26.1
329	27.2
67	56.1
11	47.8
71	36.6
46	34.3
204	48.7
3	37.2
179	65.2
316	-2.0
76
47	UAB	CUSA	34	25–9
14–6	111.5
42	97.2
64	.8291
47	50.9
162	47.7
53	17.6
134	19.8
79	36.1
9	28.8
196	36.3
55	30.2
153	49.2
227	47.0
49	36.3
61	32.6
90	32.2
311	37.9
204	71.8
23	-0.48
59
48	North Texas	CUSA	32	25–7
16–4	107.6
98	93.9
30	.8273
48	51.1
151	45.0
7	19.9
290	20.2
68	33.8
27	27.9
152	32.6
132	41.1
342	49.5
215	44.5
8	35.5
97	30.6
24	41.0
81	34.3
81	59.3
363	+1.1
40
49	Providence
   11 seed, R64	BE	32	21–11
13–7	114.9
18	100.4
108	.8263
49	51.5
123	50.0
146	16.9
81	16.9
246	35.2
15	26.7
95	36.8
48	25.5
32	50.9
150	49.6
156	35.1
111	33.9
166	31.6
317	33.9
67	67.7
187	+1.3
37
50	Michigan	B10	33	18–15
11–9	111.0
49	97.0
59	.8252
50	51.7
108	47.9
63	15.0
16	14.5
348	25.5
269	26.1
70	30.7
207	25.9
38	51.0
142	47.9
74	35.2
107	31.9
62	37.7
170	33.6
59	68.3
163	-1.8
74
Rk	Team	Conf	G	Rec	AdjOE	AdjDE	Barthag	Efg%	EfgD%	TOR	TORD	ORB	DRB	FTR	FTRD	2P%	2P%D	3P%	3P%D	3PR	3PRD	Adj T.	WAB
51	Cincinnati	Amer	33	21–12
11–7	110.6
54	96.8
57	.8231
51	51.7
108	47.7
53	15.1
18	16.9
246	30.4
119	27.3
121	25.9
332	28.7
111	50.7
160	48.2
84	35.4
102	31.1
32	39.9
107	31.0
22	69.2
121	-1.7
71
52	Oklahoma	B12	32	15–17
5–13	109.3
67	95.8
43	.8197
52	52.4
74	48.0
70	20.0
298	15.5
326	23.7
321	27.2
118	30.1
218	30.1
151	52.2
83	48.5
94	35.1
111	31.2
36	37.4
184	30.7
19	65.9
286	-1.7
73
53	Arizona St.
   11 seed, R64	P12	35	23–12
11–9	107.2
102	94.0
31	.8183
53	48.2
291	46.7
24	16.7
69	20.5
57	29.4
153	31.4
303	31.1
192	33.2
233	48.5
253	43.8
6	31.9
292	34.1
183	39.5
118	39.1
244	69.1
125	+1.2
39
54	Texas Tech	B12	32	16–16
5–13	109.4
66	96.3
52	.8132
54	52.3
83	48.9
96	19.9
290	19.9
76	32.1
68	30.1
256	34.8
74	28.4
101	52.6
72	49.1
130	34.5
150	32.4
85	36.8
199	42.8
329	68.1
168	-2.5
86
55	Washington St.	P12	34	17–17
11–9	110.4
57	97.2
65	.8125
55	50.4
192	49.8
133	18.5
211	16.6
272	31.5
87	26.1
70	28.2
282	28.4
101	46.3
320	50.5
189	37.3
25	32.2
76	43.4
43	32.2
34	65.1
320	-3.0
93
56	Utah	P12	32	17–15
10–10	106.6
112	93.8
29	.8124
56	48.9
260	45.0
7	18.0
159	15.2
335	31.3
90	27.4
129	29.2
251	24.4
19	48.4
256	44.9
13	33.3
206	30.2
18	37.6
174	35.1
107	66.9
232	-3.3
99
57	UCF	Amer	33	19–14
8–10	108.0
89	95.2
41	.8118
57	50.8
173	47.8
56	19.7
282	21.8
25	34.0
24	31.0
295	29.1
256	32.9
226	48.4
256	48.8
106	36.0
75	30.8
27	42.0
61	38.8
234	65.1
320	-3.8
106
58	Seton Hall	BE	32	16–16
10–10	105.3
136	92.8
19	.8113
58	49.0
252	47.6
50	20.1
303	21.1
39	30.5
111	30.0
251	40.1
18	30.9
173	49.0
240	47.7
66	32.8
236	31.6
53	32.6
307	37.3
181	67.2
220	-2.0
79
59	Missouri
   7 seed, R32	SEC	33	24–9
11–7	117.5
10	103.8
187	.8078
59	55.1
16	52.3
274	16.0
41	24.3
5	26.8
234	37.3
362	29.5
237	35.2
275	55.9
13	51.7
248	36.1
70	35.4
264	43.3
46	44.1
347	70.0
74	+3.5
21
60	New Mexico	MWC	33	21–12
8–10	113.6
23	100.4
109	.8041
60	52.6
70	50.5
173	15.6
32	17.5
214	27.9
202	27.3
121	39.1
23	28.5
104	52.4
76	50.8
207	35.6
92	33.4
135	26.7
353	38.9
237	72.4
18	-1.0
65
61	Clemson	ACC	34	23–11
14–6	109.6
65	97.0
60	.8029
61	54.1
30	47.3
40	16.1
45	16.4
287	23.4
324	24.3
24	30.5
215	30.7
168	53.7
48	45.6
19	36.4
54	33.2
122	40.3
97	40.8
293	68.8
140	-0.27
57
62	Colorado	P12	34	18–16
8–12	105.4
135	93.4
26	.8006
62	48.9
260	47.5
46	19.1
244	19.3
101	31.0
98	25.2
45	30.3
217	32.1
210	49.1
235	47.5
62	32.5
261	31.6
53	34.7
264	34.3
81	69.9
79	-3.4
100
63	Mississippi St.
   11 seed, R68	SEC	34	21–13
8–10	102.3
194	90.7
9	.7984
63	46.7
328	46.2
17	19.4
261	21.7
27	35.5
14	28.6
185	33.8
98	27.6
75	50.4
178	45.8
25	26.6
363	31.1
32	34.6
269	43.8
341	64.4
336	+0.36
49
64	Wisconsin	B10	32	18–14
9–11	105.2
137	93.5
28	.7958
64	48.6
273	50.1
149	13.2
1	18.6
134	22.3
340	25.5
56	24.8
343	27.8
86	46.0
327	51.4
234	34.9
128	31.9
62	40.6
92	35.9
138	63.9
344	-0.49
60
65	Sam Houston St.	WAC	29	22–7
14–4	104.2
158	92.6
16	.7946
65	50.9
162	48.3
79	20.1
303	23.3
12	30.7
105	25.3
50	32.8
125	38.2
316	47.3
294	46.5
34	38.2
13	33.6
144	36.8
199	45.9
352	65.1
320	+0.10
52
66	Dayton	A10	34	22–12
12–6	108.3
85	96.2
51	.7944
66	53.0
54	45.0
7	18.8
231	16.1
299	30.7
105	27.0
110	35.5
63	23.9
14	54.3
31	45.7
22	33.8
181	29.3
9	37.3
187	38.7
231	63.2
352	-4.3
112
67	Drake
   12 seed, R64	MVC	33	26–7
15–5	107.9
96	96.1
49	.7913
67	53.1
50	47.3
40	15.5
29	17.7
194	24.3
309	22.4
3	28.8
267	26.7
53	51.9
94	47.5
62	36.7
43	31.2
36	36.3
216	38.4
221	67.1
221	-0.7
63
68	Villanova	BE	34	17–17
10–10	111.4
43	99.3
94	.7894
68	51.5
123	50.7
184	15.5
29	17.3
224	22.6
337	25.2
45	30.0
221	27.7
79	52.8
68	50.7
204	33.4
202	33.8
157	47.8
6	41.7
316	64.5
334	-2.2
84
69	Iona
   13 seed, R64	MAAC	34	27–7
17–3	108.8
74	97.0
61	.7892
69	51.8
104	45.9
15	15.3
25	20.9
47	32.0
71	30.5
274	29.0
261	31.2
181	50.8
155	47.0
49	36.0
75	29.2
7	32.1
313	34.5
84	69.5
99	-1.7
72
70	Virginia Tech	ACC	34	19–15
8–12	113.0
28	100.9
125	.7856
70	54.0
32	50.7
184	14.7
12	16.3
293	25.9
254	27.7
147	25.9
332	25.2
27	54.3
31	50.5
189	35.8
82	34.0
173	39.6
114	35.6
128	67.4
207	-3.2
97
71	VCU
   12 seed, R64	A10	34	27–7
15–3	104.2
156	93.1
22	.7847
71	52.2
85	47.0
30	19.5
264	24.1
6	29.0
162	29.8
241	41.8
9	30.5
162	52.3
81	46.2
31	34.7
141	32.3
81	32.8
302	34.1
74	68.8
140	+1.0
44
72	Charleston
   12 seed, R64	CAA	33	30–3
16–2	109.2
68	97.7
72	.7821
72	51.5
123	47.9
63	16.7
69	19.3
101	35.1
17	25.5
56	32.7
131	24.7
22	52.9
66	49.1
130	33.3
206	30.3
19	47.4
9	32.0
31	71.8
23	+1.7
32
73	Utah Valley	WAC	31	23–8
15–3	105.6
132	94.5
35	.7814
73	51.6
118	44.1
4	19.4
261	16.6
272	29.0
162	29.1
215	35.9
58	29.7
141	52.5
75	42.6
3	33.2
214	31.4
44	33.2
295	32.6
40	70.6
45	-0.26
56
74	Kent St.
   13 seed, R64	MAC	32	26–6
15–3	106.1
123	95.1
40	.7783
74	51.3
136	47.2
36	16.3
55	22.6
20	30.9
100	30.2
261	32.0
162	38.8
324	52.2
83	47.8
71	33.2
214	30.9
29	38.6
140	40.7
291	68.8
140	+0.8
46
75	Florida	SEC	33	16–17
9–9	104.9
141	94.4
34	.7709
75	49.4
232	46.3
18	16.1
45	17.8
187	23.8
318	30.7
285	34.5
81	29.2
121	50.7
160	45.8
25	31.4
312	31.6
53	36.8
199	30.4
15	70.2
66	-2.9
91
Rk	Team	Conf	G	Rec	AdjOE	AdjDE	Barthag	Efg%	EfgD%	TOR	TORD	ORB	DRB	FTR	FTRD	2P%	2P%D	3P%	3P%D	3PR	3PRD	Adj T.	WAB
76	Nevada
   11 seed, R68	MWC	32	21–11
12–6	109.0
70	98.1
78	.7708
76	50.7
178	49.8
133	15.3
25	18.5
142	22.8
333	24.9
38	39.1
23	31.8
202	50.2
189	50.0
168	34.4
158	33.0
106	37.5
177	42.1
322	66.7
248	+0.7
47
77	Pittsburgh
   11 seed, R32	ACC	34	23–11
14–6	112.4
32	101.4
136	.7660
77	53.1
50	49.0
100	16.3
55	16.9
246	29.9
136	28.8
196	32.2
145	30.0
148	52.1
88	48.5
94	36.2
64	33.2
122	43.9
34	39.7
266	68.0
174	-0.25
54
78	Oral Roberts
   12 seed, R64	Sum	30	26–4
18–0	111.9
35	101.2
132	.7612
78	56.1
7	48.5
84	13.2
1	17.6
206	24.5
300	27.4
129	24.6
345	22.0
6	56.6
8	46.6
38	37.0
35	34.2
196	45.8
16	39.9
275	71.2
35	+1.6
35
79	Vanderbilt	SEC	35	21–14
11–7	113.2
26	102.3
151	.7611
79	50.0
211	49.0
100	16.2
49	15.1
338	30.9
100	31.6
309	32.8
125	31.3
185	49.2
227	50.0
168	34.1
171	31.5
47	42.3
59	36.7
156	67.4
207	-0.32
58
80	Wake Forest	ACC	33	19–14
10–10	111.2
47	100.8
124	.7544
80	54.2
27	51.6
238	17.1
90	17.3
224	24.8
295	26.6
90	32.1
156	26.7
53	54.0
37	51.0
215	36.4
54	35.0
246	45.4
20	38.6
226	70.3
59	-3.0
94
81	St. John's	BE	33	18–15
7–13	107.1
103	97.3
67	.7505
81	49.4
232	50.2
155	18.7
223	19.7
83	34.0
24	27.6
140	27.7
298	29.6
136	49.3
223	49.2
139	33.1
219	34.5
218	27.0
352	39.4
256	74.2
1	-2.6
87
82	BYU	WCC	32	17–15
7–9	106.4
116	96.7
56	.7500
82	51.5
123	49.5
119	20.2
307	18.5
142	31.8
75	24.1
20	32.5
134	37.8
311	53.1
64	48.8
106	32.7
247	33.7
151	39.5
118	38.1
213	70.4
55	-4.5
115
83	Stanford	P12	33	14–19
7–13	112.2
34	102.0
147	.7484
83	52.4
74	51.5
235	18.9
236	18.3
159	31.2
93	26.4
80	29.4
241	28.6
108	51.1
136	50.4
185	36.3
61	35.4
264	39.7
112	40.8
293	66.5
263	-6.2
142
84	Santa Clara	WCC	32	22–10
11–5	108.8
75	99.0
90	.7468
84	52.4
74	50.8
194	17.4
115	16.7
262	30.2
127	24.4
27	30.6
212	25.4
28	50.2
189	48.7
103	37.6
20	36.0
284	36.3
216	38.8
234	70.6
45	+0.10
53
85	Yale	Ivy	28	19–9
10–4	106.7
108	97.1
63	.7464
85	52.8
61	47.0
30	16.5
64	18.4
149	28.0
198	23.2
11	30.6
212	33.9
245	52.4
76	45.7
22	35.8
82	32.6
90	34.7
264	40.6
289	66.9
232	-2.0
78
86	Marshall	SB	31	23–8
13–5	109.0
69	99.5
96	.7423
86	52.6
70	47.7
53	15.5
29	20.1
72	31.7
78	32.6
328	26.2
327	28.0
92	53.9
39	47.7
66	33.6
190	31.9
62	36.9
198	34.0
70	72.8
12	-2.8
89
87	Hofstra	CAA	33	24–9
16–2	109.0
73	100.1
106	.7265
87	55.5
12	46.5
20	15.9
39	18.4
149	23.5
322	31.5
307	20.9
363	25.0
25	55.7
16	46.4
33	36.8
39	31.1
32	39.3
123	36.3
148	68.0
174	-2.4
85
88	Toledo	MAC	34	26–8
16–2	118.5
9	109.0
293	.7231
88	56.3
6	52.9
297	13.6
4	18.3
159	29.8
142	30.9
292	34.4
87	27.5
74	54.6
28	52.1
274	39.7
2	36.1
288	35.5
243	37.9
204	70.3
59	-1.2
67
89	Bradley	MVC	34	24–10
16–4	104.9
142	96.5
55	.7217
89	52.7
63	46.7
24	17.9
151	18.9
123	29.2
158	23.8
16	26.8
321	32.1
210	52.7
70	45.8
25	35.1
111	32.2
76	39.3
123	38.4
221	66.0
282	-1.4
68
90	Wichita St.	Amer	32	17–15
9–9	105.9
126	97.6
70	.7198
90	50.7
178	47.5
46	18.2
180	16.9
246	29.1
161	28.2
167	30.8
203	25.9
38	53.3
60	45.4
17	30.9
329	33.6
144	37.2
188	40.8
293	66.8
239	-5.5
126
91	Louisiana
   13 seed, R64	SB	30	23–7
13–5	110.8
51	102.3
152	.7140
91	53.0
54	50.6
179	17.5
121	18.1
170	33.8
27	26.4
80	37.7
36	33.8
244	52.2
83	49.2
139	36.6
46	35.9
281	31.7
315	29.9
10	69.2
121	-0.5
61
92	UNLV	MWC	31	18–13
7–11	105.8
127	97.8
73	.7135
92	49.2
243	52.4
276	17.5
121	24.7
4	27.9
202	31.0
295	35.5
63	31.0
176	47.9
272	50.9
211	34.1
171	36.1
288	40.0
104	44.5
349	70.3
59	-3.4
101
93	Indiana St.	MVC	33	21–12
13–7	108.7
76	100.6
117	.7093
93	56.4
5	48.2
75	16.7
69	17.5
214	21.7
343	22.7
8	31.9
164	31.4
187	58.8
3	48.5
94	35.7
88	31.8
60	46.2
14	36.1
142	71.5
30	-6.9
153
94	Furman
   13 seed, R32	SC	31	24–7
15–3	111.9
36	104.1
194	.6980
94	55.6
9	50.6
179	15.8
37	18.4
149	29.6
150	27.1
115	34.7
77	31.8
202	59.1
1	51.2
227	34.4
158	33.1
113	46.4
13	35.2
113	69.1
125	-2.0
77
95	UC Irvine	BW	33	21–12
15–5	105.8
128	98.4
81	.6974
95	51.5
123	45.8
14	17.5
121	17.5
214	27.4
216	27.0
110	29.3
247	36.9
299	49.4
218	44.2
7	37.2
30	32.5
86	32.2
311	35.5
124	70.2
66	-4.5
114
96	Montana St.
   14 seed, R64	BSky	32	23–9
15–3	104.1
159	97.0
58	.6933
96	50.9
162	49.4
116	17.6
134	20.1
72	25.7
265	25.5
56	44.4
5	35.5
282	52.4
76	48.0
77	32.0
287	34.8
232	33.3
294	34.2
77	67.1
221	-2.7
88
97	San Francisco	WCC	33	19–14
7–9	108.0
90	100.7
119	.6925
97	53.6
40	49.9
142	19.6
274	17.6
206	28.5
183	26.5
83	32.2
145	38.1
315	52.6
72	49.3
144	36.4
54	33.9
166	49.2
2	35.0
101	69.5
99	-3.7
104
98	Nebraska	B10	32	16–16
9–11	104.5
153	97.4
68	.6918
98	51.7
108	49.9
142	18.6
218	17.7
194	24.7
296	28.3
173	28.2
282	21.9
5	53.4
54	49.0
122	32.6
254	34.1
183	36.7
204	43.6
339	67.6
195	-2.1
82
99	Saint Louis	A10	32	20–12
12–6	109.8
63	102.4
156	.6904
99	52.1
89	48.3
79	17.3
102	15.3
333	29.7
147	26.5
83	29.1
256	32.7
221	51.8
99	46.6
38	35.2
107	34.0
173	32.5
309	38.0
208	69.9
79	-3.3
98
100	South Alabama	SB	33	17–16
9–9	106.4
118	99.3
93	.6897
100	52.8
61	46.6
22	14.6
10	16.1
299	20.9
349	28.4
179	22.3
360	28.3
100	53.4
54	47.9
74	34.5
150	29.0
6	37.5
177	28.7
5	66.3
271	-7.9
171
Rk	Team	Conf	G	Rec	AdjOE	AdjDE	Barthag	Efg%	EfgD%	TOR	TORD	ORB	DRB	FTR	FTRD	2P%	2P%D	3P%	3P%D	3PR	3PRD	Adj T.	WAB
101	Southern Miss	SB	30	22–8
14–4	105.5
134	98.6
86	.6848
101	50.9
162	47.8
56	18.0
159	19.9
76	30.8
103	29.4
225	32.2
145	30.2
153	52.3
81	47.6
65	32.4
266	32.2
76	37.8
164	38.0
208	69.3
116	-0.8
64
102	Tulane	Amer	31	20–11
12–6	108.4
82	101.5
140	.6803
102	52.4
74	50.4
168	15.1
18	19.3
101	19.3
358	30.5
274	35.4
68	29.6
136	53.4
54	48.2
84	33.8
181	35.7
274	38.1
153	42.0
319	73.7
2	-2.1
81
103	Vermont
   15 seed, R64	AE	32	22–10
14–2	107.9
95	101.2
133	.6771
103	54.9
20	50.7
184	14.2
9	16.8
257	19.3
358	22.5
6	28.4
275	26.9
59	55.5
17	50.0
168	36.2
64	34.6
222	43.3
46	36.1
142	65.4
308	-3.8
109
104	Temple	Amer	32	16–16
10–8	106.6
114	100.1
105	.6729
104	49.7
218	48.7
89	19.8
284	16.5
280	28.7
175	29.0
209	34.6
79	31.5
190	49.9
200	47.9
74	33.0
220	33.6
144	43.6
40	33.7
62	66.8
239	-5.6
128
105	San Jose St.	MWC	32	19–13
10–8	108.0
92	101.6
143	.6692
105	50.4
192	48.7
89	18.8
231	13.2
361	34.4
21	24.3
24	27.4
307	28.9
114	51.2
132	46.8
43	32.8
236	34.7
228	41.3
74	35.5
124	63.3
351	-2.1
83
106	Princeton
   15 seed, Sweet Sixteen	Ivy	27	19–8
10–4	107.6
97	101.6
142	.6597
106	52.5
72	48.0
70	16.9
81	14.5
348	28.4
187	22.8
9	32.2
145	29.3
124	53.5
51	47.2
53	34.0
175	33.1
113	40.7
87	32.6
40	68.1
168	-3.2
96
107	Colorado St.	MWC	32	14–18
6–12	109.9
62	103.9
189	.6574
107	54.8
21	52.2
271	16.7
69	17.9
180	19.6
355	27.1
115	29.8
229	29.6
136	55.8
14	51.0
215	35.5
97	35.8
277	38.4
146	43.1
336	67.0
226	-6.7
151
108	James Madison	SB	30	19–11
12–6	104.5
152	98.8
88	.6572
108	51.5
123	49.4
116	18.6
218	21.4
32	31.3
90	27.6
140	38.9
25	31.8
202	51.4
120	50.7
204	34.5
150	31.5
47	37.0
194	37.3
181	71.2
35	-4.7
117
109	Washington	P12	32	16–16
8–12	103.3
168	97.6
71	.6567
109	48.8
265	47.1
34	19.9
290	18.4
149	26.4
246	34.6
356	31.7
170	25.4
28	50.0
195	48.6
100	31.3
318	29.7
13	36.6
206	37.0
174	69.9
79	-3.8
107
110	Duquesne	A10	32	20–12
10–8	107.3
99	101.5
139	.6545
110	51.0
159	50.2
155	17.2
98	20.9
47	33.4
36	33.2
341	26.6
325	35.1
273	48.6
248	48.8
106	36.5
49	35.3
259	39.7
112	33.9
67	68.8
140	-6.0
133
111	Mississippi	SEC	33	12–21
3–15	105.2
138	99.6
98	.6524
111	47.5
308	49.5
119	18.3
192	18.0
173	33.3
38	29.9
243	29.2
251	30.3
158	48.6
248	48.9
114	30.3
344	33.8
157	34.7
264	34.4
83	66.8
239	-8.5
180
112	Charlotte	CUSA	32	18–14
9–11	106.5
115	100.8
123	.6519
112	54.8
21	50.2
155	17.3
102	17.6
206	22.9
331	23.8
16	24.3
347	25.4
28	53.6
50	49.0
122	37.6
20	34.7
228	40.6
92	38.5
224	61.2
362	-6.5
145
113	Colgate
   15 seed, R64	Pat	33	25–8
17–1	111.7
39	105.8
231	.6512
113	58.6
1	51.9
257	14.9
15	17.6
206	24.9
289	24.1
20	27.6
300	20.3
3	57.1
7	51.5
240	40.9
1	34.9
236	34.8
261	36.9
169	68.4
157	-3.7
103
114	UNC Greensboro	SC	30	18–12
14–4	101.5
209	96.2
50	.6488
114	50.6
183	47.8
56	17.8
144	19.3
101	29.2
158	26.5
83	32.4
140	31.4
187	49.3
223	46.8
43	35.1
111	32.8
97	39.1
127	41.2
302	66.6
255	-6.2
141
115	Akron	MAC	31	20–11
13–5	106.9
106	101.6
144	.6409
115	51.9
99	49.7
131	16.6
67	17.8
187	29.8
142	26.5
83	33.7
104	28.0
92	51.5
112	48.1
82	35.0
123	35.0
246	43.9
34	35.3
119	66.0
282	-4.9
120
116	Butler	BE	32	14–18
6–14	100.8
231	95.9
46	.6391
116	49.5
226	50.1
149	17.6
134	18.6
134	20.0
354	30.3
265	25.9
332	22.6
8	49.7
207	51.0
215	32.7
247	32.1
70	35.8
235	33.2
48	66.4
266	-4.4
113
117	Grand Canyon
   14 seed, R64	WAC	32	21–11
10–7	109.8
64	104.5
201	.6378
117	52.9
58	47.2
36	18.4
204	15.0
340	30.5
111	30.3
265	37.8
35	33.2
233	50.5
171	46.8
43	37.6
20	32.0
67	40.8
85	32.8
44	65.7
298	-3.8
105
118	Southern Utah	WAC	30	18–12
12–6	108.3
84	103.3
175	.6322
118	51.7
108	52.5
282	18.6
218	18.0
173	28.0
198	25.4
53	41.3
12	32.9
226	51.5
112	51.2
227	34.7
141	36.6
317	37.7
170	35.8
134	72.4
18	-3.8
108
119	Kennesaw St.
   14 seed, R64	ASun	31	23–8
15–3	105.0
139	100.5
113	.6241
119	52.9
58	51.2
212	17.9
151	19.6
90	27.5
213	25.8
64	36.5
51	36.2
291	51.3
126	50.5
189	37.1
34	34.8
232	37.9
160	39.3
253	69.3
116	-1.4
69
120	Middle Tennessee	CUSA	31	17–14
11–9	104.8
144	100.3
107	.6229
120	51.2
145	51.6
238	19.3
257	21.8
25	31.9
73	29.2
219	29.4
241	34.6
259	51.0
142	50.2
178	34.3
164	36.3
300	35.5
243	34.0
70	67.6
195	-5.2
123
121	UC Santa Barbara
   14 seed, R64	BW	32	25–7
15–5	108.7
78	104.0
193	.6226
121	54.2
27	49.8
133	16.8
77	18.7
128	26.6
235	26.1
70	34.9
73	29.2
121	54.8
22	48.9
114	35.1
111	34.5
218	29.1
340	31.1
23	65.4
308	-1.5
70
122	Loyola Marymount	WCC	30	18–12
9–7	107.0
104	102.5
158	.6213
122	53.1
50	51.8
248	18.3
192	16.2
297	30.2
127	24.6
32	31.6
173	34.9
267	51.9
94	52.0
266	36.5
49	34.3
204	43.1
50	33.1
47	67.9
179	-2.9
92
123	Cal St. Fullerton	BW	31	18–13
12–6	102.7
186	98.6
85	.6151
123	49.4
232	48.6
85	17.4
115	20.5
57	25.9
254	29.4
225	38.7
29	33.4
237	46.5
314	49.2
139	36.2
64	31.7
57	37.5
177	39.1
244	65.5
306	-6.1
139
124	Penn	Ivy	29	16–13
9–5	108.6
80	104.6
202	.6072
124	53.3
46	49.3
112	18.9
236	14.9
341	30.1
131	27.9
152	29.5
237	31.2
181	52.7
70	49.1
130	36.2
64	33.0
106	38.3
147	43.8
341	67.7
187	-6.0
136
125	UMass Lowell	AE	32	24–8
11–5	106.3
119	102.4
157	.6059
125	53.5
42	47.0
30	20.0
298	19.7
83	35.7
12	27.0
110	33.8
98	33.9
245	52.2
83	44.9
13	37.7
19	34.2
196	31.0
321	32.6
40	69.4
109	-4.2
111
Rk	Team	Conf	G	Rec	AdjOE	AdjDE	Barthag	Efg%	EfgD%	TOR	TORD	ORB	DRB	FTR	FTRD	2P%	2P%D	3P%	3P%D	3PR	3PRD	Adj T.	WAB
126	Belmont	MVC	31	20–11
14–6	109.0
71	105.3
215	.5997
126	55.3
15	51.1
206	16.8
77	17.7
194	25.4
274	30.0
251	24.3
347	29.3
124	53.2
61	49.8
164	38.9
5	35.6
271	41.5
72	33.5
52	69.1
125	-5.1
121
127	Syracuse	ACC	32	17–15
10–10	108.0
93	104.4
198	.5979
127	51.6
118	51.2
212	17.0
88	18.7
128	30.0
135	33.6
346	30.7
207	21.7
4	50.5
171	50.9
211	36.1
70	34.4
213	29.2
339	48.3
359	68.0
174	-5.7
129
128	Tarleton St.	WAC	29	13–16
8–9	103.2
172	99.7
99	.5973
128	47.5
308	53.1
301	18.2
180	24.0
7	25.7
265	30.0
251	48.0
1	47.1
361	46.6
311	52.0
266	33.5
197	36.3
300	24.7
360	43.0
334	67.3
212	-7.7
164
129	Towson	CAA	33	21–12
12–6	106.6
113	103.3
178	.5879
129	51.1
151	48.6
85	18.4
204	17.7
194	35.7
12	26.7
95	29.8
229	29.5
133	49.0
240	47.7
66	36.7
43	33.2
122	34.5
272	39.9
275	65.4
308	-6.0
134
130	Eastern Washington	BSky	32	22–10
16–2	108.7
77	105.5
220	.5846
130	56.5
4	49.9
142	19.9
290	15.9
305	28.3
190	25.8
64	31.9
164	29.6
136	58.7
5	50.2
178	35.8
82	33.1
113	43.7
39	43.8
341	69.4
109	-4.2
110
131	Hawaii	BW	32	21–11
13–7	100.0
245	97.2
66	.5814
131	48.6
273	44.5
5	18.6
218	16.4
287	29.6
150	26.5
83	33.6
107	27.2
67	48.2
265	44.5
8	32.8
236	29.5
12	37.1
192	26.1
1	65.3
312	-5.7
130
132	Davidson	A10	31	15–16
8–10	105.7
130	103.0
168	.5721
132	50.1
205	50.8
194	16.2
49	17.3
224	24.9
289	27.8
148	32.8
125	26.7
53	51.3
126	51.5
240	31.9
292	33.0
106	36.6
206	36.8
163	66.0
282	-8.4
179
133	Stephen F. Austin	WAC	29	16–13
11–7	103.6
164	101.0
127	.5716
133	51.5
123	51.4
228	21.3
337	23.8
8	31.6
84	32.2
321	38.9
25	41.8
345	49.2
227	51.7
248	38.0
15	34.0
173	28.7
345	36.8
163	69.9
79	-7.0
154
134	Fresno St.	MWC	30	10–20
6–12	101.6
203	99.2
92	.5689
134	49.3
238	51.2
212	18.1
166	19.7
83	24.9
289	28.2
167	24.3
347	32.1
210	51.1
136	48.3
87	31.1
324	37.3
338	40.7
87	37.6
193	64.8
327	-10.2
221
135	Air Force	MWC	32	14–18
5–13	104.7
146	102.2
150	.5686
135	54.2
27	49.3
112	19.0
241	17.1
236	22.3
340	28.6
185	31.2
187	35.2
275	54.8
22	51.9
262	35.6
92	29.3
9	44.8
26	32.9
45	63.8
346	-9.4
197
136	Georgia	SEC	32	16–16
6–12	103.0
176	100.7
118	.5662
136	47.1
320	49.8
133	19.3
257	16.8
257	30.5
111	30.5
274	40.5
16	28.9
114	46.8
305	51.0
215	31.7
303	31.9
62	38.2
149	36.7
156	68.4
157	-5.5
127
137	Utah Tech	WAC	30	11–19
5–13	106.7
107	104.3
195	.5660
137	53.2
48	53.8
319	21.4
340	20.0
75	28.7
175	26.8
102	44.8
4	35.0
271	50.9
150	53.3
314	37.6
20	36.5
312	41.7
68	36.6
154	69.4
109	-11.0
236
138	South Florida	Amer	32	14–18
7–11	104.6
151	102.2
149	.5657
138	50.8
173	49.8
133	19.6
274	18.7
128	33.0
47	27.8
148	30.7
207	37.1
304	51.0
142	48.2
84	33.6
190	34.9
236	37.1
192	38.6
226	69.0
132	-9.2
189
139	Notre Dame	ACC	32	11–21
3–17	108.0
91	105.7
227	.5632
139	52.0
91	52.1
268	13.4
3	13.6
360	19.6
355	26.5
83	23.3
356	26.5
49	50.6
166	52.4
286	35.8
82	34.3
204	43.0
52	36.1
142	65.5
306	-11.6
245
140	Samford	SC	28	18–10
15–3	107.2
100	104.9
212	.5618
140	53.6
40	51.9
257	17.9
151	19.8
79	28.2
194	27.0
110	41.0
14	37.6
309	52.6
72	49.0
122	36.5
49	37.0
330	45.6
17	44.4
348	68.7
148	-5.1
122
141	LSU	SEC	33	14–19
2–16	104.6
149	102.4
155	.5607
141	47.3
316	51.8
248	18.4
204	17.5
214	31.7
78	28.8
196	33.7
104	30.3
158	46.2
323	52.1
274	32.7
247	34.3
204	38.9
131	41.6
313	66.6
255	-7.3
158
142	DePaul	BE	33	10–23
3–17	105.6
131	103.6
183	.5558
142	49.7
218	51.6
238	18.2
180	17.7
194	25.8
261	34.1
351	27.6
300	35.7
285	46.3
320	51.1
221	36.8
39	35.0
246	37.8
164	34.7
92	69.5
99	-8.8
187
143	Southern Illinois	MVC	32	22–10
14–6	98.9
268	97.1
62	.5540
143	51.7
108	47.6
50	19.3
257	19.6
90	22.8
333	27.3
121	30.6
212	29.8
143	54.7
25	46.7
41	32.1
277	33.0
106	46.5
12	34.1
74	64.5
334	-3.5
102
144	Cornell	Ivy	26	15–11
7–7	110.3
59	108.3
282	.5521
144	54.8
21	55.7
356	16.7
69	21.9
23	28.8
172	29.0
209	28.5
273	30.9
173	57.5
6	56.6
358	34.5
150	36.2
291	47.9
5	39.8
272	71.8
23	-5.4
125
145	Georgia Tech	ACC	31	13–18
6–14	103.1
173	101.3
135	.5519
145	48.5
280	50.1
149	15.6
32	15.9
305	27.5
213	29.9
243	23.5
355	30.8
170	47.4
289	52.0
266	33.4
202	31.0
30	38.9
131	35.2
113	67.3
212	-8.1
175
146	Missouri St.	MVC	31	16–15
12–8	102.9
182	101.2
134	.5472
146	50.1
205	49.3
112	19.1
244	18.6
134	33.2
45	26.9
106	27.2
313	30.4
161	50.9
150	49.5
154	32.8
236	32.6
90	43.1
50	39.1
244	62.8
356	-8.1
174
147	Troy	SB	30	17–13
11–7	102.1
195	100.5
110	.5471
147	49.4
232	48.6
85	18.7
223	21.1
39	30.3
123	30.1
256	32.5
134	34.6
259	51.2
132	48.4
90	31.2
320	32.7
94	40.9
83	35.8
134	68.5
154	-6.1
140
148	Ohio	MAC	32	18–14
10–8	108.0
94	106.3
244	.5456
148	52.4
74	51.6
238	16.2
49	17.6
206	32.8
52	28.9
203	27.5
304	33.9
245	50.1
191	51.9
262	37.3
25	34.1
183	38.5
144	39.0
240	68.9
133	-7.7
165
149	Long Beach St.	BW	31	15–16
11–9	104.2
157	102.6
160	.5436
149	48.4
287	49.8
133	18.7
223	18.2
166	34.6
19	28.0
159	34.4
87	30.0
148	49.4
218	48.8
106	30.2
345	34.2
196	23.6
363	39.7
266	73.7
2	-8.7
185
150	Seattle	WAC	30	18–12
11–7	100.0
246	98.6
84	.5419
150	46.3
334	48.8
92	16.9
81	17.8
187	29.9
136	26.6
90	32.4
140	33.3
235	46.4
318	49.0
122	30.9
329	32.3
81	44.7
27	34.7
92	69.7
90	-4.9
119
Rk	Team	Conf	G	Rec	AdjOE	AdjDE	Barthag	Efg%	EfgD%	TOR	TORD	ORB	DRB	FTR	FTRD	2P%	2P%D	3P%	3P%D	3PR	3PRD	Adj T.	WAB
151	Youngstown St.	Horz	32	22–10
15–5	110.0
61	108.6
286	.5387
151	54.7
24	51.3
220	15.6
32	17.9
180	30.6
109	29.2
219	29.4
241	26.2
44	54.9
20	51.3
232	36.2
64	34.1
183	35.0
254	33.5
52	68.8
140	-5.3
124
152	Portland	WCC	31	12–19
5–11	108.3
83	106.9
256	.5369
152	53.8
35	54.5
336	18.0
159	16.9
246	24.1
314	30.2
261	43.3
6	27.7
79	51.8
99	53.2
309	37.4
24	37.4
339	45.4
20	43.8
341	70.0
74	-9.3
191
153	UNC Wilmington	CAA	32	22–10
12–6	101.2
220	99.9
102	.5361
153	48.9
260	49.2
109	18.6
218	20.7
53	27.8
207	28.0
159	39.7
19	37.6
309	48.3
263	51.2
227	33.3
206	30.5
22	34.0
279	36.4
151	65.9
286	-2.9
90
154	Wyoming	MWC	30	8–22
4–14	106.2
122	104.9
213	.5330
154	51.6
118	53.4
311	18.2
180	16.4
287	24.2
311	25.3
50	33.4
110	28.9
114	51.3
126	52.6
293	34.7
141	36.4
305	45.5
19	39.4
256	66.4
266	-11.7
249
155	Eastern Kentucky	ASun	30	17–13
12–6	102.1
196	101.0
126	.5313
155	47.6
304	49.5
119	17.2
98	18.4
149	33.3
38	30.1
256	24.8
343	25.7
35	47.8
276	48.5
94	31.5
307	34.1
183	36.4
212	40.0
279	70.9
40	-6.3
144
156	Appalachian St.	SB	29	13–16
9–9	100.2
240	99.1
91	.5298
156	48.7
269	47.9
63	16.3
55	17.1
236	24.5
300	28.8
196	29.3
247	24.8
23	48.3
263	46.5
34	32.9
226	33.4
135	38.3
147	38.3
218	65.8
292	-10.1
214
157	Richmond	A10	33	15–18
7–11	101.5
210	100.5
112	.5281
157	51.2
145	49.6
124	17.1
90	17.1
236	21.0
347	25.4
53	33.0
117	26.2
44	52.4
76	49.7
161	33.0
220	32.9
101	44.1
31	40.3
284	66.1
281	-10.7
232
158	Cal Baptist	WAC	31	15–16
7–10	101.6
204	100.7
121	.5245
158	49.0
252	47.6
50	18.1
166	16.0
303	28.9
168	26.1
70	31.6
173	29.3
124	49.2
227	49.0
122	32.5
261	29.7
13	43.5
41	32.6
40	64.8
327	-9.8
203
159	George Mason	A10	33	20–13
11–7	100.5
236	99.7
100	.5216
159	51.9
99	47.9
63	20.2
307	16.9
246	27.9
202	24.8
35	37.1
42	33.0
228	51.5
112	49.4
149	35.0
123	30.1
16	38.7
137	35.1
107	67.1
221	-6.0
137
160	Fordham	A10	33	25–8
12–6	100.6
235	99.9
104	.5180
160	48.6
273	47.0
30	19.1
244	19.3
101	29.9
136	25.2
45	37.6
37	37.4
307	49.1
235	46.5
34	31.8
300	32.0
67	41.7
68	30.6
17	70.3
59	-2.0
80
161	Louisiana Tech	CUSA	30	12–18
7–13	104.1
160	103.5
182	.5167
161	50.9
162	54.0
324	19.9
290	21.3
36	30.1
131	28.1
164	28.4
275	38.5
318	50.3
186	51.1
221	34.5
150	38.5
352	41.1
79	42.9
332	67.3
212	-9.3
194
162	Montana	BSky	30	16–14
10–7	106.9
105	106.3
246	.5161
162	53.8
35	51.2
212	17.3
102	15.9
305	24.4
305	25.1
42	29.1
256	37.9
312	52.4
76	52.5
290	37.3
25	32.5
86	39.8
110	35.0
101	64.3
338	-7.9
170
163	Brown	Ivy	27	14–13
7–7	99.0
267	98.4
82	.5160
163	50.7
178	51.2
212	19.0
241	19.7
83	23.4
324	23.7
15	29.8
229	26.9
59	49.8
204	50.4
185	34.7
141	35.0
246	39.9
107	37.1
176	70.1
70	-7.2
157
164	SMU	Amer	32	10–22
5–13	101.9
201	101.5
138	.5117
164	47.4
313	51.8
248	18.0
159	18.7
128	28.1
197	30.5
274	33.0
117	32.8
223	47.8
276	51.4
234	31.1
324	34.9
236	33.7
285	37.1
176	70.2
66	-10.5
228
165	UC Riverside	BW	33	21–12
14–6	104.7
147	104.3
197	.5107
165	50.5
185	51.3
220	18.0
159	17.2
232	31.8
75	22.9
10	26.2
327	38.0
314	48.8
244	51.5
240	35.6
92	34.0
173	37.7
170	29.2
6	67.6
195	-4.7
118
166	Longwood	BSth	30	18–12
12–6	102.7
187	102.3
153	.5094
166	50.2
199	51.2
212	17.8
144	21.5
31	32.1
68	26.9
106	33.6
107	33.5
241	49.5
215	50.5
189	34.3
164	34.7
228	37.2
188	41.9
318	66.7
248	-7.8
166
167	UC Davis	BW	30	16–14
11–8	102.5
191	102.2
148	.5089
167	49.8
215	50.7
184	20.6
319	20.8
52	32.2
63	28.6
185	42.8
7	31.5
190	49.6
210	48.9
114	33.5
197	36.7
320	35.0
254	30.4
15	71.3
33	-8.4
177
168	UTEP	CUSA	30	12–18
7–13	98.1
282	97.9
76	.5065
168	48.6
273	51.1
206	22.9
357	22.9
16	33.3
38	29.7
237	38.8
27	37.3
306	50.7
160	51.8
256	29.1
356	33.2
122	29.9
331	37.4
185	67.5
201	-10.0
209
169	Chattanooga	SC	32	15–17
7–11	107.2
101	107.0
258	.5058
169	54.0
32	50.9
200	17.5
121	15.3
333	27.3
221	26.7
95	32.0
162	30.2
153	51.8
99	50.6
197	37.3
25	34.2
196	52.0
1	42.8
329	68.9
133	-11.3
238
170	Cleveland St.	Horz	32	20–12
14–6	103.1
174	102.9
165	.5053
170	49.5
226	48.2
75	17.4
115	20.5
57	35.2
15	35.0
358	30.0
221	30.7
168	50.7
160	48.8
106	30.8
335	31.5
47	26.6
354	37.6
193	66.3
271	-7.3
159
171	Boston College	ACC	33	16–17
9–11	101.2
222	101.0
128	.5045
171	48.7
269	51.5
235	18.3
192	18.3
159	27.6
210	28.3
173	27.3
311	27.6
75	49.2
227	49.1
130	31.9
292	36.8
323	31.5
318	39.5
261	67.3
212	-6.6
147
172	Ball St.	MAC	30	18–12
11–7	106.4
117	106.3
245	.5025
172	53.0
54	51.0
203	17.8
144	16.7
262	30.5
111	28.4
179	42.3
8	31.3
185	51.7
107	47.7
66	36.9
37	38.4
351	36.8
199	33.2
48	68.0
174	-6.7
148
173	Northern Kentucky
   16 seed, R64	Horz	32	20–12
14–6	101.1
225	101.1
130	.4993
173	49.8
215	51.3
220	17.5
121	23.2
14	31.3
90	32.8
333	27.4
307	30.8
170	47.7
280	48.9
114	35.2
107	36.7
320	40.7
87	38.9
237	62.6
359	-6.7
150
174	Radford	BSth	31	17–14
12–6	103.0
177	103.1
169	.4987
174	51.5
123	52.6
290	18.4
204	20.3
65	30.7
105	27.9
152	28.8
267	32.3
216	50.5
171	53.5
317	35.7
88	34.0
173	32.7
304	37.4
185	65.3
312	-8.5
182
175	Stetson	ASun	28	15–13
12–6	111.4
44	111.5
334	.4976
175	54.1
30	53.3
307	15.8
37	14.5
348	28.7
175	28.3
173	25.5
337	29.5
133	51.1
136	52.7
301	38.6
8	36.2
291	43.9
34	37.3
181	65.2
316	-7.0
155
Rk	Team	Conf	G	Rec	AdjOE	AdjDE	Barthag	Efg%	EfgD%	TOR	TORD	ORB	DRB	FTR	FTRD	2P%	2P%D	3P%	3P%D	3PR	3PRD	Adj T.	WAB
176	Pacific	WCC	31	14–17
7–9	106.0
124	106.2
242	.4969
176	52.7
63	54.0
324	16.2
49	17.9
180	22.8
333	31.2
301	33.1
115	36.4
293	49.6
210	55.1
346	38.4
11	34.9
236	38.8
135	40.6
289	70.5
51	-9.2
190
177	Lipscomb	ASun	30	17–13
11–7	102.6
188	103.0
167	.4904
177	53.7
39	50.2
155	17.3
102	15.6
320	25.0
284	24.6
32	23.6
354	23.3
11	53.5
51	49.4
149	36.0
75	34.3
204	37.8
164	39.0
240	70.0
74	-7.4
161
178	Western Kentucky	CUSA	31	15–16
8–12	102.9
180	103.3
177	.4898
178	49.6
221	50.7
184	17.1
90	18.0
173	25.9
254	31.0
295	32.3
143	25.6
33	48.5
253	48.0
77	34.4
158	36.2
291	36.2
221	42.1
322	68.1
168	-7.8
167
179	Harvard	Ivy	26	12–14
5–9	98.6
274	99.0
89	.4881
179	49.5
226	48.8
92	19.8
284	18.4
149	30.3
123	24.3
24	31.2
187	25.0
25	52.1
88	50.0
168	30.0
348	31.2
36	36.7
204	39.0
240	66.7
248	-8.5
181
180	Quinnipiac	MAAC	31	19–12
11–9	102.8
185	103.2
172	.4872
180	49.9
214	48.1
73	18.1
166	16.5
280	32.2
63	27.6
140	33.0
117	27.1
64	47.4
289	48.5
94	36.1
70	31.6
53	37.8
164	36.8
163	70.5
51	-7.4
162
181	Grambling St.	SWAC	31	22–9
15–3	97.9
285	98.4
79	.4862
181	50.0
211	44.6
6	21.2
335	21.0
41	31.5
87	31.6
309	41.5
11	41.1
342	48.8
244	43.2
5	35.5
97	31.2
36	27.4
351	38.2
215	66.8
239	-4.6
116
182	Saint Joseph's	A10	33	16–17
8–10	102.8
184	103.5
179	.4801
182	50.2
199	50.5
173	18.2
180	18.9
123	28.9
168	30.7
285	34.2
92	32.8
223	50.9
150	50.1
176	32.9
226	34.1
183	45.9
15	42.1
322	69.9
79	-10.0
210
183	North Carolina Central	MEAC	26	14–12
10–4	99.6
256	100.6
115	.4730
183	50.9
162	48.9
96	22.6
353	21.6
30	32.3
61	29.6
236	34.2
92	35.5
282	50.1
191	49.9
166	35.0
123	31.3
42	34.7
264	36.0
139	68.5
154	-7.5
163
184	St. Bonaventure	A10	32	14–18
8–10	99.7
254	100.7
120	.4712
184	49.2
243	48.6
85	18.8
231	19.4
98	27.5
213	29.2
219	29.5
237	40.9
340	47.5
285	52.1
274	34.8
135	28.7
4	36.2
221	39.4
256	66.4
266	-11.8
253
185	Drexel	CAA	31	16–15
10–8	99.5
259	100.5
111	.4707
185	49.4
232	47.4
45	17.9
151	18.0
173	29.4
153	27.4
129	30.1
218	24.2
18	50.6
166	46.2
31	31.8
300	33.5
142	40.3
97	28.4
4	64.2
341	-10.3
224
186	Buffalo	MAC	30	13–17
9–9	102.6
189	103.8
188	.4687
186	49.5
226	52.5
282	19.2
252	18.3
159	32.2
63	29.1
215	32.1
156	36.4
293	50.9
150	52.3
285	31.2
320	35.3
259	34.0
279	35.4
120	73.0
9	-9.4
196
187	UNC Asheville
   15 seed, R64	BSth	32	25–7
16–2	101.2
219	102.4
154	.4668
187	53.9
34	48.0
70	20.0
298	17.9
180	25.8
261	28.7
192	41.3
12	26.8
58	51.4
120	49.1
130	38.8
6	30.5
22	37.2
188	34.0
70	69.1
125	-1.9
75
188	Pepperdine	WCC	29	7–22
2–14	103.1
175	104.4
199	.4624
188	52.0
91	52.5
282	18.3
192	16.6
272	25.9
254	30.4
270	26.7
323	32.6
219	51.6
111	51.6
243	35.1
111	36.3
300	36.0
232	33.5
52	72.9
11	-13.0
272
189	George Washington	A10	31	15–16
10–8	108.2
86	109.9
311	.4561
189	53.0
54	52.0
265	17.6
134	15.5
326	26.5
241	29.7
237	34.5
81	27.7
79	56.0
12	51.7
248	32.1
277	34.9
236	38.0
157	39.7
266	69.6
97	-10.3
222
190	Old Dominion	SB	30	18–12
11–7	101.2
221	102.8
164	.4551
190	46.4
332	48.3
79	17.1
90	17.7
194	32.8
52	29.0
209	36.2
56	34.7
265	46.1
325	48.8
106	31.5
307	31.7
57	29.8
334	42.4
325	65.7
298	-5.9
132
191	Texas A&M Corpus Chris
   16 seed, R64	Slnd	30	20–10
14–4	104.3
155	106.0
237	.4540
191	50.9
162	52.4
276	18.0
159	20.7
53	32.7
54	27.5
137	35.3
69	38.5
318	48.9
243	54.3
330	36.5
49	33.2
122	34.8
261	41.2
302	69.8
86	-6.0
138
192	Texas St.	SB	32	14–18
6–12	103.0
179	104.7
207	.4515
192	48.2
291	50.9
200	17.9
151	18.6
134	31.6
84	28.5
182	32.5
134	41.7
344	48.6
248	49.0
122	31.4
312	36.4
305	25.5
358	33.2
48	64.3
338	-11.1
237
193	Florida Gulf Coast	ASun	31	16–15
7–11	103.3
170	105.0
214	.4513
193	51.2
145	50.7
184	17.1
90	17.3
224	26.6
235	28.8
196	28.2
282	28.1
95	50.1
191	51.1
221	35.1
111	33.4
135	44.9
23	41.2
302	67.0
226	-8.7
184
194	East Carolina	Amer	33	16–17
6–12	100.9
228	102.7
162	.4487
194	47.1
320	49.2
109	19.2
252	17.4
220	33.0
47	28.9
203	37.1
42	33.1
231	46.9
301	49.2
139	31.6
305	32.9
101	41.6
70	34.5
84	68.2
167	-8.0
173
195	Georgetown	BE	32	7–25
2–18	103.5
166	105.4
218	.4479
195	47.1
320	53.6
315	17.5
121	15.9
305	28.9
168	30.0
251	29.1
256	24.5
21	47.5
285	50.5
189	30.9
329	38.9
357	31.0
321	39.6
264	69.5
99	-12.4
261
196	Florida St.	ACC	32	9–23
7–13	103.7
163	105.6
224	.4477
196	49.3
238	53.1
301	17.6
134	17.1
236	25.9
254	31.5
307	30.4
216	30.9
173	49.2
227	50.8
207	33.0
220	37.6
343	34.5
272	41.1
301	69.5
99	-11.9
255
197	St. Thomas	Sum	31	17–14
9–9	106.3
120	108.2
281	.4476
197	51.8
104	51.9
257	15.1
18	17.3
224	24.0
315	28.8
196	30.7
207	31.0
176	51.2
132	52.6
293	35.1
111	33.7
151	44.9
23	35.6
128	66.8
239	-8.8
186
198	Georgia Southern	SB	30	14–16
9–9	98.9
270	100.8
122	.4456
198	48.2
291	49.5
119	16.3
55	18.3
159	25.8
261	27.3
121	27.9
293	34.6
259	48.4
256	49.4
149	31.8
300	33.2
122	33.9
282	36.7
156	67.3
212	-10.0
212
199	Wright St.	Horz	31	16–15
10–10	102.5
192	104.5
200	.4445
199	53.5
42	50.3
163	17.3
102	17.2
232	26.2
250	26.6
90	24.0
352	27.6
75	53.9
39	51.2
227	35.1
111	32.6
90	28.2
346	37.8
199	72.0
22	-11.0
235
200	FIU	CUSA	30	12–18
8–12	101.6
202	103.7
185	.4429
200	52.1
89	52.1
268	20.6
319	22.8
17	25.5
269	36.7
361	28.7
270	30.6
164	53.8
42	50.4
185	32.8
236	36.5
312	35.7
238	39.8
272	70.7
41	-10.4
226
Rk	Team	Conf	G	Rec	AdjOE	AdjDE	Barthag	Efg%	EfgD%	TOR	TORD	ORB	DRB	FTR	FTRD	2P%	2P%D	3P%	3P%D	3PR	3PRD	Adj T.	WAB
201	Gardner Webb	BSth	29	13–16
10–8	97.5
294	99.6
97	.4410
201	50.7
178	49.1
103	19.5
264	20.3
65	28.5
183	25.1
42	34.8
74	39.6
335	51.5
112	47.4
58	32.8
236	34.7
228	33.6
288	37.7
196	66.9
232	-11.3
240
202	Navy	Pat	30	17–13
11–7	101.5
207	103.7
186	.4382
202	51.5
123	50.4
168	17.3
102	19.5
95	29.9
136	28.0
159	23.7
353	30.0
148	49.3
223	49.8
164	36.9
37	34.2
196	36.1
225	37.9
204	65.2
316	-8.6
183
203	Abilene Christian	WAC	26	9–17
5–11	103.3
167	105.6
225	.4377
203	49.2
243	56.5
359	17.3
102	23.3
12	25.5
269	28.6
185	32.3
143	45.6
358	48.1
267	56.2
355	34.3
164	38.1
349	33.4
293	33.6
59	69.8
86	-10.2
220
204	South Dakota St.	Sum	31	18–13
13–5	101.4
213	103.9
191	.4285
204	51.7
108	50.9
200	17.1
90	17.3
224	21.5
345	26.0
68	28.1
289	23.1
10	51.2
132	51.7
248	35.1
111	33.2
122	38.2
149	40.3
284	67.5
201	-6.5
146
205	Massachusetts	A10	31	15–16
6–12	99.1
265	101.6
141	.4282
205	46.4
332	50.2
155	20.2
307	19.2
109	34.5
20	27.9
152	32.2
145	32.4
217	45.2
338	50.5
189	32.8
236	33.1
113	29.7
335	40.7
291	71.4
31	-9.3
193
206	Weber St.	BSky	31	16–15
12–6	98.0
283	100.6
116	.4261
206	50.8
173	52.8
294	19.2
252	19.3
101	21.0
347	22.4
3	33.7
104	31.7
197	51.8
99	51.1
221	32.8
236	36.8
323	37.4
184	41.0
300	65.8
292	-8.4
178
207	New Mexico St.	WAC	21	6–15
2–10	103.3
169	106.1
239	.4243
207	50.2
199	53.7
318	18.3
192	19.1
115	27.0
227	26.5
83	34.7
77	37.0
300	48.8
244	52.5
290	35.1
111	36.8
323	36.4
212	45.5
350	69.8
86	-8.9
188
208	Queens	ASun	30	15–15
7–11	105.6
133	108.5
285	.4217
208	51.2
145	53.0
299	17.6
134	15.7
316	29.7
147	26.1
70	35.9
58	25.4
28	50.5
171	53.0
304	34.8
135	35.3
259	44.1
31	36.5
153	70.6
45	-9.4
199
209	Minnesota	B10	31	9–22
2–17	100.7
232	103.5
181	.4203
209	49.0
252	50.5
173	19.6
274	14.8
344	25.0
284	30.8
289	30.8
203	24.8
23	49.2
227	49.1
130	32.5
261	35.9
281	35.5
243	31.3
24	66.4
266	-9.8
207
210	Siena	MAAC	32	17–15
11–9	100.3
237	103.3
176	.4154
210	49.3
238	49.6
124	19.5
264	18.5
142	30.5
111	26.8
102	34.5
81	33.0
228	47.8
276	49.4
149	34.9
128	33.5
142	34.5
272	28.0
3	67.6
195	-10.5
227
211	Rice	CUSA	30	15–15
8–12	105.7
129	108.9
291	.4137
211	53.4
45	54.6
337	18.5
211	15.9
305	23.2
327	26.2
76	32.8
125	26.0
41	53.7
48	54.0
326	35.3
104	37.1
333	42.8
53	36.8
163	70.6
45	-6.8
152
212	Bryant	AE	28	15–13
8–8	102.9
181	106.1
241	.4128
212	52.0
91	50.0
146	18.7
223	15.8
313	29.0
162	25.2
45	32.9
122	31.9
208	53.4
54	49.3
144	33.3
206	34.1
183	39.1
127	39.0
240	72.8
12	-7.9
169
213	San Diego	WCC	29	9–20
4–12	108.5
81	111.9
336	.4100
213	51.1
151	58.2
363	16.0
41	17.3
224	27.9
202	29.7
237	30.9
200	33.4
237	50.4
178	55.9
351	34.8
135	41.0
363	36.4
212	41.7
316	69.4
109	-12.1
257
214	Northern Iowa	MVC	31	13–18
9–11	101.4
214	104.7
206	.4075
214	51.3
136	53.8
319	17.7
143	18.2
166	22.6
337	22.4
3	31.1
192	26.5
49	51.7
107	53.6
319	33.7
187	36.0
284	38.8
135	47.0
356	68.1
168	-11.8
254
215	Oregon St.	P12	31	10–21
5–15	97.9
287	101.2
131	.4064
215	46.5
330	49.6
124	20.8
323	18.2
166	25.3
277	30.6
281	33.9
96	33.9
245	45.7
332	49.1
130	31.9
292	33.7
151	37.0
194	38.8
234	64.3
338	-9.3
192
216	Morehead St.	OVC	29	18–11
14–4	99.6
257	103.2
171	.4006
216	49.3
238	49.6
124	18.7
223	15.6
320	27.0
227	24.4
27	35.5
63	28.1
95	46.8
305	50.4
185	35.5
97	32.1
70	38.6
140	31.8
28	64.4
336	-6.7
149
217	Jacksonville	ASun	26	10–16
6–12	99.7
255	103.2
173	.4000
217	50.6
183	49.8
133	19.1
244	14.3
355	23.9
317	25.7
62	22.8
359	27.0
63	51.0
142	51.4
234	33.3
206	32.1
70	39.5
118	49.5
361	61.7
361	-10.2
218
218	La Salle	A10	34	15–19
7–11	102.0
198	105.8
230	.3976
218	48.5
280	51.0
203	18.1
166	17.9
180	30.5
111	30.5
274	28.3
279	31.6
192	46.9
301	50.6
197	34.2
168	34.5
218	35.6
240	34.9
99	68.5
154	-11.6
246
219	Detroit Mercy	Horz	32	13–19
9–11	108.6
79	112.8
344	.3941
219	51.4
133	53.6
315	17.6
134	17.1
236	35.8
11	29.7
237	27.2
313	28.9
114	46.4
318	52.6
293	38.7
7	36.8
323	42.7
54	39.4
256	67.9
179	-13.0
273
220	Murray St.	MVC	31	16–15
11–9	104.0
162	108.0
275	.3920
220	49.0
252	51.9
257	16.2
49	15.6
320	27.4
216	27.3
121	33.2
114	24.4
19	49.1
235	53.2
309	32.6
254	33.4
135	32.7
304	42.0
319	67.4
207	-8.2
176
221	Norfolk St.	MEAC	29	18–11
9–5	104.6
148	108.8
288	.3906
221	52.2
85	50.2
155	19.8
284	19.0
119	33.4
36	30.6
281	39.5
21	36.3
292	53.8
42	48.3
87	32.7
247	34.9
236	35.0
254	47.0
356	66.0
282	-6.0
135
222	Mercer	SC	31	12–19
6–12	98.6
275	102.5
159	.3892
222	48.9
260	48.8
92	18.2
180	17.4
220	30.4
119	27.6
140	28.6
272	35.9
288	48.8
244	48.4
90	32.7
247	33.0
106	30.5
327	34.0
70	65.2
316	-14.0
290
223	Rider	MAAC	29	15–14
13–7	103.5
165	107.7
267	.3874
223	49.5
226	50.3
163	17.8
144	16.5
280	33.8
27	28.3
173	29.3
247	38.6
320	49.4
218	47.5
62	33.3
206	36.2
291	25.9
357	42.7
328	65.8
292	-9.4
198
224	Delaware	CAA	32	16–16
8–10	101.5
206	105.9
236	.3808
224	49.6
221	51.8
248	16.5
64	18.6
134	25.0
284	29.8
241	33.0
117	29.4
128	50.5
171	50.1
176	32.0
287	36.6
317	36.5
211	34.7
92	67.8
184	-9.8
205
225	Northern Arizona	BSky	33	10–23
5–13	104.9
143	109.5
304	.3779
225	50.5
185	55.3
350	15.9
39	17.2
232	26.9
230	25.7
62	27.4
307	38.7
321	48.6
248	55.7
350	35.7
88	36.5
312	38.2
149	38.6
226	67.5
201	-15.1
305
Rk	Team	Conf	G	Rec	AdjOE	AdjDE	Barthag	Efg%	EfgD%	TOR	TORD	ORB	DRB	FTR	FTRD	2P%	2P%D	3P%	3P%D	3PR	3PRD	Adj T.	WAB
226	South Carolina	SEC	32	11–21
4–14	101.4
215	105.9
235	.3774
226	46.9
326	52.6
290	19.9
290	15.9
305	32.7
54	32.5
326	26.8
321	29.4
128	45.8
330	53.7
320	32.3
270	33.8
157	40.9
83	36.3
148	65.0
324	-9.7
202
227	Northwestern St.	Slnd	32	21–11
13–5	103.2
171	107.8
269	.3766
227	51.3
136	51.0
203	17.3
102	21.0
41	33.3
38	33.6
346	27.2
313	38.7
321	49.8
204	51.8
256	35.8
82	32.9
101	38.1
153	33.6
59	67.3
212	-5.9
131
228	Portland St.	BSky	29	10–19
6–11	102.0
200	106.6
250	.3752
228	49.6
221	55.0
346	16.8
77	21.3
36	24.0
315	31.4
303	34.8
74	46.6
359	49.7
207	55.0
343	33.0
220	36.8
323	36.1
225	33.5
52	73.1
8	-12.9
267
229	Loyola Chicago	A10	31	10–21
4–14	100.8
230	105.5
222	.3721
229	52.9
58	51.6
238	22.1
350	17.9
180	24.5
300	28.5
182	31.1
192	37.5
308	54.8
22	51.7
248	33.4
202	34.4
213	40.2
101	38.1
213	66.8
239	-13.9
288
230	Campbell	BSth	32	14–18
8–10	103.0
178	107.9
271	.3700
230	52.7
63	52.5
282	18.1
166	18.4
149	24.4
305	27.8
148	38.0
32	32.1
210	54.7
25	53.2
309	32.9
226	34.4
213	38.6
140	41.3
307	65.0
324	-13.3
279
231	Howard
   16 seed, R64	MEAC	31	19–12
11–3	100.9
229	105.7
228	.3688
231	52.0
91	50.6
179	22.8
356	20.7
53	33.8
27	31.6
309	32.8
125	34.6
259	49.9
200	50.8
207	37.2
30	33.6
144	36.1
225	37.1
176	69.7
90	-7.3
160
232	Milwaukee	Horz	29	18–11
14–6	100.9
227	105.8
232	.3677
232	51.8
104	48.2
75	21.5
343	17.7
194	32.7
54	32.8
333	31.9
164	29.4
128	51.4
120	49.0
122	35.0
123	31.4
44	38.2
149	41.6
313	72.5
16	-6.3
143
233	Northern Colorado	BSky	31	12–19
6–12	104.8
145	110.0
313	.3631
233	52.4
74	53.1
301	17.5
121	14.0
357	24.3
309	27.0
110	31.4
180	31.7
197	51.0
142	54.5
335	36.4
54	33.4
135	39.6
114	33.5
52	70.3
59	-11.9
256
234	Army	Pat	31	15–16
10–8	102.3
193	107.5
265	.3625
234	53.8
35	51.4
228	19.1
244	15.6
320	25.4
274	24.2
23	31.3
185	28.5
104	54.7
25	52.4
286	34.9
128	33.1
113	37.9
160	37.9
204	69.3
116	-12.5
263
235	North Dakota St.	Sum	31	14–17
11–7	101.5
208	106.8
255	.3566
235	51.7
108	50.8
194	16.9
81	12.4
363	24.4
305	22.6
7	32.2
145	27.1
64	52.2
83	50.6
197	33.9
177	34.2
196	38.0
157	35.8
134	68.9
133	-10.6
230
236	North Florida	ASun	29	12–17
9–9	106.6
110	112.3
339	.3557
236	53.3
46	52.4
276	17.3
102	14.0
357	26.2
250	32.9
337	28.4
275	23.5
13	52.1
88	52.1
274	36.4
54	35.5
269	47.8
6	29.3
7	68.8
140	-10.2
215
237	Rhode Island	A10	31	9–22
5–13	96.8
307	101.9
146	.3552
237	44.2
357	49.1
103	20.4
315	17.2
232	31.6
84	29.5
231	37.0
44	31.7
197	43.6
352	49.6
156	30.4
342	32.1
70	31.3
319	34.7
92	67.9
179	-15.9
319
238	Wofford	SC	30	14–16
8–10	106.6
111	112.4
341	.3532
238	52.4
74	54.8
341	16.3
55	16.6
272	28.6
181	28.7
192	30.0
221	26.4
48	55.1
19	56.1
352	32.1
277	35.3
259	39.1
127	42.8
329	65.8
292	-10.0
211
239	Purdue Fort Wayne	Horz	30	15–15
9–11	98.9
271	104.3
196	.3516
239	50.5
185	51.9
257	18.9
236	17.7
194	27.1
225	26.1
70	28.7
270	23.0
9	50.8
155	55.2
347	33.5
197	31.2
36	47.0
11	39.5
261	69.7
90	-10.2
216
240	UT Arlington	WAC	29	8–21
6–12	98.2
280	103.6
184	.3509
240	45.9
339	51.9
257	21.1
329	20.1
72	32.7
54	30.8
289	29.7
233	39.5
334	44.9
342	49.6
156	31.9
292	37.1
333	34.7
264	37.8
199	66.6
255	-13.4
281
241	UMBC	AE	31	17–14
8–8	104.5
154	110.5
317	.3449
241	51.3
136	52.9
297	14.8
13	16.9
246	26.4
246	26.8
102	27.0
318	25.6
33	51.8
99	50.6
197	33.8
181	37.7
344	39.6
114	38.9
237	68.4
157	-9.6
200
242	UC San Diego	BW	28	8–20
5–13	101.3
218	107.2
263	.3425
242	49.6
221	51.8
248	17.9
151	16.5
280	23.2
327	29.3
223	26.1
329	27.9
90	49.6
210	49.7
161	33.0
220	37.1
333	39.2
126	35.6
128	66.7
248	-14.3
293
243	Jacksonville St.	ASun	28	10–18
6–12	100.1
243	106.1
240	.3397
243	50.5
185	52.5
282	20.2
307	16.5
280	29.4
153	24.1
20	31.8
169	29.5
133	47.9
272	52.7
301	36.0
75	34.9
236	43.4
43	49.2
360	66.2
278	-11.6
247
244	Robert Morris	Horz	31	14–17
10–10	96.9
303	102.9
166	.3329
244	49.2
243	49.6
124	19.5
264	19.1
115	29.7
147	28.5
182	26.9
319	31.1
179	50.4
178	47.4
58	31.4
312	36.2
291	36.6
206	31.9
30	66.9
232	-12.1
258
245	Idaho St.	BSky	30	9–21
8–10	100.2
238	106.7
251	.3284
245	50.8
173	51.4
228	17.2
98	17.8
187	24.6
298	27.2
118	28.9
263	35.5
282	51.3
126	52.6
293	33.3
206	32.5
86	39.8
110	33.5
52	65.9
286	-15.5
313
246	Sacramento St.	BSky	30	12–18
7–11	101.3
217	107.8
270	.3277
246	50.8
173	52.2
271	20.8
323	14.5
348	32.9
50	24.0
19	27.5
304	25.8
36	50.0
195	51.6
243	34.9
128	35.7
274	35.5
243	30.7
19	63.0
354	-11.7
250
247	SIU Edwardsville	OVC	30	16–14
9–9	98.2
281	104.7
205	.3231
247	48.5
280	49.0
100	18.5
211	19.2
109	30.6
109	29.4
225	40.3
17	34.6
259	48.5
253	48.1
82	32.3
270	33.6
144	37.5
177	36.2
146	69.9
79	-10.5
229
248	Winthrop	BSth	30	13–17
10–8	106.2
121	113.3
346	.3220
248	55.1
16	54.8
341	20.6
319	17.4
220	25.9
254	34.2
352	41.6
10	31.0
176	53.8
42	55.5
349	37.9
16	35.8
277	44.9
23	38.0
208	67.6
195	-11.3
239
249	East Tennessee St.	SC	30	10–20
8–10	99.0
266	105.7
226	.3220
249	50.5
185	50.8
194	19.5
264	17.5
214	29.9
136	28.9
203	31.2
187	26.9
59	51.8
99	51.8
256	32.1
277	32.9
101	34.9
259	43.1
336	66.6
255	-15.3
306
250	Bellarmine	ASun	30	12–18
9–9	101.1
223	107.9
273	.3204
250	51.7
108	54.7
338	18.2
180	17.7
194	20.6
352	28.1
164	25.4
339	31.8
202	53.9
39	55.0
343	32.6
254	36.3
300	43.2
49	52.0
363	62.7
358	-10.2
219
Rk	Team	Conf	G	Rec	AdjOE	AdjDE	Barthag	Efg%	EfgD%	TOR	TORD	ORB	DRB	FTR	FTRD	2P%	2P%D	3P%	3P%D	3PR	3PRD	Adj T.	WAB
251	Northern Illinois	MAC	30	12–18
9–9	98.5
277	105.4
219	.3142
251	52.2
85	50.7
184	20.3
313	18.6
134	25.0
284	32.8
333	34.3
89	35.8
286	52.1
88	51.7
248	34.9
128	32.7
94	36.8
199	36.3
148	69.7
90	-11.4
241
252	North Alabama	ASun	29	15–14
10–8	102.8
183	110.1
315	.3133
252	51.3
136	52.4
276	15.6
32	15.2
335	23.2
327	28.1
164	30.9
200	32.0
209	49.9
200	50.0
168	36.1
70	37.7
344	34.6
269	36.6
154	69.2
121	-7.9
172
253	Western Carolina	SC	30	15–15
10–8	100.1
242	107.2
264	.3131
253	49.0
252	51.1
206	15.7
36	15.7
316	25.8
261	25.5
56	34.5
81	34.0
250	48.1
267	51.7
248	33.6
190	33.1
113	41.5
72	30.2
12	68.3
163	-9.8
204
254	Canisius	MAAC	29	9–20
8–12	99.9
249	107.0
260	.3120
254	48.6
273	52.8
294	17.5
121	18.7
128	28.4
187	29.9
243	24.9
342	27.7
79	47.4
289	52.0
266	33.6
190	36.4
305	40.1
103	32.0
31	68.4
157	-15.0
304
255	Niagara	MAAC	30	15–15
10–10	99.4
261	106.5
248	.3104
255	50.3
195	49.8
133	18.5
211	16.9
246	26.5
241	28.6
185	30.0
221	33.5
241	50.1
191	48.0
77	33.8
181	36.0
284	34.4
275	30.3
13	63.7
348	-10.1
213
256	California	P12	32	3–29
2–18	95.9
319	103.1
170	.3045
256	43.7
361	51.6
238	20.1
303	16.0
303	25.3
277	30.4
270	31.5
176	32.6
219	43.2
355	52.5
290	29.8
350	33.4
135	30.9
324	38.3
218	64.1
342	-16.7
335
257	USC Upstate	BSth	29	14–15
10–8	97.5
295	104.7
208	.3042
257	51.1
151	50.0
146	19.5
264	20.5
57	24.5
300	32.7
330	32.2
145	43.8
355	51.5
112	49.3
144	33.6
190	34.2
196	34.8
261	35.6
128	68.6
151	-9.8
206
258	Mount St. Mary's	MAAC	32	12–20
8–12	96.2
313	103.5
180	.3025
258	48.6
273	48.9
96	20.8
323	17.9
180	27.8
207	29.9
243	25.9
332	29.2
121	45.8
330	48.0
77	36.0
75	33.7
151	33.9
282	36.1
142	66.5
263	-14.4
298
259	UT Rio Grande Valley	WAC	28	11–17
5–12	101.4
216	109.1
296	.3013
259	51.2
145	52.0
265	22.2
351	16.9
246	29.0
162	29.5
231	45.9
2	38.9
327	51.7
107	51.9
262	33.5
197	34.8
232	35.0
254	34.8
97	73.3
5	-10.4
225
260	Southeastern Louisiana	Slnd	29	15–14
12–6	102.0
197	109.9
310	.2995
260	50.9
162	54.2
330	16.9
81	19.8
79	27.6
210	29.9
243	32.1
156	33.4
237	49.1
235	52.1
274	36.4
54	38.2
350	34.1
277	40.8
293	69.5
99	-9.3
195
261	Alcorn St.	SWAC	32	18–14
15–3	99.3
262	107.0
259	.2975
261	45.2
348	51.4
228	18.3
192	21.0
41	33.7
32	31.4
303	35.3
69	39.3
332	45.6
334	52.6
293	29.6
352	33.1
113	29.7
335	40.8
293	68.0
174	-7.1
156
262	Fairfield	MAAC	30	12–18
9–11	97.3
298	104.9
210	.2954
262	46.0
337	49.3
112	18.2
180	17.8
187	28.6
181	29.5
231	37.9
34	28.1
95	47.8
276	51.7
248	28.6
360	29.3
9	36.6
206	31.5
26	65.7
298	-13.1
276
263	Lafayette	Pat	34	11–23
7–11	94.3
333	101.8
145	.2916
263	48.7
269	50.8
194	17.9
151	18.2
166	23.8
318	25.3
50	24.5
346	29.4
128	48.4
256	50.6
197	32.7
247	34.1
183	48.4
4	41.2
302	63.7
348	-16.6
333
264	Dartmouth	Ivy	26	8–18
6–8	97.6
293	105.5
223	.2895
264	50.0
211	51.3
220	20.2
307	16.5
280	23.5
322	26.2
76	29.1
256	31.7
197	50.8
155	51.6
243	32.6
254	34.0
173	41.6
70	35.0
101	69.4
109	-12.9
271
265	Nicholls St.	Slnd	27	12–15
11–7	97.8
291	105.7
229	.2883
265	50.3
195	52.5
282	18.5
211	23.7
10	29.3
156	33.7
349	27.6
300	47.6
362	50.5
171	51.4
234	33.3
206	36.2
291	35.9
233	38.0
208	71.3
33	-9.7
201
266	UTSA	CUSA	30	8–22
4–16	100.9
226	109.3
301	.2869
266	47.4
313	52.5
282	19.5
264	15.4
330	28.5
183	31.2
301	37.4
38	30.6
164	45.2
338	51.9
262	33.9
177	35.6
271	38.6
140	37.8
199	69.8
86	-14.0
289
267	Southeast Missouri St.
   16 seed, R68	OVC	34	17–17
10–8	98.6
273	106.8
253	.2856
267	50.1
205	51.3
220	17.3
102	19.0
119	25.0
284	28.3
173	38.2
31	44.1
356	50.3
186	50.7
204	33.2
214	35.0
246	40.0
104	35.4
120	72.8
12	-11.7
248
268	American	Pat	32	17–15
7–11	100.0
248	108.5
284	.2807
268	54.4
25	51.8
248	22.0
347	19.2
109	28.3
190	27.9
152	27.9
293	32.1
210	55.8
14	48.7
103	34.6
148	38.5
352	36.1
225	33.7
62	63.2
352	-11.4
243
269	Louisiana Monroe	SB	29	8–21
7–11	96.5
310	104.8
209	.2796
269	45.2
348	51.7
244	18.7
223	17.6
206	27.3
221	29.9
243	30.0
221	28.6
108	41.6
361	50.3
183	34.2
168	36.0
284	37.6
174	38.6
226	66.8
239	-13.8
285
270	Bowling Green	MAC	29	9–20
5–13	102.0
199	110.8
322	.2782
270	50.5
185	54.1
327	17.5
121	16.3
293	29.8
142	28.0
159	32.5
134	33.6
243	50.4
178	53.8
321	33.8
181	36.4
305	35.5
243	37.3
181	70.3
59	-15.3
307
271	Prairie View A&M	SWAC	30	11–19
9–9	92.9
346	101.0
129	.2764
271	44.8
355	48.2
75	19.6
274	21.2
38	31.7
78	28.7
192	33.0
117	41.8
345	44.0
348	47.3
57	30.9
329	33.3
133	33.7
285	34.5
84	68.3
163	-13.9
287
272	Maryland Eastern Shore	MEAC	27	14–13
9–5	92.3
350	100.5
114	.2731
272	47.6
304	50.6
179	21.1
329	24.9
3	27.1
225	31.7
313	31.4
180	34.4
257	46.8
305	51.4
234	32.6
254	32.9
101	39.5
118	37.0
174	70.1
70	-7.8
168
273	Louisville	ACC	32	4–28
2–18	99.1
264	107.9
272	.2730
273	48.0
295	54.1
327	22.3
352	15.2
335	28.2
194	30.1
256	32.9
122	30.6
164	47.3
294	54.9
341	32.9
226	35.2
254	35.8
235	39.7
266	67.3
212	-16.8
338
274	Illinois Chicago	MVC	31	11–20
4–16	97.1
301	105.8
234	.2705
274	48.7
269	51.2
212	18.3
192	19.6
90	22.7
336	30.3
265	34.1
95	33.0
228	47.9
272	51.1
221	33.2
214	34.3
204	43.3
46	34.5
84	69.7
90	-14.2
292
275	Maine	AE	28	11–17
7–9	97.9
284	106.9
257	.2668
275	51.1
151	53.4
311	18.7
223	20.3
65	22.9
331	30.0
251	23.0
358	28.7
111	51.5
112	54.4
333	33.5
197	34.6
222	35.6
240	36.9
169	66.4
266	-11.8
252
Rk	Team	Conf	G	Rec	AdjOE	AdjDE	Barthag	Efg%	EfgD%	TOR	TORD	ORB	DRB	FTR	FTRD	2P%	2P%D	3P%	3P%D	3PR	3PRD	Adj T.	WAB
276	New Hampshire	AE	28	13–15
9–7	96.1
316	104.9
211	.2667
276	45.8
341	49.1
103	15.0
16	16.2
297	26.0
252	27.4
129	29.6
235	30.2
153	42.8
358	50.0
168	33.4
202	31.5
47	41.0
81	32.3
37	64.8
327	-10.6
231
277	Tennessee Martin	OVC	29	15–14
10–8	100.0
247	109.2
298	.2663
277	50.4
192	49.6
124	16.8
77	16.8
257	27.0
227	29.0
209	36.1
57	34.0
250	51.9
94	50.5
189	31.9
292	32.3
81	36.4
212	41.3
307	71.8
23	-10.7
233
278	North Dakota	Sum	31	11–20
6–12	101.4
212	110.7
321	.2661
278	51.0
159	53.5
314	16.7
69	15.5
326	25.7
265	27.4
129	27.3
311	28.0
92	50.6
166	53.0
304	34.4
158	36.4
305	44.5
28	31.4
25	67.7
187	-14.6
300
279	Oakland	Horz	31	12–19
11–9	101.5
211	110.9
327	.2650
279	49.2
243	54.8
341	15.1
18	18.7
128	24.2
311	32.7
330	31.6
173	22.5
7	51.3
126	53.9
323	30.6
338	37.5
342	39.6
114	39.2
247	69.2
121	-12.9
268
280	Miami OH	MAC	29	9–20
6–12	101.6
205	111.1
329	.2633
280	52.0
91	53.8
319	19.6
274	17.8
187	26.6
235	32.6
328	32.1
156	37.1
304	53.8
42	54.1
327	32.9
226	35.4
264	41.1
79	36.0
139	67.5
201	-14.4
299
281	Southern Indiana	OVC	29	13–16
9–9	101.1
224	110.6
318	.2621
281	50.5
185	51.8
248	18.3
192	16.7
262	32.6
58	25.0
39	33.4
110	40.3
339	47.2
299	51.0
215	36.6
46	35.2
254	42.6
55	39.9
275	70.1
70	-12.6
265
282	Denver	Sum	30	13–17
6–12	99.4
260	109.0
294	.2583
282	52.3
83	51.7
244	21.4
340	15.6
320	29.8
142	27.4
129	39.4
22	27.7
79	53.4
54	52.2
283	32.9
226	33.9
166	26.0
356	40.0
279	69.3
116	-13.0
275
283	Tennessee Tech	OVC	30	13–17
11–7	99.9
251	109.5
305	.2566
283	51.4
133	51.7
244	17.8
144	18.0
173	23.8
318	30.2
261	29.9
228	25.8
36	48.1
267	52.1
274	37.3
25	34.0
173	42.5
56	39.2
247	67.1
221	-12.8
266
284	Southern	SWAC	30	13–17
11–7	94.6
331	103.9
190	.2552
284	48.5
280	51.4
228	20.5
317	23.0
15	24.4
305	28.6
185	34.5
81	42.9
350	48.0
271	51.6
243	32.8
236	34.0
173	40.0
104	40.4
286	71.7
28	-11.4
242
285	Georgia St.	SB	28	7–21
3–15	95.9
320	105.3
216	.2546
285	45.6
344	50.7
184	19.5
264	17.5
214	30.1
131	29.5
231	33.5
109	35.4
280	46.5
314	48.6
100	29.0
357	36.5
312	30.6
325	33.8
64	67.7
187	-15.7
314
286	Coastal Carolina	SB	28	8–20
5–13	102.5
190	112.6
343	.2543
286	47.5
308	53.1
301	17.8
144	15.5
326	30.3
123	30.7
285	28.9
263	29.3
124	48.4
256	51.3
232	30.6
338	36.7
320	37.9
160	47.1
358	68.8
140	-14.8
302
287	Tulsa	Amer	30	5–25
1–17	98.4
279	108.2
278	.2521
287	47.9
297	53.6
315	19.1
244	17.0
244	24.9
289	33.0
339	26.7
323	27.8
86	48.6
248	57.9
361	31.3
318	31.3
42	42.4
57	39.6
264	68.8
140	-15.8
316
288	Tennessee St.	OVC	28	14–14
10–8	99.1
263	109.0
295	.2512
288	50.9
162	49.9
142	17.3
102	18.5
142	26.9
230	28.2
167	35.1
71	42.4
349	49.6
210	49.5
154	35.1
111	33.8
157	40.8
85	34.5
84	71.2
35	-11.5
244
289	Marist	MAAC	33	13–20
6–14	95.8
322	105.4
217	.2509
289	47.9
297	47.9
63	18.1
166	16.8
257	25.9
254	28.9
203	28.9
263	28.4
101	46.9
301	45.1
15	32.8
236	35.0
246	42.4
57	37.6
193	66.3
271	-15.9
318
290	Lehigh	Pat	28	14–14
11–7	96.2
314	105.8
233	.2493
290	49.8
215	50.3
163	17.4
115	16.6
272	18.8
361	26.7
95	31.1
192	28.5
104	48.4
256	50.9
211	35.0
123	32.8
97	33.6
288	34.8
97	70.2
66	-10.0
208
291	Bucknell	Pat	31	11–20
5–13	97.9
286	108.0
274	.2446
291	51.3
136	51.2
212	20.2
307	15.4
330	25.4
274	25.0
39	26.9
319	27.7
79	51.1
136	49.4
149	34.5
150	36.4
305	37.0
194	35.8
134	67.5
201	-16.2
327
292	Charleston Southern	BSth	29	8–21
5–13	104.1
161	115.0
355	.2416
292	50.3
195	54.3
331	18.1
166	16.7
262	32.2
63	31.0
295	27.4
307	36.6
296	49.7
207	54.3
330	34.1
171	36.2
291	39.3
123	40.2
282	66.3
271	-16.1
325
293	Illinois St.	MVC	32	11–21
6–14	97.9
288	108.2
280	.2396
293	50.2
199	51.8
248	21.8
346	16.7
262	28.2
194	26.7
95	31.3
185	34.0
250	50.0
195	52.6
293	33.6
190	33.7
151	40.6
92	37.7
196	65.7
298	-16.0
322
294	Boston University	Pat	31	14–17
8–10	95.9
321	106.0
238	.2388
294	47.0
325	50.5
173	17.8
144	18.3
159	28.7
175	24.6
32	29.0
261	36.5
295	45.9
329	50.3
183	32.4
266	33.8
157	38.7
137	39.3
253	66.2
278	-12.4
262
295	Arkansas St.	SB	30	10–20
4–14	97.8
289	108.2
277	.2387
295	47.6
304	50.3
163	18.1
166	16.6
272	28.8
172	28.0
159	35.1
71	34.8
266	45.5
335	48.0
77	34.6
148	36.4
305	33.5
291	33.8
64	63.9
344	-14.6
301
296	Cal St. Bakersfield	BW	31	9–22
6–14	93.3
341	103.3
174	.2371
296	44.6
356	51.1
206	19.8
284	20.5
57	27.2
224	28.4
179	29.4
241	43.6
354	43.7
351	50.2
178	31.5
307	34.9
236	24.6
361	42.0
319	63.7
348	-15.9
320
297	Valparaiso	MVC	31	10–21
5–15	95.9
318	106.2
243	.2368
297	49.0
252	51.5
235	18.1
166	15.6
320	22.5
339	24.5
29	27.9
293	31.8
202	51.9
94	51.6
243	29.2
354	34.3
204	36.2
221	37.8
199	68.7
148	-15.0
303
298	High Point	BSth	29	12–17
6–12	98.8
272	109.5
302	.2364
298	50.2
199	50.7
184	19.6
274	16.3
293	30.8
103	32.0
318	38.7
29	35.3
278	51.4
120	52.0
266	32.3
270	32.5
86	39.5
118	38.4
221	72.2
20	-12.9
270
299	Fairleigh Dickinson
   16 seed, R32	NEC	33	18–15
10–6	105.0
140	116.4
360	.2333
299	51.7
108	55.4
352	16.4
60	21.4
32	31.1
94	28.8
196	28.8
267	34.2
255	51.5
112	56.1
352	34.7
141	36.2
291	37.5
177	39.7
266	69.4
109	-12.2
259
300	Northeastern	CAA	30	10–20
6–12	96.3
312	106.8
254	.2325
300	47.9
297	50.1
149	21.3
337	14.5
348	31.7
78	26.9
106	27.7
298	31.7
197	46.8
305	49.2
139	33.2
214	34.9
236	37.2
188	29.5
8	67.7
187	-14.4
296
Rk	Team	Conf	G	Rec	AdjOE	AdjDE	Barthag	Efg%	EfgD%	TOR	TORD	ORB	DRB	FTR	FTRD	2P%	2P%D	3P%	3P%D	3PR	3PRD	Adj T.	WAB
301	Texas Southern
   16 seed, R68	SWAC	33	12–21
7–11	94.3
332	104.7
204	.2317
301	46.1
336	49.6
124	20.3
313	18.5
142	29.2
158	27.5
137	34.3
89	38.8
324	47.7
280	48.9
114	28.0
361	33.9
166	28.1
348	35.5
124	70.0
74	-13.5
282
302	Merrimack	NEC	32	16–16
12–4	88.9
360	98.7
87	.2313
302	48.3
289	49.1
103	20.7
322	26.0
1	20.5
353	35.6
359	34.6
79	26.9
59	48.2
265	48.9
114	32.3
270	33.0
106	43.8
37	32.5
38	66.9
232	-11.8
251
303	Cal Poly	BW	31	6–25
1–18	92.5
349	102.7
161	.2311
303	45.8
341	50.4
168	20.9
327	18.6
134	24.5
300	24.5
29	31.0
197	42.3
348	46.7
310	49.3
144	29.3
353	34.9
236	35.9
233	35.1
107	64.7
331	-18.5
349
304	Western Illinois	Sum	27	13–14
9–9	99.8
253	111.1
328	.2264
304	50.1
205	53.4
311	15.1
18	16.4
287	26.9
230	26.7
95	31.4
180	27.4
70	51.8
99	54.6
337	31.5
307	33.9
166	37.5
177	32.2
34	67.4
207	-10.2
217
305	Idaho	BSky	30	8–22
4–14	100.6
234	112.2
337	.2216
305	52.0
91	54.3
331	17.2
98	16.1
299	19.6
355	27.8
148	35.8
62	31.6
192	54.2
34	52.6
293	32.0
287	38.7
355	36.2
221	32.5
38	66.6
255	-17.6
343
306	Chicago St.	ind	27	7–20
2–0	100.1
241	111.8
335	.2203
306	48.8
265	53.3
307	21.3
337	16.7
262	33.5
35	33.2
341	31.9
164	35.9
288	48.4
256	53.1
307	32.9
226	35.7
274	41.8
67	37.4
185	65.6
302	-12.9
269
307	South Dakota	Sum	29	10–19
7–11	100.6
233	112.5
342	.2167
307	50.1
205	52.7
292	17.3
102	14.4
353	24.9
289	27.1
115	28.1
289	31.8
202	45.5
335	51.8
256	37.9
16	36.1
288	40.2
101	40.2
282	66.7
248	-13.9
286
308	Saint Peter's	MAAC	31	13–18
7–13	95.1
327	106.5
247	.2150
308	43.9
359	49.5
119	19.5
264	19.7
83	36.4
7	30.6
281	28.4
275	51.4
363	44.1
347	48.4
90	29.0
357	34.3
204	35.3
252	35.7
132	63.8
346	-13.3
277
309	William & Mary	CAA	31	11–20
7–11	98.9
269	110.8
323	.2134
309	49.4
232	53.9
322	18.8
231	17.0
244	27.4
216	29.9
243	29.2
251	27.4
70	46.3
320	54.3
330	36.3
61	35.5
269	37.8
164	36.9
169	65.8
292	-14.4
295
310	Wagner	NEC	26	13–13
8–8	92.8
347	104.0
192	.2130
310	44.9
354	49.1
103	19.1
244	20.9
47	34.4
21	24.8
35	25.2
341	47.0
360	44.7
344	50.2
178	30.2
345	31.5
47	35.3
252	36.7
156	62.9
355	-10.3
223
311	Binghamton	AE	29	11–18
8–8	97.3
297	109.3
300	.2096
311	49.5
226	50.5
173	19.4
261	15.1
338	28.7
175	27.3
121	28.2
282	35.4
280	50.0
195	50.8
207	32.4
266	33.2
122	30.1
329	35.2
113	66.7
248	-13.3
278
312	Jackson St.	SWAC	33	14–19
12–6	97.2
300	109.1
297	.2091
312	47.5
308	52.5
282	22.0
347	19.1
115	32.9
50	29.1
215	32.9
122	34.0
250	47.1
300	52.1
274	32.1
277	35.4
264	34.2
276	39.2
247	68.9
133	-12.2
260
313	Morgan St.	MEAC	26	10–16
7–7	93.0
344	104.7
203	.2041
313	47.1
320	50.8
194	22.0
347	23.8
8	30.2
127	37.3
362	31.0
197	42.9
350	44.4
346	52.4
286	35.5
97	31.8
60	29.9
331	33.9
67	71.2
35	-10.9
234
314	Alabama A&M	SWAC	30	12–18
10–8	94.7
330	107.0
261	.1964
314	48.6
273	49.4
116	21.4
340	21.4
32	29.5
152	33.9
350	35.9
58	41.8
345	46.9
301	48.5
94	34.7
141	33.8
157	32.7
304	39.9
275	69.1
125	-14.1
291
315	Manhattan	MAAC	29	11–18
10–10	95.7
323	108.2
279	.1959
315	49.2
243	51.3
220	19.8
284	20.5
57	26.6
235	34.2
352	31.5
176	30.5
162	49.1
235	49.1
130	32.9
226	36.8
323	36.1
225	36.2
146	67.7
187	-13.6
284
316	East Texas A&M	Slnd	32	12–20
9–9	98.6
276	111.5
332	.1953
316	52.4
74	52.8
294	18.9
236	17.7
194	26.5
241	29.9
243	28.3
279	37.9
312	56.2
10	53.1
307	31.9
292	34.8
232	45.6
17	34.9
99	66.3
271	-15.4
311
317	Eastern Michigan	MAC	30	7–23
5–13	99.9
252	113.0
345	.1944
317	49.2
243	55.6
355	16.9
81	17.1
236	25.1
283	32.8
333	32.2
145	35.0
271	50.3
186	58.7
363	31.4
312	34.1
183	33.5
291	41.4
310	70.0
74	-17.0
340
318	Nebraska Omaha	Sum	31	8–23
4–14	98.5
278	111.5
333	.1942
318	48.5
280	53.2
305	18.5
211	15.8
313	24.2
311	28.9
203	29.6
235	33.4
237	47.7
280	52.0
266	33.7
187	36.5
312	29.4
337	40.9
299	68.6
151	-16.0
323
319	Arkansas Pine Bluff	SWAC	27	6–21
6–12	93.2
342	105.5
221	.1936
319	45.2
348	51.4
228	21.6
344	21.4
32	26.6
235	29.0
209	33.8
98	43.2
352	44.0
348	51.1
221	31.1
324	34.5
218	43.4
43	35.7
132	70.4
55	-15.4
309
320	UMKC	Sum	30	10–20
7–11	94.1
336	106.5
249	.1929
320	43.4
362	50.1
149	19.9
290	17.3
224	35.9
10	29.4
225	33.3
112	39.4
333	44.7
344	48.9
114	27.3
362	34.6
222	35.5
243	40.5
287	64.6
332	-14.4
297
321	North Carolina A&T	CAA	29	10–19
8–10	97.1
302	109.9
312	.1926
321	47.4
313	50.6
179	17.5
121	15.7
316	24.6
298	30.2
261	30.0
221	28.5
104	46.2
323	51.0
215	32.9
226	33.2
122	40.5
95	38.6
226	70.7
41	-13.3
280
322	Elon	CAA	30	6–24
6–12	96.7
308	109.6
306	.1906
322	47.8
301	52.1
268	18.4
204	17.1
236	24.9
289	30.6
281	27.5
304	29.0
119	50.5
171	51.4
234	29.2
354	35.2
254	40.3
97	45.7
351	66.9
232	-19.0
352
323	Stonehill	NEC	30	13–17
10–6	94.1
335	107.1
262	.1835
323	50.9
162	50.2
155	19.7
282	19.8
79	19.1
360	31.4
303	32.2
145	27.3
69	49.9
200	49.0
122	34.8
135	34.6
222	41.3
74	40.8
293	67.4
207	-12.6
264
324	NJIT	AE	29	6–23
4–12	96.4
311	109.8
309	.1825
324	48.3
289	52.3
274	16.0
41	14.9
341	23.4
324	29.1
215	28.2
282	27.9
90	46.1
325	53.2
309	35.2
107	34.0
173	32.5
309	39.2
247	67.0
226	-18.4
347
325	Saint Francis	NEC	29	11–18
9–7	100.2
239	114.2
351	.1818
325	51.9
99	51.9
257	18.3
192	14.7
345	25.3
277	28.9
203	32.8
125	29.9
146	50.4
178	52.7
301	36.4
54	33.7
151	35.8
235	35.1
107	69.1
125	-14.3
294
Rk	Team	Conf	G	Rec	AdjOE	AdjDE	Barthag	Efg%	EfgD%	TOR	TORD	ORB	DRB	FTR	FTRD	2P%	2P%D	3P%	3P%D	3PR	3PRD	Adj T.	WAB
326	Austin Peay	ASun	28	6–22
3–15	95.6
325	109.2
299	.1779
326	46.3
334	54.7
338	17.4
115	19.5
95	26.0
252	31.9
316	26.1
329	37.0
300	46.0
327	56.4
356	31.2
320	34.4
213	38.5
144	35.2
113	65.6
302	-16.0
324
327	Loyola MD	Pat	31	11–20
7–11	96.9
304	110.8
326	.1750
327	51.3
136	55.5
354	20.4
315	20.2
68	26.6
235	28.7
192	28.2
282	29.8
143	50.0
195	55.3
348	35.6
92	37.1
333	38.9
131	36.8
163	66.6
255	-15.4
310
328	Central Arkansas	ASun	30	8–22
4–14	97.2
299	111.3
331	.1733
328	47.1
320	54.7
338	18.1
166	16.7
262	27.9
202	30.5
274	24.3
347	28.9
114	46.8
305	54.8
340	31.6
305	36.3
300	41.3
74	39.2
247	73.0
9	-15.9
321
329	Cal St. Northridge	BW	30	5–25
4–16	93.9
338	107.7
266	.1726
329	44.1
358	50.4
168	19.6
274	18.0
173	27.3
221	30.5
274	36.6
50	39.0
329	42.8
358	49.6
156	31.2
320	34.6
222	32.9
301	38.0
208	65.9
286	-19.2
354
330	McNeese St.	Slnd	33	10–23
6–12	97.8
290	112.4
340	.1688
330	49.0
252	55.0
346	21.6
344	18.4
149	33.3
38	30.9
292	29.2
251	34.9
267	49.2
227	52.1
274	32.4
266	39.7
361	39.9
107	38.5
224	66.9
232	-16.7
337
331	New Orleans	Slnd	30	10–20
7–11	96.6
309	111.2
330	.1640
331	52.7
63	54.1
327	23.6
362	20.2
68	29.8
142	32.7
330	36.5
51	39.9
337	51.1
136	54.1
327	37.9
16	36.2
291	29.0
342	36.4
151	71.8
23	-15.7
315
332	Little Rock	OVC	29	8–21
6–12	99.6
258	114.7
354	.1637
332	49.2
243	56.1
358	18.0
159	19.2
109	29.3
156	30.4
270	31.9
164	37.0
300	49.4
218	54.1
327	32.5
261	39.5
358	29.9
331	38.7
231	71.6
29	-16.7
336
333	Western Michigan	MAC	28	5–23
4–14	100.1
244	115.4
357	.1635
333	48.8
265	54.8
341	19.1
244	14.4
353	33.0
47	27.6
140	27.8
296	33.1
231	49.3
223	54.4
333	32.1
277	37.0
330	42.0
61	39.8
272	66.3
271	-17.0
339
334	The Citadel	SC	31	9–22
5–13	96.0
317	110.7
320	.1622
334	49.3
238	52.4
276	18.2
180	16.9
246	20.8
350	31.7
313	28.9
263	33.9
245	49.6
210	53.5
317	32.5
261	33.9
166	38.7
137	41.5
311	67.9
179	-16.2
328
335	Sacred Heart	NEC	32	15–17
8–8	94.8
329	109.7
307	.1579
335	48.4
287	50.2
155	18.8
231	19.4
98	28.8
172	30.8
289	27.6
300	26.5
49	49.8
204	49.7
161	30.6
338	34.1
183	36.1
225	36.9
169	70.6
45	-13.6
283
336	Incarnate Word	Slnd	28	9–19
6–12	94.9
328	110.1
314	.1541
336	48.5
280	54.4
333	20.0
298	20.5
57	26.3
249	33.2
341	33.3
112	32.7
221	47.3
294	53.9
323	34.1
171	36.8
323	32.6
307	33.4
51	67.6
195	-15.5
312
337	Stony Brook	CAA	31	9–22
6–12	94.2
334	109.5
303	.1513
337	47.5
308	50.3
163	19.6
274	14.0
357	21.9
342	27.4
129	29.4
241	26.2
44	48.1
267	50.0
168	31.1
324	33.8
157	44.4
29	43.8
341	64.6
332	-16.1
326
338	Central Michigan	MAC	29	8–21
5–13	91.7
352	106.7
252	.1490
338	46.5
330	51.9
257	22.9
357	19.2
109	30.5
111	32.5
326	36.9
47	41.0
341	47.4
289	50.9
211	30.0
348	35.6
271	38.1
153	40.5
287	68.1
168	-15.3
308
339	Presbyterian	BSth	30	3–27
1–17	93.1
343	108.4
283	.1483
339	47.3
316	54.0
324	20.8
323	18.4
149	29.9
136	29.5
231	36.5
51	39.1
330	47.3
294	52.0
266	31.5
307	38.5
352	36.3
216	35.0
101	65.3
312	-22.4
361
340	South Carolina St.	MEAC	30	4–26
2–12	97.7
292	114.2
352	.1423
340	46.9
326	57.7
362	20.9
327	21.0
41	34.2
23	34.5
355	29.2
251	43.5
353	47.3
294	56.8
359	30.8
335	39.5
358	34.0
279	36.7
156	72.5
16	-20.1
357
341	Columbia	Ivy	27	5–22
2–12	92.9
345	108.7
287	.1420
341	45.5
346	52.0
265	19.9
290	17.6
206	25.3
277	30.9
292	28.1
289	28.8
113	45.4
337	53.2
309	30.4
342	33.1
113	40.7
87	34.5
84	70.5
51	-16.5
332
342	Coppin St.	MEAC	32	9–23
4–10	97.4
296	114.1
350	.1397
342	51.0
159	53.2
305	20.1
303	18.5
142	18.6
363	35.7
360	37.2
39	34.2
255	51.4
120	55.0
343	33.7
187	33.8
157	44.4
29	41.5
311	72.7
15	-16.4
330
343	Central Connecticut	NEC	32	10–22
7–9	95.7
324	112.3
338	.1372
343	48.1
294	51.3
220	17.9
151	16.4
287	28.5
183	28.2
167	23.3
356	26.5
49	47.5
285	50.2
178	32.7
247	35.4
264	35.7
238	37.2
179	65.1
320	-18.5
348
344	Holy Cross	Pat	30	8–22
7–11	92.6
348	108.9
289	.1344
344	48.5
280	51.8
248	17.5
121	17.4
220	21.5
345	30.1
256	25.5
337	27.8
86	46.5
314	53.9
323	35.3
104	31.9
62	32.0
314	35.5
124	69.7
90	-18.2
346
345	Lindenwood	OVC	29	8–21
6–12	93.8
339	110.7
319	.1297
345	48.8
265	52.4
276	19.5
264	17.8
187	23.0
330	31.0
295	28.3
279	31.1
179	45.7
332	52.0
266	36.2
64	35.2
254	35.6
240	41.3
307	67.8
184	-16.6
334
346	Albany	AE	29	6–23
3–13	96.8
305	115.1
356	.1203
346	47.3
316	55.3
350	19.2
252	16.6
272	27.8
207	26.7
95	31.0
197	36.8
298	46.6
311	56.5
357	32.2
275	35.3
259	41.2
77	34.1
74	68.1
168	-17.5
342
347	Hampton	CAA	31	7–24
5–13	96.1
315	114.7
353	.1148
347	45.1
351	53.9
322	16.0
41	15.7
316	26.5
241	30.3
265	32.1
156	35.3
278	43.4
353	52.2
283	32.1
277	37.9
347	36.6
206	36.7
156	69.6
97	-18.6
351
348	Houston Christian	Slnd	29	7–22
7–11	99.9
250	119.4
363	.1140
348	51.4
133	57.5
361	21.1
329	16.7
262	28.0
198	31.6
309	40.6
15	33.3
235	49.5
215	57.9
361	36.1
70	37.8
346	40.7
87	33.0
46	71.4
31	-17.9
344
349	Evansville	MVC	32	5–27
1–19	90.1
359	107.8
268	.1135
349	45.1
351	55.7
356	17.6
134	18.9
123	20.7
351	25.5
56	29.4
241	30.1
151	43.4
353	54.9
341	32.2
275	38.0
348	33.6
288	41.2
302	70.3
59	-20.5
359
350	Bethune Cookman	SWAC	30	10–20
8–10	95.2
326	113.9
347	.1130
350	46.6
329	52.7
292	18.3
192	19.3
101	26.9
230	34.7
357	32.1
156	35.2
275	43.1
357	52.1
274	35.8
82	35.8
277	33.0
299	36.0
139	69.5
99	-15.8
317
351	Eastern Illinois	OVC	29	7–22
5–13	92.0
351	110.2
316	.1110
351	48.0
295	52.2
271	19.2
252	19.7
83	25.3
277	32.2
321	32.4
140	32.5
218	47.7
280	52.4
286	32.6
254	34.6
222	27.7
349	42.6
327	68.7
148	-18.0
345
352	Alabama St.	SWAC	30	7–23
6–12	91.4
353	109.7
308	.1089
352	42.3
363	49.7
131	18.7
223	17.7
194	31.7
78	34.4
354	31.2
187	34.6
259	40.4
363	48.9
114	30.8
335	34.2
196	33.1
296	34.7
92	67.1
221	-17.2
341
353	VMI	SC	29	4–25
2–16	96.8
306	116.3
359	.1075
353	47.8
301	56.9
360	19.3
257	14.6
347	28.9
168	27.3
121	21.0
362	28.1
95	45.0
341	57.7
360	34.2
168	37.4
339	44.1
31	50.1
362	67.5
201	-20.1
356
354	Monmouth	CAA	33	7–26
5–13	90.5
357	109.0
292	.1053
354	43.8
360	54.4
333	21.1
329	21.0
41	30.3
123	32.9
337	33.1
115	38.8
324	44.0
348	53.4
316	28.8
359	37.0
330	25.1
359	46.0
354	69.1
125	-19.0
353
355	St. Francis NY	NEC	28	12–16
7–9	90.3
358	108.9
290	.1033
355	45.9
339	50.5
173	21.1
329	19.6
90	30.9
100	31.8
315	31.1
192	31.6
192	41.6
361	47.1
52	36.5
49	39.7
361	33.1
296	27.4
2	66.6
255	-13.0
274
356	Lamar	Slnd	28	6–22
5–13	93.4
340	114.0
348	.0917
356	47.6
304	53.0
299	21.2
335	17.1
236	31.9
73	33.5
344	32.2
145	30.8
170	47.5
285	54.5
335	31.9
292	34.1
183	30.6
325	43.9
346	66.5
263	-18.5
350
357	Delaware St.	MEAC	27	5–22
4–10	90.8
354	110.8
324	.0915
357	45.7
343	54.4
333	23.5
361	19.0
119	30.1
131	29.4
225	29.3
247	37.0
300	45.1
340	50.6
197	31.4
312	39.5
358	31.0
321	43.2
338	68.4
157	-16.5
331
358	Mississippi Valley St.	SWAC	32	5–27
4–14	90.6
355	110.8
325	.0898
358	45.4
347	53.3
307	23.4
360	19.5
95	28.7
175	32.4
324	38.0
32	39.8
336	42.8
358	53.0
304	34.9
128	35.8
277	27.6
350	39.5
261	67.9
179	-20.4
358
359	Florida A&M	SWAC	27	5–22
5–13	88.2
362	108.1
276	.0877
359	45.0
353	51.1
206	24.0
363	18.0
173	27.6
210	33.6
346	31.4
180	44.6
357	43.2
355	51.8
256	32.1
277	33.2
122	35.5
243	34.6
90	65.8
292	-16.3
329
360	IU Indy	Horz	30	3–27
2–18	94.0
337	117.2
362	.0728
360	49.7
218	55.0
346	23.2
359	16.7
262	29.0
162	31.9
316	32.2
145	36.0
290	51.7
107	54.6
337	29.8
350	37.2
337	28.8
343	39.2
247	67.8
184	-22.5
362
361	Green Bay	Horz	32	3–29
2–18	90.5
356	114.1
349	.0651
361	46.0
337	54.8
341	21.1
329	16.1
299	21.7
343	32.4
324	31.5
176	31.6
192	46.6
311	56.1
352	30.1
347	35.0
246	43.5
41	34.6
90	65.9
286	-23.1
363
362	Hartford	ind	25	2–23
0–2	88.7
361	116.7
361	.0412
362	47.7
303	55.4
352	22.7
354	17.6
206	25.2
282	33.5
344	24.1
351	27.7
79	47.4
289	53.8
321	32.0
287	38.7
355	40.3
97	37.5
190	66.2
278	-20.0
355
363	LIU	NEC	27	1–26
1–15	86.4
363	115.6
358	.0338
363	45.6
344	55.1
349	22.7
354	16.7
262	24.7
296	30.3
265	31.7
170	32.1
210	44.8
343	54.6
337	32.0
287	37.4
339	24.3
362	35.2
113	73.3
5	-21.3
360