Rk	Team	Conf	G	Rec	AdjOE	AdjDE	Barthag	EFG%	EFGD%	TOR	TORD	ORB	DRB	FTR	FTRD	2P%	2P%D	3P%	3P%D	3PR	3PRD	Adj T.	WAB
1	Houston
   1 seed, Sweet Sixteen	B12	34	30–4
15–3	118.5
19	85.3
1	.9778
1	49.7
227	44.0
2	13.7
9	24.7
3	36.9
11	30.2
228	29.9
260	39.0
308	48.4
260	43.4
3	34.7
138	30.0
13	36.6
201	40.9
294	64.3
349	+10.0
3
2	Connecticut
   1 seed, CHAMPS	BE	34	31–3
18–2	126.8
1	94.1
13	.9686
2	57.1
6	45.1
3	14.9
49	16.2
232	36.5
14	26.8
84	33.3
162	32.5
173	58.5
6	43.7
5	36.7
31	31.9
61	40.9
87	33.2
47	65.6
324	+11.2
1
3	Purdue
   1 seed, Finals	B10	33	29–4
17–3	126.1
2	94.3
14	.9659
3	56.0
13	47.7
42	16.5
143	14.0
336	37.4
8	24.7
22	42.8
8	23.0
10	53.2
69	48.1
76	40.8
2	31.4
42	35.0
244	37.2
184	68.6
163	+10.6
2
4	Auburn
   4 seed, R64	SEC	34	27–7
13–5	120.5
10	92.1
6	.9563
4	54.1
41	43.4
1	14.9
49	18.2
96	32.9
59	30.3
232	38.2
47	41.0
331	54.9
29	42.8
1	35.2
107	29.8
9	37.5
176	33.3
50	70.8
56	+5.2
9
5	Arizona
   2 seed, Sweet Sixteen	P12	33	25–8
15–5	121.6
7	93.3
8	.9546
5	55.0
23	48.7
79	16.1
109	18.1
103	36.3
16	23.1
5	36.7
81	25.7
20	54.6
35	47.8
67	37.1
22	33.4
139	32.6
293	38.2
214	73.1
15	+4.9
10
6	Iowa St.
   2 seed, Sweet Sixteen	B12	34	27–7
13–5	113.4
53	87.5
2	.9520
6	51.9
106	47.1
27	15.7
81	25.7
2	31.6
95	29.4
197	36.1
92	35.2
250	51.7
117	46.9
44	34.9
124	31.5
49	32.0
301	45.0
353	68.5
170	+6.3
6
7	Tennessee
   2 seed, Elite Eight	SEC	32	24–8
14–4	115.4
33	91.1
3	.9383
7	51.5
128	45.4
5	14.6
37	18.9
61	32.4
73	28.6
155	34.3
131	35.8
261	51.6
122	44.3
8	34.2
157	31.4
42	41.3
76	41.4
308	70.2
76	+5.6
7
8	North Carolina
   1 seed, Sweet Sixteen	ACC	34	27–7
17–3	117.8
21	93.3
7	.9364
8	51.3
142	46.4
13	14.4
32	14.9
307	32.8
65	23.5
9	36.8
77	28.3
70	50.3
174	46.0
23	35.4
96	31.4
42	35.9
216	36.1
129	71.4
44	+7.0
4
9	Marquette
   2 seed, Sweet Sixteen	BE	34	25–9
14–6	118.7
17	94.3
15	.9339
9	55.1
20	49.7
129	14.3
27	21.1
20	26.0
277	30.8
268	25.6
344	28.2
68	56.0
16	49.2
121	35.8
69	33.6
154	40.5
95	43.1
340	70.1
83	+6.6
5
10	Creighton
   3 seed, Sweet Sixteen	BE	32	23–9
14–6	120.4
11	96.3
23	.9288
10	57.5
3	46.4
13	15.3
66	11.2
362	25.9
278	24.6
21	24.5
353	16.2
1	60.6
3	45.7
20	36.1
51	32.2
78	48.9
7	27.2
4	67.9
212	+4.4
13
11	Duke
   4 seed, Elite Eight	ACC	32	24–8
15–5	120.7
8	96.9
26	.9265
11	55.2
19	49.0
90	14.3
27	16.9
175	31.8
88	25.9
56	33.8
147	27.6
55	54.4
38	49.1
115	37.7
14	32.6
97	37.4
181	35.5
109	67.9
212	+3.5
15
12	Alabama
   4 seed, Final Four	SEC	32	21–11
13–5	125.6
3	101.4
101	.9213
12	56.3
11	49.9
142	16.0
102	15.6
277	34.9
26	29.9
219	35.2
108	39.6
319	57.6
10	51.1
213	36.5
34	31.9
61	46.8
18	36.7
154	73.5
13	+3.3
16
13	Illinois
   3 seed, Elite Eight	B10	34	26–8
14–6	124.3
4	100.7
91	.9187
13	53.8
47	48.0
51	15.1
59	12.3
360	36.2
17	26.1
60	37.8
58	27.1
41	54.7
33	46.6
33	34.9
124	34.3
210	38.3
149	27.9
7	70.8
56	+5.6
8
14	Saint Mary's
   5 seed, R64	WCC	32	25–7
15–1	115.1
37	93.4
10	.9170
14	53.1
65	45.1
3	16.0
102	16.7
191	39.0
3	22.4
2	28.3
302	32.2
166	53.0
74	43.6
4	35.5
88	32.4
85	36.7
197	29.0
8	63.1
357	+1.4
35
15	Gonzaga
   5 seed, Sweet Sixteen	WCC	31	24–7
14–2	120.6
9	98.3
44	.9132
15	56.7
8	47.3
34	14.0
16	16.5
208	33.3
50	27.2
100	31.5
221	25.8
21	58.3
7	45.1
13	35.5
88	34.0
182	31.4
310	36.9
170	70.1
83	+2.4
23
16	BYU
   6 seed, R64	B12	33	23–10
10–8	120.2
12	98.5
47	.9087
16	55.1
20	48.0
51	15.2
63	16.0
249	32.8
65	24.7
22	25.3
347	32.1
163	58.0
8	48.2
78	34.8
131	31.8
57	50.7
2	34.1
68	70.0
87	+2.3
25
17	Kansas
   4 seed, R32	B12	31	21–10
10–8	113.9
48	93.3
9	.9078
17	53.4
53	47.6
41	16.4
133	16.8
187	25.3
291	26.4
67	32.8
179	28.5
77	54.8
30	45.3
15	33.3
210	33.8
164	29.7
335	41.1
300	69.9
92	+3.8
14
18	Baylor
   3 seed, R32	B12	32	22–10
11–7	122.2
6	100.5
85	.9046
18	55.6
15	51.3
222	17.7
217	17.1
160	35.1
23	27.1
96	40.5
20	30.9
133	53.4
57	51.9
244	39.4
4	33.5
145	38.3
149	35.5
109	66.7
273	+4.5
12
19	Michigan St.
   9 seed, R32	B10	33	19–14
10–10	113.6
50	93.5
11	.9034
19	51.5
128	48.0
51	14.7
41	18.7
70	29.9
135	28.7
162	29.9
260	32.6
177	50.5
165	47.1
48	35.9
64	32.8
111	30.2
326	41.3
307	66.3
299	-0.19
56
20	St. John's	BE	33	20–13
11–9	119.1
15	98.1
42	.9032
20	50.9
159	49.5
115	15.7
81	18.5
82	38.6
4	30.3
232	27.3
324	34.4
228	50.8
153	47.9
70	34.1
166	35.0
253	32.5
295	35.9
124	70.2
76	+0.47
52
21	Wisconsin
   5 seed, R64	B10	35	22–13
11–9	120.0
13	99.0
58	.9006
21	52.4
82	52.2
271	14.6
37	16.9
175	30.5
117	24.5
17	33.5
155	33.2
197	52.6
85	50.4
178	34.8
131	37.1
343	35.4
227	34.4
77	66.0
312	+2.9
18
22	Kentucky
   3 seed, R64	SEC	32	23–9
13–5	122.5
5	101.9
113	.8923
22	57.4
4	49.5
115	14.2
21	16.0
249	28.9
171	30.2
228	30.4
247	33.4
202	54.7
33	49.8
150	41.2
1	32.6
97	37.3
184	39.9
275	73.5
13	+2.8
19
23	Florida
   7 seed, R64	SEC	35	24–11
11–7	119.3
14	99.4
64	.8912
23	51.5
128	48.8
83	15.8
91	14.5
316	37.5
7	28.9
170	38.6
40	34.2
222	51.7
117	49.0
109	34.2
157	32.2
78	34.5
258	32.7
41	72.6
19	+2.8
21
24	Texas
   7 seed, R32	B12	32	20–12
9–9	118.1
20	98.4
46	.8899
24	53.7
50	49.0
90	16.6
153	18.6
74	30.5
117	30.0
222	30.4
247	35.0
245	53.4
57	47.4
53	36.1
51	34.8
242	34.9
248	32.4
36	68.2
190	+0.7
46
25	New Mexico
   11 seed, R64	MWC	34	25–9
10–8	114.6
40	95.5
21	.8898
25	51.0
154	48.0
51	13.9
14	19.5
46	33.4
46	27.0
93	33.1
166	33.5
205	51.4
133	49.2
121	33.4
204	30.6
24	29.8
334	36.6
148	73.7
8	+1.5
33
Rk	Team	Conf	G	Rec	AdjOE	AdjDE	Barthag	Efg%	EfgD%	TOR	TORD	ORB	DRB	FTR	FTRD	2P%	2P%D	3P%	3P%D	3PR	3PRD	Adj T.	WAB
26	Colorado
   10 seed, R32	P12	35	25–10
13–7	117.0
27	97.7
35	.8874
26	55.1
20	48.9
86	18.2
263	15.2
295	32.1
76	24.7
22	35.2
108	27.5
52	53.6
52	49.9
154	39.1
8	31.4
42	30.4
323	35.1
92	68.5
170	+1.7
30
27	Nebraska
   8 seed, R64	B10	33	23–10
12–8	115.9
30	96.9
27	.8868
27	53.2
61	46.3
12	15.9
97	16.4
215	27.8
217	30.0
222	32.4
192	27.7
58	52.8
79	45.2
14	35.8
69	31.9
61	44.5
29	41.7
314	69.6
104	+2.0
27
28	Mississippi St.
   8 seed, R64	SEC	34	21–13
8–10	112.3
63	94.7
20	.8765
28	51.7
119	47.7
42	18.7
291	18.2
96	35.4
21	27.6
112	37.9
55	32.4
171	53.4
57	50.2
169	32.5
247	29.4
6	38.2
152	41.1
300	68.1
196	+0.6
50
29	San Diego St.
   5 seed, Sweet Sixteen	MWC	32	22–10
11–7	111.8
71	94.4
16	.8745
29	49.8
220	47.2
29	16.0
102	18.0
110	32.7
69	28.0
127	37.5
66	33.3
198	51.6
122	48.3
84	31.3
301	30.5
19	37.8
166	40.5
285	67.1
260	+2.2
26
30	Texas Tech
   6 seed, R64	B12	33	23–10
11–7	117.2
25	99.1
59	.8732
30	52.8
69	49.1
99	16.5
143	17.0
164	30.2
124	30.3
232	34.6
130	26.6
31	51.5
127	49.6
144	36.5
34	32.1
71	41.1
81	39.0
245	67.4
243	+2.8
20
31	Clemson
   6 seed, Elite Eight	ACC	32	21–11
11–9	117.2
24	99.2
63	.8722
31	53.9
46	48.7
79	14.9
49	13.6
342	27.7
221	25.2
32	30.6
241	31.2
138	54.4
38	47.1
48	35.4
96	34.0
182	40.2
101	40.6
287	67.2
254	+1.0
41
32	Villanova	BE	34	18–16
10–10	110.7
84	94.0
12	.8683
32	50.6
175	48.3
64	14.7
41	16.2
232	24.9
298	24.3
15	26.8
333	26.0
26	50.5
165	47.6
61	33.8
181	32.8
111	48.0
11	45.3
355	64.5
345	-1.2
68
33	Wake Forest	ACC	34	21–13
11–9	117.1
26	99.6
66	.8662
33	54.6
31	48.9
86	15.5
71	16.2
232	26.4
267	26.0
58	32.2
194	30.0
112	54.0
42	49.2
121	37.1
22	32.4
85	37.5
176	35.0
89	69.2
129	-1.0
66
34	Colorado St.
   10 seed, R64	MWC	33	23–10
10–8	114.8
38	98.0
39	.8605
34	54.8
29	48.7
79	15.0
53	16.6
196	24.4
302	27.0
93	32.5
188	31.7
151	57.8
9	47.8
67	33.3
210	33.5
145	38.1
154	33.9
61	66.9
264	+1.1
40
35	Dayton
   7 seed, R32	A10	31	24–7
14–4	117.8
22	100.7
88	.8590
35	56.6
9	47.9
49	15.8
91	15.7
273	26.9
255	29.0
176	37.2
70	21.8
3	53.7
49	48.2
78	40.2
3	31.7
54	44.5
29	40.4
284	65.0
337	+2.3
24
36	Pittsburgh	ACC	33	22–11
12–8	115.2
35	98.6
49	.8576
36	51.6
125	49.0
90	13.4
8	16.6
196	31.0
105	23.8
12	30.5
245	30.5
123	50.0
192	50.8
198	35.7
74	30.8
25	44.4
33	38.6
236	66.8
269	+0.6
48
37	TCU
   9 seed, R64	B12	33	21–12
9–9	114.3
45	97.9
37	.8566
37	51.9
106	50.3
168	17.9
234	20.8
22	35.5
20	28.6
155	35.1
113	35.7
258	51.2
142	50.9
202	35.6
83	32.8
111	30.2
326	35.2
98	70.9
54	+0.9
44
38	Ohio St.	B10	34	21–13
9–11	115.8
31	99.1
60	.8565
38	51.1
148	48.6
77	15.5
71	15.8
264	31.9
84	28.9
170	33.7
148	30.4
121	50.7
161	46.8
38	34.6
142	34.8
242	35.1
237	33.6
54	66.5
287	-0.6
61
39	Northwestern
   9 seed, R32	B10	32	21–11
12–8	116.3
28	99.7
69	.8553
39	53.2
61	51.6
246	13.3
5	18.8
66	25.7
285	28.2
137	29.9
260	39.4
314	49.7
209	50.3
175	39.4
4	35.9
311	36.8
191	36.9
170	64.7
343	+1.1
39
40	Utah	P12	34	20–14
9–11	113.9
47	97.6
33	.8552
40	54.0
45	48.5
71	16.3
121	14.3
324	28.0
207	26.4
67	27.4
322	26.0
26	53.9
43	47.1
48	36.0
59	34.0
182	39.8
111	35.9
124	70.7
64	-1.2
70
41	Nevada
   10 seed, R64	MWC	32	25–7
13–5	114.3
44	98.1
41	.8537
41	53.3
56	48.2
62	15.0
53	17.3
145	27.5
227	27.2
100	46.2
3	34.3
224	52.6
85	49.1
115	36.5
34	31.3
38	33.6
274	41.0
296	67.7
223	+2.5
22
42	Indiana St.	MVC	34	28–6
17–3	118.7
18	102.1
114	.8499
42	60.0
1	49.2
102	16.5
143	15.4
286	23.7
326	23.4
8	33.3
162	26.0
26	62.2
1	48.7
98	38.4
10	33.4
139	49.1
6	33.9
61	71.6
37	+1.9
28
43	Washington St.
   7 seed, R32	P12	33	24–9
14–6	112.6
60	97.0
28	.8488
43	52.1
92	47.3
34	16.1
109	15.9
258	32.9
59	24.9
28	31.7
213	32.7
182	52.6
85	46.9
44	34.0
175	32.0
67	32.0
301	31.5
27	65.9
315	+1.8
29
44	Boise St.
   10 seed, R68	MWC	31	20–11
13–5	112.9
58	97.3
31	.8475
44	51.0
154	49.8
135	16.4
133	16.9
175	32.9
59	23.1
5	35.1
113	33.1
192	50.8
153	52.1
257	34.2
157	30.5
19	39.4
119	36.7
154	67.3
249	+0.7
47
45	Oklahoma	B12	32	20–12
8–10	113.1
56	97.5
32	.8463
45	53.1
65	47.4
38	18.1
249	16.5
208	30.1
128	26.2
64	37.7
60	31.1
137	53.9
43	48.9
105	34.5
147	29.9
11	38.5
144	35.7
115	68.1
196	+0.6
49
46	Texas A&M
   9 seed, R32	SEC	34	20–14
9–9	115.1
36	99.7
68	.8399
46	45.4
344	50.1
157	14.2
21	16.9
175	41.9
1	28.0
127	38.2
47	31.2
138	47.0
303	49.5
137	28.4
352	33.9
171	38.1
154	44.9
351	66.6
279	-0.06
55
47	Cincinnati	B12	35	21–14
7–11	110.6
85	95.9
22	.8376
47	50.0
214	47.7
42	17.4
203	17.6
131	36.8
12	25.5
41	27.7
313	29.2
90	50.6
164	46.3
28	32.6
243	33.6
154	36.4
203	34.2
74	68.2
190	-1.4
72
48	South Carolina
   6 seed, R64	SEC	33	26–7
13–5	114.4
43	99.2
62	.8368
48	50.8
163	48.0
51	15.5
71	14.9
307	33.1
56	28.0
127	31.8
210	30.8
132	51.1
147	46.8
38	33.5
198	33.6
154	41.0
83	31.2
23	64.0
351	+4.7
11
49	Florida Atlantic
   8 seed, R64	Amer	33	25–8
14–4	117.6
23	102.5
125	.8296
49	55.0
23	49.7
129	15.8
91	16.5
208	33.8
39	29.2
190	34.8
125	27.5
52	56.0
16	49.3
127	35.6
83	33.6
154	38.8
134	36.3
136	68.9
144	+1.1
38
50	Iowa	B10	33	19–14
10–10	119.0
16	104.0
144	.8251
50	52.8
69	52.1
269	13.3
5	16.6
196	27.8
217	30.4
239	33.5
155	32.7
182	52.9
77	51.4
226	35.2
107	35.7
293	29.9
331	35.6
113	72.8
18	-0.7
62
Rk	Team	Conf	G	Rec	AdjOE	AdjDE	Barthag	Efg%	EfgD%	TOR	TORD	ORB	DRB	FTR	FTRD	2P%	2P%D	3P%	3P%D	3PR	3PRD	Adj T.	WAB
51	Butler	BE	32	17–15
9–11	113.2
55	99.0
57	.8248
51	51.9
106	50.0
149	15.4
69	16.0
249	26.3
269	29.0
176	26.7
334	22.3
4	51.5
127	50.9
202	35.0
121	32.4
85	38.0
160	37.5
194	69.4
116	-0.9
64
52	Virginia Tech	ACC	33	19–14
10–10	115.5
32	100.9
96	.8244
52	54.1
41	51.2
216	16.1
109	17.0
164	25.3
291	26.4
67	33.1
166	29.5
97	55.0
26	51.3
221	35.1
114	34.1
198	41.9
63	34.1
68	68.3
182	-2.1
78
53	Providence	BE	35	21–14
10–10	108.1
122	94.5
17	.8239
53	51.5
128	47.5
40	17.5
205	17.0
164	27.0
246	27.8
116	31.8
210	27.7
58	53.7
49	45.5
17	32.5
247	34.3
210	44.3
34	34.1
68	68.5
170	+0.7
45
54	Drake
   10 seed, R64	MVC	33	27–6
16–4	114.6
41	100.2
78	.8236
54	54.9
27	51.0
206	13.9
14	17.4
139	24.2
312	22.1
1	32.6
185	31.0
135	55.1
23	51.9
244	36.5
34	33.0
120	39.6
118	39.3
251	68.8
150	+1.6
31
55	Utah St.
   8 seed, R32	MWC	31	25–6
14–4	114.1
46	100.3
80	.8152
55	54.1
41	49.6
126	15.7
81	16.4
215	28.5
186	25.4
39	40.0
26	30.4
121	57.1
11	53.1
303	32.1
268	29.0
3	33.4
281	36.7
154	69.5
108	+3.1
17
56	Xavier	BE	34	16–18
9–11	111.9
70	98.3
45	.8151
56	49.1
248	49.5
115	16.4
133	16.0
249	31.9
84	29.0
176	31.8
210	29.7
108	48.1
271	49.2
121	34.2
157	33.4
139	32.0
301	35.4
106	72.0
32	-2.0
76
57	Oregon
   11 seed, R32	P12	34	23–11
12–8	113.6
51	100.0
76	.8134
57	51.8
114	51.5
239	14.8
45	17.9
115	28.7
177	27.1
96	32.3
193	32.8
188	52.7
83	51.6
232	33.6
195	34.3
210	36.7
197	36.2
131	68.1
196	+1.3
37
58	Seton Hall	BE	33	21–12
13–7	111.7
73	98.3
43	.8132
58	49.7
227	49.5
115	18.8
293	17.9
115	35.7
19	29.1
183	32.1
197	26.6
31	50.1
187	49.0
109	32.6
243	33.5
145	31.0
316	42.6
333	67.1
260	+0.9
43
59	Bradley	MVC	33	22–11
13–7	112.3
65	98.9
55	.8116
59	55.6
15	47.4
38	18.1
249	18.4
91	28.4
192	28.3
140	28.0
306	35.4
255	55.1
23	46.2
27	37.5
18	32.9
117	41.8
66	38.0
211	67.2
254	-3.5
91
60	Virginia
   10 seed, R68	ACC	34	23–11
13–7	104.3
194	91.9
5	.8115
60	48.6
263	46.6
19	13.0
4	19.4
50	25.6
287	28.1
132	25.3
347	25.8
21	46.2
321	47.2
51	35.8
69	30.5
19	32.6
293	39.6
260	61.0
362	+1.6
32
61	Washington	P12	32	17–15
9–11	114.4
42	101.2
98	.8037
61	53.5
52	50.1
157	15.9
97	15.8
264	27.1
244	28.9
170	32.1
197	33.1
192	53.8
47	49.9
154	35.4
96	33.7
160	36.8
191	34.8
85	72.1
28	-3.6
92
62	North Texas	Amer	31	17–14
10–8	110.3
91	97.7
34	.8016
62	51.1
148	47.7
42	17.7
217	19.5
46	33.9
35	31.9
310	29.5
271	39.6
319	47.4
290	46.6
33	37.9
13	33.1
128	39.1
129	36.2
131	62.4
360	-6.0
124
63	N.C. State
   11 seed, Final Four	ACC	36	22–14
9–11	113.6
52	100.7
90	.8004
63	50.7
170	50.5
184	13.7
9	17.9
115	28.6
180	29.3
193	32.5
188	31.9
155	50.1
187	49.5
137	34.6
142	34.9
248	33.5
278	35.3
102	68.9
144	-0.42
59
64	SMU	Amer	32	19–13
11–7	111.6
75	98.9
56	.8001
64	51.0
154	47.2
29	16.5
143	18.7
70	38.3
5	31.3
292	28.8
289	34.0
221	50.4
170	46.6
33	34.7
138	32.1
71	35.6
225	36.9
170	68.5
170	-4.4
101
65	UCF	B12	33	17–16
7–11	105.7
168	94.7
19	.7804
65	47.8
282	47.9
49	18.0
242	20.4
28	32.9
59	26.9
90	37.2
70	39.5
317	47.5
287	45.9
22	32.2
261	34.0
182	35.9
216	39.6
260	69.6
104	-3.0
86
66	Grand Canyon
   12 seed, R32	WAC	32	28–4
17–3	111.5
78	99.9
74	.7803
66	52.0
101	45.9
10	17.8
226	19.9
38	34.6
29	29.6
208	45.3
5	34.8
237	52.3
96	44.4
9	34.4
152	32.6
97	36.1
211	33.6
54	69.0
140	+1.4
34
67	San Francisco	WCC	33	22–11
11–5	109.1
104	97.8
36	.7788
67	55.0
23	49.5
115	16.8
169	19.8
39	29.1
160	24.3
15	23.5
356	37.9
295	56.6
13	48.3
84	35.1
114	34.3
210	40.1
103	37.8
205	68.0
205	-2.4
79
68	Kansas St.	B12	34	19–15
8–10	107.5
136	96.5
25	.7755
68	50.2
200	46.8
25	21.2
346	16.0
249	32.4
73	30.5
248	38.3
43	33.1
192	51.9
109	46.8
38	31.8
279	31.2
34	41.2
78	36.7
154	68.4
176	-0.29
57
69	Maryland	B10	33	16–17
7–13	105.4
176	94.7
18	.7746
69	46.7
320	46.7
22	17.5
205	18.8
66	31.7
92	29.1
183	40.8
16	33.5
205	48.8
242	45.7
20	28.9
346	32.8
111	37.5
176	30.1
14	66.4
291	-4.5
102
70	James Madison
   12 seed, R32	SB	33	30–3
15–3	112.0
69	100.7
92	.7721
70	54.4
34	46.7
22	14.7
41	19.8
39	32.0
80	27.6
112	34.2
135	35.1
248	54.2
41	48.8
101	36.5
34	28.6
2	38.1
154	35.1
92	70.8
56	+1.4
36
71	Syracuse	ACC	31	19–12
11–9	110.9
82	99.7
70	.7720
71	51.3
142	52.8
297	15.9
97	20.1
33	24.1
314	31.8
307	34.1
138	26.6
31	51.9
109	53.2
304	33.4
204	34.7
239	33.7
273	37.0
176	71.7
35	+0.16
53
72	Mississippi	SEC	32	20–12
7–11	113.8
49	102.4
122	.7709
72	51.2
146	50.2
164	15.7
81	18.1
103	30.1
128	36.2
359	35.1
113	32.3
169	49.2
226	50.0
156	36.6
33	33.8
164	35.1
237	37.0
176	67.7
223	-0.5
60
73	USC	P12	33	15–18
8–12	110.4
88	99.4
65	.7700
73	51.7
119	50.2
164	17.9
234	18.8
66	29.0
168	32.2
317	33.6
152	31.6
147	50.7
161	47.4
53	35.5
88	36.5
325	36.7
197	38.8
242	69.1
133	-5.2
115
74	UNLV	MWC	30	18–12
12–6	112.0
68	100.9
95	.7682
74	51.7
119	49.4
112	16.6
153	17.9
115	29.9
135	31.7
304	34.1
138	30.7
128	52.3
96	50.4
178	33.6
195	31.8
57	34.9
248	39.0
245	66.2
306	-2.8
82
75	Miami FL	ACC	32	15–17
6–14	111.5
77	100.6
86	.7673
75	52.7
72	51.0
206	17.2
191	16.6
196	28.7
177	28.5
147	24.6
352	22.3
4	51.6
122	52.0
250	36.1
51	33.3
135	40.4
98	46.1
358	69.7
100	-5.1
111
Rk	Team	Conf	G	Rec	AdjOE	AdjDE	Barthag	Efg%	EfgD%	TOR	TORD	ORB	DRB	FTR	FTRD	2P%	2P%D	3P%	3P%D	3PR	3PRD	Adj T.	WAB
76	Georgia	SEC	34	18–16
6–12	109.3
101	98.8
53	.7629
76	49.7
227	49.9
142	16.0
102	16.4
215	27.6
222	30.6
255	37.7
60	30.1
115	49.2
226	49.7
147	33.7
188	33.4
139	40.0
104	37.8
205	69.4
116	-3.9
94
77	Boston College	ACC	35	20–15
8–12	112.6
61	101.9
110	.7609
77	52.5
77	50.3
168	15.4
69	16.1
241	27.4
235	26.6
73	25.4
345	28.2
68	51.4
133	49.6
144	36.1
51	34.3
210	38.1
154	38.1
213	67.9
212	-3.4
89
78	Minnesota	B10	33	19–14
9–11	113.3
54	102.7
130	.7574
78	54.2
39	50.3
168	17.5
205	16.1
241	30.7
108	29.2
190	35.0
119	29.5
97	54.8
30	48.4
88	35.5
88	36.4
324	39.3
123	29.9
11	67.6
231	-2.9
84
79	Richmond	A10	33	23–10
15–3	107.0
142	97.0
29	.7568
79	52.7
72	46.9
26	12.8
2	17.1
160	17.3
362	26.6
73	27.6
316	26.6
31	51.8
113	46.8
38	36.2
45	31.4
42	35.4
227	40.7
288	67.6
231	-0.9
65
80	Florida St.	ACC	33	17–16
10–10	109.9
95	99.8
71	.7515
80	50.3
195	52.2
271	16.4
133	20.7
24	28.5
186	32.8
328	36.8
77	41.0
331	51.5
127	51.6
232	31.7
289	35.4
279	31.6
307	38.2
214	71.9
33	-3.2
87
81	Penn St.	B10	33	16–17
9–11	110.1
94	100.0
77	.7514
81	50.3
195	50.2
164	15.7
81	20.7
24	26.8
257	32.2
317	35.3
107	36.3
274	50.5
165	52.5
282	33.4
204	30.3
16	39.2
126	32.8
42	70.8
56	-5.0
110
82	Duquesne
   11 seed, R32	A10	34	23–11
10–8	106.9
143	97.2
30	.7503
82	50.1
207	48.0
51	17.5
205	19.5
46	29.9
135	30.0
222	33.1
166	35.3
253	49.6
213	48.4
88	33.9
179	31.7
54	39.7
114	37.3
190	67.2
254	-2.1
77
83	McNeese St.
   12 seed, R64	Slnd	29	26–3
17–1	111.7
72	101.7
108	.7451
83	54.9
27	47.8
47	14.2
21	23.0
6	32.1
76	30.4
239	40.6
18	33.9
217	52.8
79	46.3
28	39.4
4	33.0
120	33.6
274	48.1
362	66.3
299	+0.6
51
84	VCU	A10	36	23–13
11–7	108.3
119	98.7
51	.7450
84	52.2
90	46.6
19	18.3
270	16.7
191	28.0
207	26.6
73	35.6
100	34.9
241	51.1
147	46.4
30	35.7
74	31.2
34	44.1
35	38.6
236	66.4
291	-4.1
96
85	Indiana	B10	33	19–14
10–10	109.7
98	100.2
79	.7392
85	52.1
92	49.0
90	17.5
205	14.9
307	26.9
255	29.7
213	37.7
60	31.6
147	53.4
57	47.4
53	32.4
253	34.3
210	27.8
351	41.2
305	69.4
116	-0.41
58
86	Princeton	Ivy	27	22–5
12–2	115.3
34	105.4
179	.7370
86	54.6
31	52.0
259	12.0
1	16.9
175	23.9
319	24.7
22	28.3
302	25.1
17	56.5
14	53.5
312	35.2
107	33.2
132	50.5
3	39.1
248	66.1
309	+1.0
42
87	Samford
   13 seed, R64	SC	32	27–5
15–3	112.2
66	102.6
129	.7364
87	56.9
7	50.0
149	18.1
249	21.7
17	30.2
124	32.0
314	36.4
85	37.0
284	55.5
21	49.5
137	39.3
7	33.9
171	40.9
87	40.1
282	73.6
11	+0.02
54
88	LSU	SEC	33	17–16
9–9	110.1
93	100.7
94	.7355
88	52.3
85	49.7
129	18.6
284	18.2
96	30.7
108	31.4
296	38.3
43	33.7
211	51.5
127	49.4
133	35.7
74	33.5
145	37.6
173	41.4
308	70.8
56	-3.2
88
89	Yale
   13 seed, R32	Ivy	29	20–9
11–3	109.7
97	100.4
84	.7349
89	52.3
85	49.7
129	14.1
18	16.0
249	28.4
192	24.0
13	26.9
331	29.0
85	52.5
94	48.8
101	34.6
142	34.0
182	35.3
230	41.4
308	65.6
324	-2.7
80
90	Louisiana Tech	CUSA	29	19–10
12–4	107.9
128	98.8
54	.7321
90	50.6
175	45.6
8	18.8
293	17.6
131	33.8
39	28.0
127	42.0
13	32.0
160	49.0
237	43.0
2	35.7
74	33.5
145	34.6
255	36.4
138	66.6
279	-4.4
100
91	Memphis	Amer	32	22–10
11–7	111.6
74	102.3
119	.7320
91	52.8
69	50.0
149	18.0
242	19.1
56	33.4
46	33.6
339	36.3
86	29.6
104	52.9
77	49.3
127	35.0
121	34.0
182	38.9
132	42.7
334	72.6
19	-1.1
67
92	Saint Joseph's	A10	35	21–14
9–9	110.4
89	101.4
100	.7280
92	53.0
68	49.0
90	16.5
143	17.6
131	29.1
160	29.1
183	28.7
292	28.8
83	53.0
74	48.6
95	35.2
107	33.0
120	47.8
12	42.5
331	69.3
123	-4.7
104
93	UC Irvine	BW	33	23–10
17–3	108.0
125	99.2
61	.7258
93	51.8
114	46.4
13	16.7
160	17.4
139	31.4
98	27.4
107	34.0
140	35.2
250	51.6
122	44.6
10	34.9
124	33.8
164	27.7
352	30.4
16	69.4
116	-2.9
83
94	Massachusetts	A10	31	20–11
11–7	111.2
80	102.5
128	.7191
94	50.6
175	48.5
71	16.0
102	18.9
61	36.5
14	30.1
226	35.8
97	38.6
303	52.6
85	47.5
59	31.3
301	33.5
145	35.1
237	38.4
225	69.3
123	-4.8
107
95	UCLA	P12	32	15–17
10–10	106.7
148	98.5
48	.7149
95	46.6
324	50.1
157	16.5
143	18.1
103	29.9
135	28.3
140	35.8
97	35.8
261	45.2
341	49.7
147	33.3
210	33.7
160	30.1
328	42.2
322	64.0
351	-5.3
116
96	South Florida	Amer	32	25–7
16–2	109.5
100	101.1
97	.7138
96	52.1
92	47.7
42	15.7
81	18.5
82	27.8
217	30.5
248	38.3
43	34.8
237	49.4
219	48.2
78	37.1
22	31.3
38	42.6
49	37.7
202	69.0
140	-0.8
63
97	Loyola Chicago	A10	32	22–10
15–3	104.3
196	96.5
24	.7109
97	51.5
128	46.4
13	18.6
284	17.8
124	27.5
227	25.2
32	33.4
161	36.5
277	51.0
150	43.8
6	34.9
124	34.1
198	40.5
95	35.9
124	69.5
108	-1.6
73
98	George Mason	A10	31	19–12
9–9	108.8
110	100.7
87	.7104
98	52.0
101	48.0
51	18.1
249	16.4
215	31.7
92	27.4
107	36.7
81	31.8
154	52.3
96	45.0
11	34.3
154	34.8
242	37.5
176	41.6
311	64.8
340	-4.8
105
99	Appalachian St.	SB	32	25–7
16–2	106.2
158	98.7
52	.6987
99	52.7
72	45.4
5	15.2
63	14.5
316	29.4
150	27.8
116	31.6
218	20.7
2	53.9
43	44.0
7	33.2
213	32.1
71	31.5
308	32.6
38	67.8
217	-1.2
69
100	St. Bonaventure	A10	33	20–13
9–9	111.2
81	103.5
139	.6962
100	52.3
85	51.1
209	16.2
114	19.2
53	29.7
145	28.5
147	32.2
194	33.9
217	50.8
153	51.8
240	36.5
34	33.5
145	36.7
197	40.7
288	66.4
291	-5.1
112
Rk	Team	Conf	G	Rec	AdjOE	AdjDE	Barthag	Efg%	EfgD%	TOR	TORD	ORB	DRB	FTR	FTRD	2P%	2P%D	3P%	3P%D	3PR	3PRD	Adj T.	WAB
101	Stanford	P12	32	14–18
8–12	110.1
92	102.7
131	.6918
101	54.3
37	51.9
256	17.8
226	15.5
280	23.2
332	27.3
105	28.6
293	25.3
19	53.6
52	50.9
202	36.9
25	35.7
293	41.1
81	37.6
200	70.5
68	-7.1
141
102	Rutgers	B10	32	15–17
7–13	98.2
301	91.7
4	.6871
102	43.5
357	47.2
29	16.6
153	21.7
17	30.2
124	31.3
292	32.9
174	34.3
224	43.7
354	46.0
23	28.7
348	32.7
105	31.7
306	39.4
253	68.8
150	-3.9
93
103	Charleston
   13 seed, R64	CAA	33	26–7
15–3	112.9
57	105.5
181	.6859
103	52.4
82	50.6
188	14.3
27	16.4
215	33.5
45	26.6
73	26.9
331	28.3
70	52.6
85	50.5
180	34.8
131	33.8
164	47.1
16	36.9
170	71.0
51	-1.7
75
104	Charlotte	Amer	30	18–12
13–5	108.5
114	101.6
104	.6806
104	50.8
163	48.5
71	15.5
71	15.2
295	26.1
273	29.0
176	35.2
108	31.5
142	53.2
69	49.5
137	31.3
301	31.1
31	38.2
152	36.6
148	63.4
356	-5.1
113
105	Arkansas	SEC	33	16–17
6–12	109.2
103	102.4
123	.6762
105	50.5
185	50.4
177	16.3
121	15.1
299	25.2
293	29.8
218	45.3
5	39.0
308	51.8
113	50.1
166	31.8
279	33.9
171	32.9
290	34.1
68	71.6
37	-4.9
109
106	Northern Iowa	MVC	32	18–14
12–8	109.2
102	102.4
124	.6761
106	51.6
125	52.2
271	15.2
63	16.5
208	23.9
319	22.5
3	37.4
67	30.5
123	51.9
109	52.0
250	34.1
166	35.0
253	36.8
191	41.1
300	67.5
240	-5.1
114
107	Michigan	B10	32	8–24
3–17	111.3
79	104.5
159	.6724
107	51.1
148	52.5
285	18.6
284	13.7
341	30.7
108	30.4
239	32.0
201	30.5
123	49.5
216	51.7
236	35.9
64	36.1
318	38.0
160	32.6
38	68.4
176	-9.6
195
108	Cornell	Ivy	28	20–8
11–3	112.3
64	105.8
185	.6645
108	56.5
10	51.3
222	17.0
180	18.3
93	26.8
257	31.7
304	28.0
306	32.5
173	61.7
2	52.0
250	34.0
175	33.6
154	48.7
8	41.8
315	72.5
21	-1.7
74
109	Oklahoma St.	B12	32	12–20
4–14	107.8
130	101.7
109	.6602
109	51.3
142	51.3
222	18.8
293	16.8
187	27.5
227	28.5
147	34.0
140	27.6
55	52.2
100	51.5
228	33.4
204	34.0
182	43.2
44	32.9
44	68.1
196	-8.2
162
110	Western Carolina	SC	29	19–10
11–7	107.9
127	101.9
112	.6599
110	51.7
119	47.2
29	14.7
41	13.3
347	29.1
160	24.2
14	27.7
313	32.4
171	49.8
204	45.5
17	36.8
26	33.9
171	35.5
226	31.8
33	67.8
217	-5.4
118
111	Southern Illinois	MVC	31	18–13
11–9	108.9
108	102.9
133	.6585
111	52.5
77	50.1
157	16.8
169	16.2
232	26.1
273	25.6
51	35.9
95	36.5
277	53.4
57	52.1
257	34.3
154	30.4
17	43.8
38	30.5
18	65.2
335	-6.4
130
112	Hofstra	CAA	32	19–13
12–6	108.0
123	102.2
117	.6540
112	55.4
17	49.0
90	15.7
81	17.7
128	22.9
338	29.7
213	22.3
360	29.0
85	55.5
21	46.9
44	36.8
26	34.6
234	46.1
20	42.4
327	66.6
279	-6.5
132
113	Belmont	MVC	32	19–13
12–8	108.8
109	103.0
135	.6531
113	55.0
23	51.1
209	16.7
160	16.4
215	21.0
354	27.5
110	30.3
252	27.0
40	54.5
36	52.2
261	37.2
20	33.0
120	41.9
63	39.8
272	72.1
28	-5.3
117
114	Vermont
   13 seed, R64	AE	32	26–6
15–1	105.4
175	99.8
73	.6515
114	51.8
114	46.7
22	13.8
11	15.1
299	22.4
345	23.3
7	29.7
268	25.9
24	53.1
72	46.4
30	33.5
198	31.5
49	44.1
35	36.5
145	64.3
349	-1.4
71
115	UAB
   12 seed, R64	Amer	33	22–11
12–6	112.4
62	106.9
204	.6412
115	50.1
207	51.0
206	16.7
160	16.1
241	35.3
22	31.0
274	40.5
20	31.4
141	50.4
170	50.2
169	33.1
220	35.0
253	31.3
311	36.7
154	68.7
156	-2.8
81
116	California	P12	32	13–19
9–11	108.5
115	103.4
137	.6335
116	49.2
246	51.3
222	16.2
114	14.7
314	28.6
180	26.7
80	29.2
281	33.1
192	48.0
274	50.0
156	33.8
181	35.7
293	42.0
60	36.2
131	69.4
116	-7.6
148
117	Georgia Tech	ACC	32	14–18
7–13	108.6
113	103.5
140	.6335
117	48.7
259	49.2
102	17.7
217	12.8
356	31.6
95	28.5
147	29.2
281	31.6
147	48.6
253	49.5
137	32.6
243	32.6
97	40.5
95	39.4
253	68.4
176	-5.5
120
118	Davidson	A10	30	13–17
5–13	105.2
179	100.4
83	.6296
118	48.9
254	49.4
112	16.3
121	17.2
154	26.1
273	27.8
116	33.5
155	32.8
188	50.8
153	49.5
137	30.7
323	32.8
111	40.0
104	42.0
317	66.4
291	-8.9
174
119	Santa Clara	WCC	32	19–13
10–6	108.4
116	103.6
141	.6290
119	52.3
85	48.4
70	18.2
263	14.4
321	34.1
32	26.1
60	31.6
218	33.3
198	52.6
85	48.9
105	34.5
147	31.7
54	38.5
144	37.0
176	70.0
87	-4.0
95
120	UNC Wilmington	CAA	28	18–10
12–6	112.7
59	107.7
224	.6267
120	51.1
148	51.7
250	12.8
2	17.1
160	29.9
135	30.6
255	32.9
174	33.1
192	52.1
104	50.8
198	33.0
223	35.5
284	39.7
114	36.7
154	66.1
309	-4.8
106
121	Seattle	WAC	32	18–14
11–9	104.1
198	99.6
67	.6257
121	50.7
170	46.4
13	18.5
279	17.3
145	29.4
150	26.1
60	34.2
135	37.2
287	50.1
187	47.4
53	34.3
154	29.7
7	38.1
154	33.7
56	67.7
223	-8.2
164
122	Arizona St.	P12	32	14–18
8–12	102.9
220	98.7
50	.6176
122	47.3
295	51.7
250	14.8
45	19.4
50	21.8
351	29.7
213	33.1
166	31.2
138	48.6
253	52.2
261	30.1
327	34.0
182	37.7
169	39.2
250	70.0
87	-5.9
123
123	High Point	BSth	31	23–8
13–3	114.6
39	110.0
272	.6161
123	52.3
85	50.2
164	16.2
114	14.1
333	37.1
10	25.5
41	44.4
7	38.2
297	53.6
52	49.6
144	33.7
188	34.4
225	39.9
108	31.3
26	69.5
108	-4.3
99
124	UT Arlington	WAC	32	18–14
13–7	107.9
126	103.7
142	.6139
124	52.1
92	49.0
90	21.5
354	18.6
74	32.8
65	29.4
197	39.0
35	42.0
338	51.3
137	47.4
53	35.4
96	34.6
234	42.8
47	35.5
109	71.7
35	-6.3
129
125	Troy	SB	29	17–12
13–5	106.4
152	102.3
120	.6105
125	50.1
207	49.8
135	19.6
323	20.8
22	34.8
28	30.7
262	41.3
14	39.8
323	48.2
267	47.7
64	35.3
102	35.9
311	40.0
104	33.7
56	70.6
67	-7.5
146
Rk	Team	Conf	G	Rec	AdjOE	AdjDE	Barthag	Efg%	EfgD%	TOR	TORD	ORB	DRB	FTR	FTRD	2P%	2P%D	3P%	3P%D	3PR	3PRD	Adj T.	WAB
126	UC San Diego	BW	30	19–11
15–5	110.5
87	106.3
198	.6079
126	52.1
92	50.3
168	14.3
27	17.0
164	27.5
227	27.9
122	32.5
188	29.4
93	52.3
96	50.2
169	34.5
147	33.7
160	41.9
63	35.1
92	66.3
299	-6.3
128
127	Drexel	CAA	31	19–12
13–5	106.8
145	102.8
132	.6071
127	50.6
175	47.8
47	16.5
143	13.1
352	33.6
43	24.5
17	30.0
257	26.7
35	50.3
174	48.2
78	34.1
166	31.4
42	33.2
286	35.4
106	65.4
331	-6.7
135
128	Akron
   14 seed, R64	MAC	32	22–10
13–5	105.7
167	101.9
111	.6054
128	52.0
101	48.6
77	17.2
191	16.6
196	29.5
148	25.6
51	33.6
152	29.0
85	54.8
30	50.7
193	32.0
274	30.0
13	41.5
72	36.8
166	66.7
273	-4.6
103
129	Missouri	SEC	32	8–24
0–18	108.2
121	104.4
157	.6019
129	50.2
200	51.4
235	16.8
169	18.7
70	26.8
257	35.8
358	31.7
213	42.5
340	51.8
113	51.2
217	31.9
277	34.4
225	39.7
114	39.8
272	67.6
231	-11.4
233
130	Notre Dame	ACC	33	13–20
7–13	101.4
249	97.9
38	.6009
130	47.6
288	48.2
62	19.1
310	15.2
295	28.4
192	26.7
80	27.9
311	27.4
48	47.5
287	47.8
67	31.8
279	32.5
92	43.3
43	36.8
166	65.2
335	-7.6
147
131	West Virginia	B12	32	9–23
4–14	107.6
133	104.3
156	.5891
131	49.6
233	52.1
269	18.3
270	15.0
305	26.6
260	30.4
239	37.1
73	28.1
67	47.8
280	51.9
244	34.9
124	34.9
248	37.4
181	43.0
338	69.3
123	-10.1
204
132	Morehead St.
   14 seed, R64	OVC	30	22–8
14–4	106.7
149	103.4
138	.5876
132	54.4
34	45.7
9	18.5
279	15.5
280	32.0
80	26.4
67	31.3
226	32.7
182	55.6
20	45.4
16	35.3
102	31.1
31	45.1
24	31.2
23	65.3
334	-3.5
90
133	Western Kentucky
   15 seed, R64	CUSA	30	19–11
8–8	104.5
193	101.3
99	.5869
133	51.9
106	48.3
64	18.3
270	18.6
74	28.5
186	26.7
80	32.9
174	33.4
202	52.1
104	48.3
84	34.4
152	32.2
78	31.0
316	40.1
282	76.0
1	-6.6
134
134	Oakland
   14 seed, R32	Horz	34	23–11
15–5	108.2
120	105.1
170	.5847
134	52.1
92	50.6
188	16.2
114	16.3
227	30.6
114	28.6
155	30.9
236	26.8
38	51.8
113	50.5
180	35.1
114	33.9
171	40.8
90	40.7
288	67.7
223	-4.3
98
135	Wichita St.	Amer	33	14–19
5–13	104.7
190	101.6
106	.5844
135	49.8
220	48.5
71	17.8
226	14.8
311	31.8
88	28.7
162	26.4
338	28.3
70	49.9
196	48.1
76	33.0
223	32.7
105	31.5
308	37.8
205	69.1
133	-11.3
229
136	Liberty	CUSA	29	15–14
7–9	109.0
107	105.8
187	.5839
136	54.3
37	50.8
195	16.2
114	17.0
164	24.5
301	25.5
41	26.7
334	30.3
118	55.0
26	51.9
244	35.7
74	32.3
83	46.8
18	32.6
38	65.4
331	-8.3
167
137	Youngstown St.	Horz	28	18–10
14–6	107.2
140	104.3
152	.5781
137	50.4
189	49.0
90	15.5
71	16.5
208	33.9
35	28.7
162	29.3
277	30.7
128	52.2
100	47.9
70	31.9
277	34.0
182	42.2
54	35.7
115	69.8
94	-6.0
126
138	UNC Greensboro	SC	30	19–11
12–6	108.7
111	106.1
190	.5706
138	53.2
61	49.5
115	16.3
121	17.7
128	29.3
157	30.5
248	27.3
324	35.8
261	49.2
226	48.0
73	38.9
9	34.3
210	44.0
37	44.2
347	65.7
321	-5.6
121
139	South Dakota St.
   15 seed, R64	Sum	31	19–12
12–4	107.7
132	105.2
175	.5675
139	55.3
18	50.8
195	16.4
133	16.5
208	24.4
302	25.3
34	30.4
247	27.4
48	55.9
18	49.0
109	36.2
45	35.2
266	40.2
101	47.1
361	68.9
144	-7.6
150
140	Tulane	Amer	30	13–17
5–13	109.8
96	107.3
214	.5665
140	54.1
41	51.1
209	15.1
59	17.3
145	20.5
357	32.7
327	45.5
4	32.7
182	54.5
36	50.2
169	35.5
88	34.9
248	35.7
222	42.0
317	73.7
8	-9.6
194
141	Sam Houston St.	CUSA	31	19–12
13–3	104.9
185	102.5
127	.5658
141	48.6
263	49.8
135	18.8
293	19.0
58	32.0
80	27.0
93	34.7
127	37.0
284	46.5
316	50.5
180	35.1
114	32.5
92	35.0
244	39.3
251	68.7
156	-5.8
122
142	Arkansas St.	SB	34	18–16
11–7	112.2
67	109.7
260	.5649
142	51.7
119	50.4
177	16.2
114	14.1
333	33.9
35	28.7
162	32.7
182	35.7
258	51.3
137	49.4
133	34.9
124	35.4
279	43.5
41	27.1
3	69.0
140	-9.0
176
143	St. Thomas	Sum	30	17–13
9–7	106.9
144	104.6
161	.5626
143	54.4
34	52.0
259	14.8
45	18.5
82	24.0
316	25.5
41	29.4
274	29.0
85	55.0
26	52.8
291	35.7
74	33.8
164	46.0
21	39.6
260	63.9
354	-9.2
183
144	Missouri St.	MVC	33	17–16
8–12	103.8
202	101.6
105	.5625
144	49.7
227	48.0
51	17.3
196	13.1
352	29.1
160	24.7
22	31.5
221	24.9
16	51.2
142	47.0
47	31.4
298	33.0
120	36.8
191	38.8
242	68.8
150	-8.0
157
145	Louisiana	SB	31	17–14
10–8	105.5
174	103.3
136	.5623
145	50.7
170	49.9
142	16.8
169	20.6
26	30.8
107	32.9
330	28.6
293	40.1
325	51.7
117	53.7
315	32.6
243	27.9
1	36.2
209	32.1
35	69.5
108	-8.7
171
146	Tarleton St.	WAC	31	22–9
16–4	107.6
134	105.3
178	.5622
146	50.1
207	50.3
168	16.6
153	20.0
36	30.4
121	33.0
334	30.2
255	34.7
233	50.1
187	50.3
175	33.5
198	33.5
145	30.1
328	36.4
138	67.4
243	-2.9
85
147	Wright St.	Horz	30	16–14
13–7	116.1
29	113.9
343	.5545
147	58.5
2	55.3
354	16.5
143	16.3
227	28.9
171	28.1
132	33.6
152	30.0
112	58.8
4	55.0
344	38.4
10	37.1
343	29.3
338	37.7
202	72.4
23	-9.4
186
148	Toledo	MAC	32	20–12
14–4	111.6
76	109.7
261	.5501
148	53.3
56	54.5
345	15.1
59	18.5
82	29.0
168	28.5
147	35.4
104	26.3
30	52.0
107	56.4
359	37.7
14	34.2
204	28.6
345	37.2
184	70.2
76	-6.5
131
149	Towson	CAA	33	19–14
11–7	102.5
226	100.7
93	.5499
149	47.3
295	48.3
64	19.2
314	16.9
175	39.8
2	27.2
100	34.7
127	31.7
151	46.4
318	47.4
53	32.8
234	33.3
135	34.1
265	36.9
170	63.1
357	-7.4
144
150	Murray St.	MVC	31	11–20
9–11	107.4
137	105.8
186	.5446
150	50.0
214	54.5
345	14.4
32	17.9
115	26.5
263	25.5
41	29.6
269	27.7
58	51.3
137	53.8
319	31.6
292	37.0
339	35.3
230	42.8
335	65.4
331	-12.4
259
Rk	Team	Conf	G	Rec	AdjOE	AdjDE	Barthag	Efg%	EfgD%	TOR	TORD	ORB	DRB	FTR	FTRD	2P%	2P%D	3P%	3P%D	3PR	3PRD	Adj T.	WAB
151	Oregon St.	P12	31	12–19
5–15	105.9
164	104.2
151	.5443
151	49.8
220	51.3
222	18.3
270	16.8
187	26.2
272	31.1
281	35.6
100	35.9
264	49.9
196	52.3
269	33.1
220	33.2
132	34.0
270	37.9
209	66.1
309	-7.8
154
152	Ohio	MAC	32	19–13
13–5	108.0
124	106.6
199	.5373
152	52.2
90	49.2
102	14.1
18	19.2
53	28.0
207	31.9
310	32.1
197	34.7
233	51.9
109	48.4
88	35.1
114	33.8
164	41.4
73	37.1
179	68.2
190	-9.2
182
153	Delaware	CAA	32	18–14
10–8	105.1
181	103.8
143	.5367
153	51.9
106	48.7
79	16.0
102	15.1
299	27.5
227	27.9
122	30.9
236	27.1
41	53.2
69	49.7
147	33.0
223	31.3
38	35.7
222	36.4
138	68.3
182	-9.2
181
154	Furman	SC	30	15–15
10–8	108.6
112	107.4
216	.5328
154	52.1
92	52.9
304	15.9
97	16.2
232	29.4
150	26.6
73	31.0
234	28.5
77	54.3
40	53.9
322	33.2
213	34.1
198	48.2
9	35.0
89	69.8
94	-9.3
184
155	Montana	BSky	31	20–11
12–6	110.6
86	109.6
259	.5259
155	54.6
31	51.1
209	14.6
37	14.2
327	25.2
293	25.8
54	29.5
271	35.0
245	55.1
23	50.3
175	35.8
69	35.2
266	37.7
169	31.0
21	67.1
260	-6.0
125
156	Weber St.	BSky	29	17–12
11–7	107.6
135	106.7
201	.5237
156	53.1
65	54.4
341	14.8
45	18.4
91	23.8
322	23.7
11	35.2
108	29.3
91	53.9
43	55.2
349	34.5
147	35.4
279	38.7
137	36.7
154	66.4
291	-7.4
143
157	Chattanooga	SC	31	19–12
12–6	109.1
105	108.3
233	.5219
157	54.8
29	49.9
142	17.1
183	14.5
316	27.2
242	28.8
168	30.9
236	27.3
45	56.1
15	47.9
70	35.7
74	35.1
262	50.5
3	42.0
317	67.7
223	-6.9
137
158	Winthrop	BSth	29	14–15
8–8	106.4
153	105.8
188	.5142
158	51.9
106	49.5
115	18.7
291	18.2
96	30.4
121	32.9
330	50.0
1	34.3
224	52.8
79	50.6
184	33.7
188	32.0
67	39.4
119	41.1
300	67.8
217	-9.5
190
159	Wyoming	MWC	30	13–17
8–10	107.4
138	106.9
208	.5131
159	50.9
159	52.8
297	18.5
279	15.9
258	28.6
180	29.1
183	38.0
54	27.8
61	49.0
237	53.7
315	36.1
51	34.4
225	37.0
188	40.0
278	68.1
196	-7.6
149
160	Eastern Washington	BSky	30	19–11
15–3	110.3
90	109.9
268	.5101
160	57.2
5	52.8
297	19.0
304	16.3
227	26.4
267	27.1
96	39.6
30	33.5
205	58.7
5	51.0
208	36.8
26	36.9
336	42.0
60	41.8
315	71.4
44	-4.9
108
161	UC Davis	BW	31	18–13
14–6	102.0
238	101.7
107	.5093
161	50.2
200	49.1
99	19.3
317	20.9
21	28.6
180	30.6
255	38.2
47	38.4
300	50.8
153	49.1
115	32.9
228	32.7
105	37.4
181	33.1
46	68.1
196	-8.5
169
162	UMass Lowell	AE	29	19–10
11–5	105.0
182	105.0
169	.5019
162	50.4
189	47.3
34	18.2
263	15.5
280	32.1
76	26.9
90	40.1
25	26.9
39	51.3
137	49.1
115	32.3
256	29.2
4	29.2
340	33.7
56	70.7
64	-6.1
127
163	Colgate
   14 seed, R64	Pat	33	24–9
16–2	102.3
230	102.5
126	.4953
163	53.4
53	47.2
29	16.3
121	16.1
241	25.0
297	24.5
17	27.6
316	24.5
13	53.3
65	48.7
98	35.7
74	29.9
11	38.3
149	39.6
260	67.2
254	-4.2
97
164	Stony Brook	CAA	34	19–15
10–8	106.0
162	106.2
195	.4925
164	50.3
195	50.0
149	15.1
59	15.2
295	26.6
260	29.3
193	29.2
281	27.4
48	48.6
253	48.4
88	35.5
88	34.8
242	36.8
191	42.3
325	68.3
182	-8.0
156
165	East Carolina	Amer	32	14–18
7–11	104.8
186	105.2
174	.4907
165	47.6
288	51.3
222	16.3
121	18.7
70	32.7
69	31.0
274	34.0
140	32.7
182	48.1
271	52.5
282	31.2
308	33.1
128	36.5
202	43.3
342	65.8
316	-10.9
221
166	UTEP	CUSA	31	15–16
7–9	97.6
307	98.0
40	.4880
166	48.1
276	51.5
239	21.2
346	25.9
1	29.0
168	31.0
274	42.8
8	46.3
355	48.8
242	53.2
304	31.0
318	32.1
71	31.3
311	33.9
61	70.5
68	-10.6
216
167	Kent St.	MAC	32	15–17
8–10	105.6
170	106.1
191	.4860
167	50.7
170	51.3
222	17.2
191	18.5
82	31.0
105	28.7
162	31.9
205	34.9
241	48.5
259	52.6
286	36.0
59	33.0
120	39.2
126	39.7
268	67.6
231	-11.6
236
168	Quinnipiac	MAAC	32	23–9
15–5	104.9
184	105.4
180	.4858
168	50.6
175	48.8
83	16.9
175	17.6
131	31.5
97	28.3
140	30.6
241	29.5
97	49.8
204	47.5
59	34.7
138	34.0
182	34.1
265	36.8
166	72.1
28	-5.5
119
169	Bryant	AE	31	18–13
11–5	99.9
274	100.4
82	.4846
169	50.7
170	45.4
5	15.8
91	16.7
191	20.4
359	30.2
228	29.9
260	33.8
215	51.7
117	45.0
11	32.7
239	30.8
25	37.7
169	35.1
92	75.1
3	-7.3
142
170	Longwood
   16 seed, R64	BSth	31	18–13
6–10	103.6
205	104.2
149	.4840
170	49.4
238	51.3
222	18.0
242	19.6
44	36.7
13	25.5
41	39.5
31	36.1
271	48.6
253	50.9
202	34.2
157	34.6
234	28.3
346	39.5
255	67.8
217	-8.8
173
171	Georgetown	BE	32	9–23
2–18	109.5
99	110.2
279	.4820
171	48.6
263	55.7
358	17.9
234	16.4
215	33.4
46	30.7
262	33.9
145	33.6
209	46.3
319	57.4
360	34.6
142	35.3
274	41.0
83	38.2
214	67.6
231	-10.4
211
172	UNC Asheville	BSth	31	19–12
12–4	106.3
154	107.0
211	.4812
172	52.1
92	50.1
157	17.1
183	16.9
175	27.3
237	31.4
296	40.8
16	34.3
224	50.5
165	50.6
184	36.4
42	32.9
117	37.3
184	35.8
121	69.1
133	-6.8
136
173	Loyola Marymount	WCC	30	11–19
5–11	107.8
131	108.6
238	.4783
173	51.6
125	50.4
177	16.3
121	12.4
359	29.4
150	27.1
96	28.8
289	28.3
70	49.2
226	49.8
150	36.8
26	34.3
210	39.9
108	31.7
31	65.8
316	-11.8
242
174	Purdue Fort Wayne	Horz	32	20–12
11–9	103.4
209	104.3
154	.4764
174	53.8
47	51.5
239	14.5
34	21.9
12	22.8
341	29.7
213	30.6
241	32.6
177	53.4
57	53.0
297	36.2
45	32.6
97	42.4
52	36.4
138	71.6
37	-7.8
153
175	Illinois Chicago	MVC	32	11–21
4–16	100.6
260	101.5
103	.4749
175	50.6
175	48.9
86	17.7
217	17.4
139	22.9
338	28.4
145	26.0
340	35.9
264	48.4
260	49.2
121	36.0
59	32.2
78	40.8
90	35.0
89	69.1
133	-13.4
279
Rk	Team	Conf	G	Rec	AdjOE	AdjDE	Barthag	Efg%	EfgD%	TOR	TORD	ORB	DRB	FTR	FTRD	2P%	2P%D	3P%	3P%D	3PR	3PRD	Adj T.	WAB
176	Stephen F. Austin	WAC	31	16–15
10–10	100.5
264	101.4
102	.4726
176	49.4
238	49.6
126	21.9
357	22.9
7	33.3
50	30.4
239	42.2
11	47.4
359	49.2
226	46.0
23	33.2
213	37.1
343	32.1
300	36.6
148	70.3
75	-9.4
188
177	Hawaii	BW	32	18–14
11–9	103.7
204	104.7
164	.4709
177	52.6
76	48.5
71	18.6
284	15.7
273	25.8
284	25.3
34	39.0
35	33.6
209	53.8
47	49.3
127	34.0
175	30.8
25	42.4
52	25.4
1	66.9
264	-9.4
189
178	Saint Louis	A10	32	12–20
5–13	110.9
83	112.3
325	.4638
178	51.5
128	54.3
340	16.8
169	14.2
327	26.1
273	28.5
147	36.3
86	35.3
253	49.6
213	53.9
322	36.4
42	36.6
328	37.8
166	42.4
327	70.4
72	-11.1
222
179	Utah Valley	WAC	30	14–16
11–9	98.3
297	99.9
75	.4537
179	47.1
303	48.0
51	18.1
249	18.1
103	28.5
186	27.2
100	35.4
104	36.0
269	48.9
239	47.6
61	28.5
350	32.6
97	28.9
343	34.6
82	68.6
163	-9.6
196
180	La Salle	A10	32	15–17
6–12	105.8
166	107.5
220	.4533
180	49.2
246	50.7
193	14.2
21	15.4
286	27.0
246	30.8
268	24.8
351	33.3
198	47.6
285	49.3
127	34.5
147	35.8
303	39.8
111	32.8
42	67.6
231	-9.8
199
181	Fordham	A10	33	13–20
6–12	100.4
265	102.4
121	.4435
181	46.7
320	50.4
177	18.2
263	19.7
42	32.5
72	27.4
107	35.1
113	45.2
352	46.2
321	48.9
105	31.5
296	35.9
311	42.1
56	31.0
21	69.8
94	-12.6
264
182	Louisville	ACC	32	8–24
3–17	104.8
187	106.9
205	.4421
182	48.4
267	54.6
350	18.1
249	16.2
232	28.1
206	27.5
110	38.8
39	33.8
215	49.4
219	53.8
319	30.6
324	37.2
347	31.2
314	39.1
248	70.5
68	-12.3
256
183	Temple	Amer	35	15–20
5–13	102.0
237	104.3
153	.4372
183	46.0
332	50.4
177	14.1
18	17.0
164	28.2
202	29.7
213	32.1
197	36.0
269	44.9
345	51.3
221	31.7
289	32.6
97	42.1
56	38.6
236	67.7
223	-11.8
239
184	East Tennessee St.	SC	33	17–16
8–10	101.9
242	104.2
150	.4349
184	46.9
312	50.9
198	18.1
249	18.8
66	35.1
23	29.4
197	33.9
145	36.7
281	47.1
298	51.2
217	31.2
308	33.7
160	40.9
87	38.5
229	67.9
212	-9.8
200
185	Vanderbilt	SEC	32	9–23
4–14	103.6
206	106.0
189	.4333
185	45.4
344	53.0
308	15.3
66	15.9
258	28.2
202	29.3
193	35.2
108	29.5
97	47.4
290	51.0
208	28.3
353	37.4
349	39.3
123	39.6
260	66.6
279	-10.6
217
186	Penn	Ivy	27	9–18
3–11	108.4
118	110.9
294	.4332
186	51.9
106	54.0
333	16.7
160	14.0
336	29.1
160	26.6
73	27.0
329	26.7
35	51.2
142	53.9
322	35.3
102	36.1
318	43.1
45	43.7
346	66.5
287	-11.4
232
187	Rhode Island	A10	31	11–20
6–12	106.6
150	109.1
250	.4328
187	51.5
128	52.6
288	18.5
279	13.1
352	29.1
160	28.2
137	39.4
32	30.0
112	51.1
147	52.0
250	34.9
124	35.7
293	33.4
281	39.5
255	69.6
104	-12.2
255
188	Monmouth	CAA	33	18–15
10–8	104.7
189	107.3
213	.4316
188	49.4
238	50.0
149	15.3
66	17.8
124	30.5
117	32.2
317	29.2
281	33.3
198	47.8
280	49.3
127	34.8
131	34.0
182	36.3
205	43.2
341	68.7
156	-8.6
170
189	Little Rock	OVC	33	21–12
14–4	105.8
165	108.5
237	.4305
189	52.5
77	48.0
51	17.3
196	17.9
115	32.1
76	30.3
232	33.5
155	35.2
250	53.1
72	48.0
73	34.1
166	32.0
67	30.9
319	37.8
205	69.8
94	-9.6
197
190	George Washington	A10	31	14–17
4–14	106.0
161	108.6
240	.4302
190	51.5
128	49.8
135	17.1
183	13.9
339	25.9
278	29.2
190	34.2
135	22.8
8	49.9
196	48.3
84	35.8
69	34.7
239	41.6
71	38.5
229	71.0
51	-10.2
209
191	Rice	Amer	31	10–21
5–13	106.2
157	108.9
244	.4293
191	50.5
185	52.6
288	17.3
196	14.8
311	28.5
186	29.5
204	29.9
260	27.4
48	50.9
152	50.0
156	33.2
213	37.9
353	39.4
119	38.3
220	66.8
269	-13.1
272
192	Pepperdine	WCC	31	11–20
5–11	105.5
173	108.2
232	.4284
192	50.8
163	54.7
351	16.4
133	16.9
175	28.5
186	25.9
56	32.6
185	33.9
217	49.5
216	53.4
310	35.6
83	38.4
358	32.4
297	31.6
29	68.4
176	-12.2
254
193	Fairfield	MAAC	33	21–12
14–6	106.7
147	109.4
254	.4282
193	51.8
114	52.3
278	15.5
71	20.4
28	28.6
180	30.7
262	28.6
293	26.2
29	49.9
196	53.0
297	36.4
42	34.0
182	41.4
73	37.1
179	69.3
123	-8.1
161
194	Tulsa	Amer	30	15–15
7–11	101.4
250	104.0
147	.4272
194	50.3
195	49.7
129	18.2
263	18.1
103	24.4
302	30.4
239	40.6
18	35.1
248	51.7
117	50.0
156	32.1
268	32.7
105	41.2
78	38.7
241	71.4
44	-9.4
185
195	Long Beach St.
   15 seed, R64	BW	33	19–14
10–10	105.2
180	107.9
228	.4255
195	48.9
254	51.2
216	17.1
183	18.5
82	33.3
50	29.6
208	38.1
51	32.6
177	49.7
209	50.0
156	31.3
301	35.1
262	28.3
346	43.6
345	72.4
23	-8.3
168
196	Texas A&M Corpus Chris	Slnd	29	17–12
14–4	99.4
280	102.1
115	.4247
196	46.3
329	48.0
51	17.6
214	19.8
39	33.9
35	25.1
31	36.3
86	47.3
358	47.3
295	48.8
101	29.4
339	31.0
30	29.7
335	36.4
138	69.6
104	-6.5
133
197	Gardner Webb	BSth	30	14–16
11–5	101.9
241	104.7
163	.4228
197	49.1
248	50.3
168	16.1
109	16.0
249	27.9
211	26.7
80	35.9
95	39.4
314	47.4
290	50.0
156	34.8
131	34.0
182	35.3
230	33.9
61	70.4
72	-10.3
210
198	Cleveland St.	Horz	33	19–14
11–9	106.7
146	109.7
262	.4221
198	49.9
218	51.5
239	15.0
53	19.5
46	34.2
31	35.2
352	31.4
225	38.4
300	49.7
209	55.1
346	33.5
198	30.5
19	31.3
311	37.9
209	68.3
182	-8.7
172
199	Northern Kentucky	Horz	31	16–15
12–8	102.2
231	105.1
171	.4220
199	50.6
175	51.3
222	17.3
196	20.1
33	29.4
150	32.6
324	35.1
113	28.8
83	52.2
100	54.5
337	31.6
292	31.2
34	33.5
278	41.6
311	68.9
144	-9.6
193
200	Radford	BSth	31	14–17
5–11	107.3
139	110.6
287	.4154
200	50.8
163	50.9
198	16.2
114	15.8
264	30.7
108	34.0
345	28.0
306	31.7
151	49.4
219	52.4
278	35.7
74	32.4
85	34.2
263	39.7
268	64.5
345	-11.2
227
Rk	Team	Conf	G	Rec	AdjOE	AdjDE	Barthag	Efg%	EfgD%	TOR	TORD	ORB	DRB	FTR	FTRD	2P%	2P%D	3P%	3P%D	3PR	3PRD	Adj T.	WAB
201	Brown	Ivy	30	12–18
8–6	103.1
212	106.3
196	.4148
201	49.7
227	51.2
216	18.3
270	16.8
187	31.9
84	27.3
105	33.0
170	32.1
163	49.2
226	52.2
261	33.7
188	33.1
128	40.7
94	38.2
214	68.1
196	-12.0
247
202	Eastern Kentucky	ASun	28	14–14
12–4	106.2
159	109.5
257	.4126
202	50.6
175	49.8
135	16.1
109	13.9
339	33.1
56	31.0
274	32.0
201	29.5
97	48.8
242	45.6
19	36.1
51	38.7
359	33.6
274	33.4
52	69.5
108	-9.5
192
203	Jacksonville St.	CUSA	29	11–18
6–10	100.9
256	104.0
148	.4124
203	48.2
274	50.5
184	20.3
337	18.2
96	33.8
39	25.3
34	37.2
70	34.9
241	48.3
264	49.4
133	32.2
261	34.9
248	28.3
346	36.2
131	65.5
327	-13.0
271
204	Illinois St.	MVC	31	14–17
9–11	101.2
252	104.5
158	.4103
204	47.7
285	50.9
198	17.1
183	16.4
215	28.9
171	26.0
58	36.1
92	27.2
44	50.4
170	52.3
269	28.8
347	32.5
92	37.5
176	39.6
260	64.7
343	-10.1
206
205	Harvard	Ivy	26	13–13
5–9	101.8
246	105.2
173	.4076
205	50.2
200	50.1
157	17.8
226	16.0
249	26.5
263	31.3
292	35.7
99	25.8
21	49.9
196	49.5
137	33.8
181	33.9
171	39.4
119	40.8
292	68.5
170	-7.7
152
206	Columbia	Ivy	24	10–14
4–10	106.4
151	110.1
274	.4044
206	52.5
77	52.8
297	17.8
226	17.0
164	27.9
211	28.6
155	29.3
277	28.5
77	50.2
178	54.1
329	37.4
19	33.9
171	38.5
144	42.2
322	69.5
108	-10.0
202
207	Texas St.	SB	33	15–18
7–11	98.8
292	102.2
118	.4040
207	47.1
303	49.7
129	19.9
327	18.6
74	31.2
102	29.4
197	37.8
58	38.3
298	47.1
298	50.6
184	31.4
298	32.1
71	24.3
361	35.4
106	67.3
249	-10.6
214
208	Saint Peter's
   15 seed, R64	MAAC	31	18–13
12–8	97.2
313	100.7
89	.4010
208	45.0
350	46.6
19	19.6
323	20.3
31	35.1
23	29.4
197	38.1
51	42.3
339	42.4
359	46.4
30	33.9
179	31.5
49	31.1
315	34.5
79	65.0
337	-8.9
175
209	Abilene Christian	WAC	33	15–18
10–10	101.0
255	104.6
160	.4001
209	47.1
303	51.6
246	17.7
217	20.2
32	25.9
278	30.4
239	37.9
55	39.9
324	45.7
333	53.0
297	34.1
166	32.5
92	26.4
356	31.6
29	69.4
116	-11.1
223
210	Northeastern	CAA	32	12–20
7–11	105.9
163	109.7
264	.3994
210	51.2
146	53.8
329	18.9
300	17.0
164	31.8
88	27.7
115	29.8
265	28.3
70	53.3
65	52.3
269	31.8
279	37.5
350	36.1
211	38.8
242	66.6
279	-14.2
302
211	Lipscomb	ASun	30	18–12
11–5	109.0
106	112.9
329	.3992
211	56.2
12	53.5
323	14.2
21	16.1
241	23.2
332	29.3
193	27.5
320	22.8
8	55.7
19	52.8
291	38.1
12	36.5
325	39.8
111	36.6
148	70.1
83	-7.4
145
212	Cal Baptist	WAC	31	14–17
8–12	101.8
245	105.6
182	.3974
212	47.0
309	49.2
102	17.6
214	15.3
293	32.7
69	24.9
28	36.8
77	30.3
118	45.7
333	48.4
88	32.9
228	34.3
210	36.0
215	26.8
2	64.5
345	-11.8
243
213	San Jose St.	MWC	31	8–23
2–16	105.3
178	109.2
251	.3966
213	51.4
141	54.4
341	15.6
78	15.9
258	22.4
345	30.2
228	22.4
359	35.9
264	51.5
127	52.3
269	34.2
157	38.9
361	42.0
60	35.1
92	66.7
273	-14.1
294
214	Northern Colorado	BSky	30	17–13
12–6	107.8
129	111.8
317	.3961
214	55.7
14	53.1
311	15.7
81	15.5
280	24.0
316	25.4
39	28.1
305	29.4
93	56.7
12	52.7
287	36.0
59	35.8
303	35.8
221	40.0
278	70.9
54	-9.1
178
215	Montana St.
   16 seed, R68	BSky	32	15–17
9–9	103.0
218	106.9
210	.3944
215	54.2
39	52.3
278	16.7
160	18.5
82	20.5
357	28.9
170	30.6
241	36.9
283	53.6
52	54.0
326	36.7
31	32.7
105	41.7
69	34.7
83	69.5
108	-11.8
240
216	UMKC	Sum	29	13–16
10–6	100.8
257	104.7
165	.3926
216	49.4
238	51.1
209	17.9
234	17.3
145	31.3
100	25.3
34	29.3
277	45.1
351	48.9
239	52.7
287	33.4
204	32.4
85	43.4
42	37.5
194	67.4
243	-11.2
226
217	Evansville	MVC	32	15–17
6–14	101.4
251	105.3
177	.3924
217	50.0
214	52.8
297	16.4
133	16.9
175	21.6
353	25.5
41	29.0
286	27.9
63	49.8
204	52.0
250	33.7
188	35.9
311	34.8
250	43.5
344	69.5
108	-9.1
179
218	Merrimack	NEC	31	19–12
13–3	96.0
327	99.8
72	.3907
218	49.8
220	46.2
11	19.0
304	23.2
5	22.3
347	34.6
350	34.3
131	32.5
173	52.2
100	46.1
26	31.1
315	30.9
29	43.1
45	31.2
23	68.2
190	-7.7
151
219	Mercer	SC	30	14–16
8–10	103.1
213	107.3
215	.3873
219	50.1
207	51.2
216	16.6
153	17.9
115	30.6
114	31.1
281	27.6
316	38.9
306	48.8
242	51.2
217	35.4
96	34.2
204	30.1
328	36.9
170	66.9
264	-10.6
213
220	Marist	MAAC	31	18–13
12–8	96.5
321	100.4
81	.3868
220	50.8
163	47.1
27	18.4
278	20.4
28	23.1
335	26.8
84	29.8
265	35.0
245	49.3
222	46.8
38	35.6
83	31.8
57	36.4
203	38.3
220	65.5
327	-10.1
205
221	Wofford	SC	29	14–15
10–8	106.1
160	110.7
289	.3803
221	53.3
56	51.5
239	16.9
175	14.1
333	29.4
150	26.2
64	27.7
313	34.6
231	53.4
57	50.0
156	35.5
88	35.7
293	45.3
23	42.8
335	66.5
287	-9.1
177
222	South Alabama	SB	29	14–15
8–10	103.1
214	108.0
229	.3705
222	50.9
159	50.7
193	16.3
121	16.7
191	22.8
341	31.8
307	31.6
218	33.9
217	50.0
192	52.3
269	35.1
114	31.9
61	36.1
211	36.1
129	69.0
140	-10.2
208
223	Iona	MAAC	33	16–17
10–10	102.6
223	107.5
221	.3701
223	50.0
214	52.8
297	14.9
49	22.2
10	28.3
198	30.8
268	28.5
298	37.5
291	48.2
267	54.1
329	35.3
102	34.0
182	38.7
137	40.0
278	67.9
212	-12.7
268
224	Bowling Green	MAC	32	18–14
10–8	101.9
240	106.9
209	.3662
224	48.1
276	51.2
216	16.3
121	16.1
241	30.5
117	25.5
41	35.1
113	27.1
41	50.3
174	49.1
115	29.3
342	36.7
330	34.8
250	34.5
79	68.6
163	-9.5
191
225	Georgia St.	SB	29	12–17
8–10	104.3
195	109.5
256	.3658
225	48.5
266	49.3
108	13.8
11	14.2
327	27.2
242	30.5
248	28.6
293	35.9
264	48.6
253	51.2
217	32.2
261	30.8
25	35.3
230	38.5
229	68.9
144	-11.8
241
Rk	Team	Conf	G	Rec	AdjOE	AdjDE	Barthag	Efg%	EfgD%	TOR	TORD	ORB	DRB	FTR	FTRD	2P%	2P%D	3P%	3P%D	3PR	3PRD	Adj T.	WAB
226	Mount St. Mary's	MAAC	32	13–19
9–11	101.9
244	106.9
206	.3643
226	53.2
61	49.3
108	20.7
342	18.0
110	30.2
124	27.9
122	26.7
334	30.3
118	53.3
65	48.0
73	35.2
107	34.6
234	33.3
283	34.8
85	69.9
92	-15.0
308
227	Air Force	MWC	31	9–22
2–16	105.6
172	111.0
295	.3615
227	53.8
47	54.2
338	18.8
293	17.6
131	23.8
322	31.5
300	29.6
269	39.1
310	53.6
52	53.7
315	36.1
51	36.6
328	47.2
15	36.7
154	62.9
359	-13.8
288
228	Cal St. Fullerton	BW	30	12–18
7–13	99.0
288	104.0
146	.3605
228	48.0
279	49.9
142	18.1
249	17.9
115	24.3
306	29.6
208	38.6
40	35.6
257	47.7
282	51.3
221	32.2
261	31.8
57	36.2
209	38.6
236	67.3
249	-11.9
245
229	UC Santa Barbara	BW	29	14–15
9–11	104.5
192	110.0
270	.3581
229	53.3
56	50.6
188	19.1
310	14.3
324	25.2
293	26.6
73	39.7
28	31.0
135	53.4
57	51.8
240	35.4
96	32.1
71	30.5
322	33.7
56	68.2
190	-10.7
220
230	Stetson
   16 seed, R64	ASun	31	19–12
11–5	108.4
117	114.1
346	.3568
230	53.4
53	52.0
259	15.8
91	13.5
344	27.5
227	31.2
284	31.7
213	25.9
24	52.5
94	52.2
261	36.5
34	34.5
231	41.8
66	37.4
192	66.9
264	-7.0
140
231	UC Riverside	BW	32	14–18
10–10	102.8
221	108.3
234	.3542
231	46.3
329	52.3
278	14.3
27	15.8
264	29.8
141	25.3
34	28.6
293	34.8
237	44.6
347	52.0
250	32.3
256	35.3
274	42.2
54	33.3
50	67.8
217	-11.9
244
232	Southern	SWAC	29	15–14
12–6	97.6
308	102.9
134	.3528
232	49.4
238	50.4
177	20.1
333	22.1
11	26.5
263	30.8
268	35.6
100	46.2
354	49.9
196	51.5
228	32.5
247	32.2
78	38.0
160	35.6
113	68.6
163	-8.2
163
233	Marshall	SB	32	12–20
7–11	100.1
267	105.6
183	.3512
233	46.8
317	51.4
235	16.5
143	16.2
232	29.8
141	27.9
122	28.8
289	29.9
110	47.1
298	49.8
150	31.0
318	36.2
320	41.3
76	35.3
102	71.5
41	-14.1
296
234	Tennessee Martin	OVC	28	17–11
14–4	104.9
183	110.7
290	.3507
234	50.5
185	49.3
108	15.0
53	13.2
349	27.0
246	26.3
66	32.8
179	24.6
14	48.2
267	49.4
133	36.2
45	32.8
111	38.1
154	41.0
296	73.8
7	-6.9
138
235	Fresno St.	MWC	32	11–21
4–14	102.3
229	108.0
230	.3503
235	51.5
128	53.1
311	18.8
293	15.4
286	24.4
302	30.4
239	30.4
247	28.0
64	52.6
85	51.8
240	33.2
213	36.9
336	38.5
144	37.3
190	66.4
291	-11.6
237
236	North Dakota	Sum	29	15–14
10–6	104.2
197	110.1
277	.3462
236	50.2
200	52.4
282	15.0
53	15.3
293	30.7
108	26.1
60	32.2
194	29.6
104	51.5
127	52.2
261	32.3
256	35.2
266	41.8
66	33.9
61	67.6
231	-10.1
207
237	Norfolk St.	MEAC	29	18–11
11–3	101.9
239	107.8
225	.3457
237	49.1
248	49.8
135	18.6
284	22.3
9	31.2
102	31.6
301	42.8
8	44.5
348	49.1
234	48.4
88	32.7
239	34.3
210	32.5
295	45.3
355	67.4
243	-7.0
139
238	Rider	MAAC	31	14–17
12–8	101.6
247	107.4
218	.3452
238	47.7
285	49.2
102	17.9
234	16.0
249	31.4
98	29.0
176	31.9
205	36.5
277	46.6
313	47.7
64	33.7
188	34.4
225	28.1
349	38.2
214	68.8
150	-11.2
228
239	Cal St. Northridge	BW	32	17–15
9–11	99.1
285	104.7
166	.3447
239	48.9
254	48.3
64	19.0
304	18.0
110	31.1
104	26.9
90	37.6
63	39.5
317	50.3
174	47.2
51	30.0
330	33.1
128	26.4
356	44.5
349	73.6
11	-10.6
215
240	North Florida	ASun	29	13–16
9–7	105.6
171	111.9
318	.3403
240	53.6
51	52.6
288	16.3
121	14.4
321	23.5
329	29.9
219	28.3
302	33.7
211	53.3
65	52.3
269	35.9
64	35.5
284	54.7
1	29.9
11	68.0
205	-11.6
234
241	San Diego	WCC	31	16–15
7–9	100.1
270	106.2
192	.3351
241	49.0
251	52.5
285	18.3
270	18.1
103	27.1
244	31.8
307	32.0
201	38.6
303	47.4
290	53.7
315	34.8
131	33.9
171	34.1
265	39.8
272	72.1
28	-7.9
155
242	Maine	AE	31	14–17
7–9	96.2
324	102.1
116	.3330
242	47.8
282	49.9
142	16.7
160	19.2
53	23.0
337	27.8
116	30.0
257	32.1
163	49.3
222	50.6
184	29.7
334	32.3
83	32.2
299	33.2
47	66.5
287	-12.2
251
243	UTSA	Amer	31	10–21
5–13	106.3
155	113.0
330	.3310
243	48.3
272	51.9
256	15.5
71	13.1
352	32.0
80	28.9
170	35.0
119	34.6
231	46.9
307	49.8
150	33.4
204	37.0
339	44.5
29	37.5
194	71.5
41	-14.8
306
244	Canisius	MAAC	31	13–18
8–12	100.6
262	106.9
207	.3309
244	49.6
233	51.2
216	19.1
310	16.3
227	32.8
65	28.1
132	27.5
320	28.0
64	49.7
209	51.0
208	32.9
228	34.4
225	36.1
211	31.8
33	68.0
205	-13.3
278
245	Southern Utah	WAC	29	8–21
5–15	104.7
188	111.4
305	.3308
245	48.4
267	52.6
288	16.9
175	17.0
164	27.9
211	33.0
334	36.2
90	32.2
166	50.8
153	53.0
297	29.4
339	34.3
210	35.0
244	27.2
4	70.5
68	-15.1
309
246	Nicholls St.	Slnd	31	17–14
13–5	103.1
215	109.7
263	.3289
246	51.5
128	49.8
135	19.0
304	16.4
215	27.6
222	32.2
317	37.6
63	39.4
314	48.9
239	50.7
193	36.8
26	32.1
71	40.3
99	36.3
136	67.2
254	-8.3
165
247	Green Bay	Horz	30	16–14
13–7	102.1
235	108.6
242	.3286
247	52.4
82	49.4
112	18.6
284	14.0
336	27.3
237	28.4
145	29.4
274	34.2
222	53.7
49	51.6
232	34.0
175	30.2
15	48.2
9	35.3
102	64.5
345	-9.2
180
248	Milwaukee	Horz	33	18–15
12–8	106.3
156	113.1
334	.3284
248	51.0
154	50.6
188	17.9
234	15.5
280	36.0
18	32.6
324	34.0
140	32.8
188	52.7
83	50.2
169	32.2
261	34.2
204	38.8
134	38.4
225	70.8
56	-9.9
201
249	Lamar	Slnd	31	17–14
12–6	102.5
227	109.1
248	.3277
249	50.9
159	49.2
102	18.0
242	19.3
52	33.1
56	31.9
310	33.2
164	39.2
311	50.2
178	48.8
101	34.8
131	33.3
135	35.3
230	39.6
260	69.2
129	-10.0
203
250	Albany	AE	31	12–19
5–11	103.6
208	110.2
280	.3277
250	50.4
189	51.4
235	17.7
217	17.0
164	30.6
114	29.4
197	29.2
281	38.9
306	51.0
150	54.6
340	32.9
228	29.3
5	36.9
189	29.6
9	74.0
6	-13.9
293
Rk	Team	Conf	G	Rec	AdjOE	AdjDE	Barthag	Efg%	EfgD%	TOR	TORD	ORB	DRB	FTR	FTRD	2P%	2P%D	3P%	3P%D	3PR	3PRD	Adj T.	WAB
251	Miami OH	MAC	30	13–17
9–9	99.9
275	106.3
197	.3276
251	51.0
154	49.3
108	17.2
191	18.0
110	22.0
348	30.7
262	30.4
247	31.9
155	48.7
248	50.5
180	36.2
45	31.5
49	40.3
99	36.8
166	68.3
182	-12.5
262
252	Portland St.	BSky	29	14–15
8–10	98.7
293	105.2
172	.3243
252	46.8
317	52.0
259	16.4
133	18.6
74	29.8
141	28.3
140	34.3
131	34.7
233	45.6
336	51.1
213	32.4
253	35.6
289	37.6
173	38.2
214	70.2
76	-11.1
224
253	Florida Gulf Coast	ASun	29	11–18
8–8	102.1
236	108.9
247	.3212
253	52.1
92	52.8
297	17.6
214	15.8
264	29.6
147	28.3
140	27.2
326	29.3
91	50.8
153	52.0
250	36.2
45	35.9
311	37.3
184	42.8
335	64.8
340	-13.3
277
254	Southern Miss	SB	30	14–16
9–9	100.1
269	107.0
212	.3166
254	48.4
267	50.5
184	18.5
279	17.2
154	28.9
171	30.5
248	37.9
55	33.0
191	47.2
296	48.9
105	33.8
181	35.7
293	33.6
274	34.5
79	68.8
150	-11.1
225
255	Austin Peay	ASun	32	16–16
10–6	105.7
169	113.3
336	.3101
255	50.4
189	53.1
311	13.3
5	16.6
196	29.9
135	31.6
301	31.9
205	37.9
295	48.8
242	54.4
335	35.5
88	34.0
182	35.1
237	35.7
115	65.5
327	-10.5
212
256	Cal St. Bakersfield	BW	30	11–19
8–12	99.6
276	106.8
202	.3099
256	47.0
309	50.0
149	18.3
270	18.6
74	32.9
59	31.2
284	32.0
201	46.7
357	46.6
313	49.1
115	32.1
268	34.3
210	25.7
359	36.7
154	65.7
321	-13.8
291
257	Ball St.	MAC	29	13–16
7–11	102.7
222	110.2
278	.3080
257	50.8
163	51.3
222	18.2
263	16.2
232	27.3
237	27.9
122	38.2
47	27.6
55	48.7
248	50.6
184	36.1
51	35.1
262	37.9
164	35.2
98	67.6
231	-12.5
263
258	North Dakota St.	Sum	29	12–17
8–8	103.8
203	111.5
309	.3066
258	53.3
56	53.7
327	16.8
169	13.2
349	24.3
306	24.7
22	30.3
252	28.5
77	51.4
133	52.8
291	37.7
14	36.8
334	35.9
216	34.7
83	66.6
279	-12.0
248
259	Idaho St.	BSky	32	12–20
7–11	102.4
228	109.9
269	.3063
259	51.1
148	54.5
345	16.7
160	18.2
96	30.3
123	26.8
84	33.5
155	32.6
177	52.6
85	54.7
341	32.2
261	36.0
317	35.0
244	30.0
13	64.8
340	-15.6
313
260	Western Illinois	OVC	29	17–12
13–5	97.4
312	104.7
162	.3030
260	46.5
325	46.5
18	20.1
333	14.2
327	37.2
9	28.9
170	35.6
100	25.1
17	46.0
328	46.8
38	31.7
289	30.4
17	31.0
316	30.7
20	65.6
324	-8.0
158
261	Middle Tennessee	CUSA	31	12–19
7–9	97.5
311	104.9
167	.3027
261	46.0
332	49.5
115	20.6
341	15.8
264	28.2
202	30.4
239	34.9
123	29.6
104	45.6
336	49.0
109	31.1
315	33.8
164	42.1
56	29.7
10	66.3
299	-13.2
274
262	New Hampshire	AE	30	15–15
7–9	98.5
296	106.2
193	.2971
262	47.9
280	50.5
184	16.6
153	16.4
215	23.5
329	25.5
41	29.8
265	27.5
52	48.1
271	53.5
312	31.8
279	30.5
19	43.7
39	38.4
225	72.3
25	-9.4
187
263	Queens	ASun	31	12–19
7–9	103.1
216	111.2
300	.2957
263	49.9
218	54.1
336	15.7
81	15.4
286	27.6
222	29.5
204	33.7
148	29.4
93	50.1
187	55.8
355	33.0
223	34.2
204	40.8
90	36.7
154	73.7
8	-13.5
283
264	North Alabama	ASun	30	13–17
8–8	103.9
201	112.2
322	.2924
264	49.8
220	51.5
239	14.6
37	14.2
327	27.0
246	27.8
116	32.9
174	40.9
330	47.9
277	50.6
184	35.6
83	35.4
279	34.6
255	34.8
85	68.7
156	-12.2
253
265	Kennesaw St.	ASun	28	12–16
6–10	104.0
199	112.4
326	.2914
265	51.5
128	53.1
311	16.0
102	17.6
131	30.0
131	30.5
248	35.4
104	43.2
343	53.0
74	51.3
221	32.9
228	37.2
347	42.5
51	39.5
255	75.0
4	-12.6
266
266	Nebraska Omaha	Sum	29	11–18
7–9	102.6
225	110.8
292	.2913
266	49.5
236	53.4
321	14.5
34	15.9
258	24.7
300	26.4
67	39.7
28	32.2
166	50.5
165	53.3
307	31.6
292	35.7
293	33.0
289	42.5
331	68.3
182	-13.5
282
267	North Carolina Central	MEAC	27	14–13
9–5	103.1
217	111.4
307	.2906
267	49.8
220	49.0
90	17.8
226	18.1
103	31.3
100	33.7
341	40.4
22	37.1
286	49.8
204	51.5
228	33.2
213	29.7
7	37.9
164	36.7
154	67.4
243	-9.7
198
268	The Citadel	SC	29	8–21
3–15	101.2
253	109.5
258	.2878
268	50.6
175	53.5
323	18.0
242	16.1
241	27.3
237	26.8
84	33.7
148	22.5
6	51.3
137	54.1
329	32.8
234	35.2
266	33.3
283	39.9
275	66.3
299	-15.7
315
269	Oral Roberts	Sum	28	9–19
5–11	103.0
219	111.4
308	.2875
269	51.1
148	51.4
235	14.2
21	14.5
316	20.9
355	30.6
255	26.0
340	32.3
169	49.1
234	50.0
156	36.0
59	35.8
303	42.1
56	38.5
229	68.6
163	-13.6
285
270	Denver	Sum	30	13–17
6–10	107.1
141	115.9
353	.2869
270	51.8
114	54.7
351	14.0
16	14.2
327	27.3
237	27.6
112	35.0
119	32.0
160	51.2
142	54.4
335	35.1
114	36.8
334	41.0
83	35.5
109	71.4
44	-12.4
258
271	Central Michigan	MAC	31	17–14
12–6	96.1
326	104.0
145	.2868
271	46.8
317	47.3
34	17.5
205	16.2
232	28.6
180	30.7
262	27.4
322	30.6
126	47.7
282	47.7
64	30.1
327	31.2
34	35.2
235	40.8
292	66.3
299	-8.3
166
272	Utah Tech	WAC	30	10–20
7–13	99.1
284	107.4
217	.2849
272	50.4
189	50.4
177	21.8
356	18.3
93	28.2
202	31.6
301	40.3
23	43.2
343	50.2
178	50.1
166	33.7
188	33.9
171	34.7
254	36.7
154	71.2
49	-13.9
292
273	Lehigh	Pat	30	12–18
9–9	98.6
294	106.8
203	.2848
273	49.5
236	51.7
250	16.9
175	17.9
115	22.0
348	23.5
9	33.0
170	29.6
104	50.2
178	50.7
193	32.2
261	35.6
289	37.6
173	37.2
184	71.0
51	-13.5
281
274	Howard
   16 seed, R68	MEAC	33	16–17
9–5	104.7
191	113.4
339	.2847
274	51.7
119	51.1
209	21.2
346	16.6
196	33.3
50	30.3
232	42.1
12	38.4
300	49.1
234	50.9
202	37.2
20	34.4
225	39.0
131	33.2
47	68.7
156	-12.2
252
275	Central Connecticut	NEC	29	18–11
13–3	100.0
271	108.4
236	.2840
275	50.2
200	49.6
126	16.7
160	17.5
138	27.6
222	26.8
84	33.0
170	26.7
35	50.8
153	48.2
78	32.8
234	34.8
242	35.4
227	35.2
98	67.7
223	-8.1
160
Rk	Team	Conf	G	Rec	AdjOE	AdjDE	Barthag	Efg%	EfgD%	TOR	TORD	ORB	DRB	FTR	FTRD	2P%	2P%D	3P%	3P%D	3PR	3PRD	Adj T.	WAB
276	New Mexico St.	CUSA	28	9–19
7–9	99.3
281	107.6
223	.2838
276	46.9
312	50.9
198	17.7
217	15.8
264	25.4
290	29.6
208	32.7
182	44.8
349	47.0
303	50.0
156	31.2
308	34.7
239	34.6
255	42.4
327	67.2
254	-12.6
267
277	Portland	WCC	31	10–21
5–11	103.4
210	112.2
324	.2807
277	50.5
185	55.3
354	17.1
183	13.2
349	23.6
327	28.8
168	31.7
213	22.6
7	49.9
196	53.9
322	34.1
166	38.0
355	44.5
29	45.1
354	68.6
163	-13.3
276
278	Binghamton	AE	28	13–15
7–9	101.5
248	110.4
282	.2755
278	49.4
238	50.0
149	18.0
242	13.3
347	29.1
160	25.0
30	34.3
131	34.8
237	51.4
133	48.4
88	29.9
332	35.0
253	30.7
320	38.0
211	67.5
240	-10.7
219
279	UMBC	AE	31	10–21
6–10	103.9
200	113.1
332	.2751
279	52.7
72	50.3
168	17.5
205	14.9
307	25.5
288	31.0
274	24.1
354	28.3
70	52.6
85	52.2
261	35.3
102	31.3
38	35.1
237	36.4
138	74.2
5	-16.9
324
280	Grambling St.
   16 seed, R64	SWAC	32	18–14
14–4	97.9
303	106.6
200	.2738
280	48.4
267	49.5
115	20.3
337	18.9
61	28.4
192	32.2
317	39.4
32	33.7
211	47.2
296	48.6
95	34.2
157	34.2
204	29.2
340	34.0
66	65.8
316	-8.1
159
281	Texas Southern	SWAC	32	15–17
12–6	97.6
309	106.2
194	.2733
281	46.9
312	48.3
64	18.1
249	17.8
124	30.0
131	30.9
273	31.1
231	40.1
325	47.1
298	48.2
78	31.1
315	32.4
85	38.8
134	36.0
127	68.7
156	-10.7
218
282	Bucknell	Pat	33	14–19
10–8	98.9
289	107.8
227	.2701
282	50.4
189	49.5
115	18.9
300	16.4
215	25.9
278	28.6
155	29.0
286	31.5
142	50.2
178	50.1
166	33.8
181	32.4
85	44.9
26	42.2
322	65.8
316	-14.6
305
283	SIU Edwardsville	OVC	30	14–16
9–9	100.5
263	109.8
265	.2645
283	47.2
299	51.1
209	15.6
78	17.4
139	30.1
128	28.2
137	31.9
205	37.2
287	46.2
321	49.2
121	32.5
247	36.2
320	36.8
191	37.5
194	67.8
217	-12.0
249
284	Georgia Southern	SB	33	9–24
8–10	103.6
207	113.3
335	.2635
284	50.8
163	52.0
259	18.8
293	17.3
145	28.8
175	33.9
344	28.9
288	43.1
341	49.3
222	51.4
226	35.2
107	35.5
284	44.6
28	36.4
138	69.8
94	-17.9
333
285	Niagara	MAAC	31	15–16
11–9	102.1
234	111.8
315	.2616
285	52.0
101	52.2
271	17.4
203	16.5
208	23.4
331	26.8
84	36.0
94	30.7
128	51.2
142	52.1
257	35.9
64	35.0
253	31.8
305	27.6
6	68.2
190	-12.5
261
286	DePaul	BE	32	3–29
0–20	100.7
259	110.4
281	.2588
286	48.1
276	56.5
361	19.9
327	14.5
316	22.0
348	32.3
322	33.5
155	28.4
76	47.0
303	56.1
357	33.5
198	38.1
357	34.8
250	41.1
300	68.7
156	-14.8
307
287	USC Upstate	BSth	27	7–20
5–11	99.5
278	109.1
249	.2586
287	49.6
233	52.0
259	16.4
133	18.6
74	23.9
319	34.3
349	29.5
271	45.0
350	50.2
178	53.0
297	32.5
247	33.5
145	39.9
108	35.7
115	68.0
205	-15.3
311
288	Tennessee St.	OVC	29	14–15
10–8	98.3
298	107.8
226	.2562
288	48.8
258	48.8
83	19.7
325	18.6
74	28.4
192	32.0
314	38.1
51	44.3
347	49.8
204	48.6
95	31.3
301	32.7
105	35.9
216	34.3
75	69.2
129	-11.4
231
289	FIU	CUSA	32	10–22
5–11	99.9
272	109.9
267	.2512
289	49.7
227	55.6
356	18.9
300	24.1
4	27.0
246	37.3
361	28.4
300	35.9
264	49.9
196	52.9
294	32.9
228	40.3
362	41.7
69	36.0
127	71.2
49	-16.4
319
290	Northern Illinois	MAC	29	9–20
5–13	102.2
232	112.5
327	.2498
290	49.8
220	52.9
304	18.1
249	14.3
324	28.0
207	31.2
284	36.2
90	34.7
233	50.2
178	51.8
240	32.7
239	36.7
330	39.1
129	35.8
121	69.1
133	-14.3
304
291	American	Pat	31	15–16
10–8	103.2
211	113.6
341	.2490
291	52.5
77	53.4
321	17.3
196	17.0
164	27.9
211	25.6
51	28.4
300	29.8
109	52.8
79	51.9
244	34.7
138	36.9
336	44.9
26	42.3
325	63.8
355	-12.5
260
292	Wagner
   16 seed, R64	NEC	30	15–15
7–9	95.6
331	105.3
176	.2477
292	45.1
347	48.3
64	15.8
91	16.9
175	29.1
160	27.2
100	26.4
338	30.1
115	43.3
356	50.7
193	32.0
274	29.8
9	38.0
160	41.2
305	62.3
361	-11.6
238
293	Valparaiso	MVC	31	6–25
3–17	99.3
282	109.3
252	.2476
293	46.2
331	54.5
345	15.9
97	17.3
145	25.7
285	30.3
232	23.3
357	30.7
128	45.0
344	55.0
344	32.1
268	35.8
303	36.3
205	35.2
98	68.8
150	-17.4
329
294	Sacred Heart	NEC	30	14–16
10–6	100.7
258	111.0
297	.2468
294	51.5
128	51.6
246	17.1
183	20.1
33	25.9
278	32.6
324	31.7
213	31.9
155	50.2
178	50.6
184	35.9
64	35.3
274	34.1
265	41.6
311	70.2
76	-12.7
269
295	Old Dominion	SB	31	6–25
3–15	98.3
299	108.3
235	.2453
295	47.6
288	51.3
222	15.0
53	18.0
110	25.2
293	31.2
284	27.1
328	39.7
321	47.5
287	50.0
156	31.8
279	35.5
284	35.1
237	42.0
317	70.8
56	-19.5
350
296	Presbyterian	BSth	29	11–18
6–10	101.2
254	111.8
314	.2411
296	51.3
142	52.6
288	17.1
183	17.6
131	26.3
269	27.8
116	37.3
69	43.1
341	52.1
104	52.7
287	33.1
220	34.9
248	32.9
290	35.7
115	68.4
176	-14.1
299
297	Louisiana Monroe	SB	28	9–19
6–12	99.5
279	110.1
275	.2392
297	44.8
351	52.6
288	18.2
263	17.2
154	34.1
32	29.0
176	38.4
42	37.6
293	45.6
336	51.7
236	28.5
350	35.8
303	28.7
344	44.9
351	68.0
205	-13.5
280
298	Alcorn St.	SWAC	31	13–18
13–5	105.4
177	116.5
357	.2390
298	48.9
254	55.0
353	17.0
180	17.2
154	33.4
46	30.6
255	37.4
67	36.6
280	48.0
274	54.0
326	34.2
157	37.5
350	26.6
355	45.8
357	67.6
231	-11.4
230
299	Boston University	Pat	32	15–17
10–8	97.2
314	107.6
222	.2382
299	47.8
282	50.0
149	17.7
217	16.9
175	26.6
260	23.0
4	30.2
255	36.2
272	46.8
310	48.7
98	32.8
234	34.6
234	40.8
90	41.0
296	66.8
269	-14.2
303
300	Jackson St.	SWAC	32	15–17
11–7	100.1
268	110.8
291	.2379
300	47.0
309	52.6
288	19.0
304	19.0
58	34.9
26	32.0
314	34.7
127	34.5
230	46.2
321	52.4
278	32.5
247	35.2
266	33.8
272	39.6
260	69.7
100	-11.6
235
Rk	Team	Conf	G	Rec	AdjOE	AdjDE	Barthag	Efg%	EfgD%	TOR	TORD	ORB	DRB	FTR	FTRD	2P%	2P%D	3P%	3P%D	3PR	3PRD	Adj T.	WAB
301	Chicago St.	ind	27	9–18
0–0	96.9
318	107.5
219	.2325
301	45.7
339	53.0
308	20.5
340	21.5
19	32.2
75	35.7
356	38.9
38	36.4
275	46.1
325	55.3
350	29.9
332	32.5
92	34.2
263	35.3
102	66.2
306	-12.6
265
302	Bellarmine	ASun	28	5–23
4–12	99.9
273	111.1
299	.2276
302	49.0
251	53.9
330	14.5
34	14.6
315	21.8
351	29.4
197	21.4
362	31.9
155	48.3
264	55.1
346	33.6
195	35.0
253	37.3
184	44.4
348	66.0
312	-17.6
331
303	Jacksonville	ASun	30	13–17
5–11	98.9
291	110.0
271	.2270
303	48.7
259	52.3
278	19.2
314	17.4
139	34.6
29	30.7
262	36.3
86	40.4
328	47.7
282	51.5
228	33.8
181	35.7
293	33.1
287	40.9
294	66.7
273	-12.1
250
304	Delaware St.	MEAC	31	13–18
6–8	94.2
342	104.9
168	.2247
304	46.0
332	50.9
198	21.0
344	21.8
14	33.6
43	31.4
296	39.8
27	36.2
272	45.8
331	49.0
109	31.2
308	35.8
303	25.4
360	39.9
275	69.7
100	-14.1
297
305	South Carolina St.	MEAC	30	12–18
9–5	98.1
302	109.4
255	.2222
305	45.7
339	52.2
271	21.3
351	21.8
14	37.7
6	31.0
274	36.5
84	49.2
362	44.5
348	53.3
307	32.3
256	33.6
154	31.9
304	38.3
220	69.7
100	-13.0
270
306	Elon	CAA	30	11–19
6–12	102.2
233	114.0
345	.2210
306	50.6
175	53.2
318	17.8
226	15.7
273	28.7
177	32.8
328	32.8
179	29.1
89	48.8
242	54.5
337	35.2
107	34.2
204	43.7
39	40.0
278	68.6
163	-14.1
298
307	Campbell	CAA	29	11–18
8–10	99.6
277	111.3
304	.2166
307	52.0
101	52.2
271	18.1
249	16.4
215	23.8
322	31.2
284	33.7
148	23.6
11	52.0
107	52.9
294	34.6
142	34.1
198	38.6
141	43.3
342	67.3
249	-13.8
290
308	Idaho	BSky	30	9–21
5–13	99.0
287	111.0
296	.2121
308	50.2
200	53.5
323	17.5
205	16.6
196	22.7
343	28.6
155	26.7
334	37.2
287	50.2
178	53.4
310	33.5
198	35.8
303	41.0
83	38.5
229	65.8
316	-16.8
323
309	Robert Morris	Horz	30	8–22
6–14	100.6
261	112.9
328	.2100
309	50.3
195	53.3
319	20.0
330	15.8
264	33.2
54	29.5
204	28.0
306	36.8
282	50.0
192	54.3
334	33.8
181	34.3
210	42.6
49	34.8
85	68.0
205	-17.2
326
310	Southeastern Louisiana	Slnd	29	12–17
10–8	97.9
304	109.8
266	.2095
310	48.4
267	51.3
222	20.9
343	17.3
145	30.7
108	30.3
232	35.0
119	30.2
117	46.6
313	52.2
261	34.1
166	33.4
139	38.6
141	44.8
350	65.7
321	-11.9
246
311	Bethune Cookman	SWAC	31	15–16
11–7	96.9
319	108.9
245	.2063
311	47.1
303	49.9
142	19.9
327	21.9
12	29.4
150	32.9
330	39.0
35	48.7
361	46.9
307	49.0
109	31.8
279	34.3
210	30.3
325	35.7
115	70.4
72	-12.4
257
312	Le Moyne	NEC	29	12–17
9–7	98.9
290	111.2
301	.2058
312	50.1
207	50.6
188	16.6
153	17.8
124	23.1
335	29.9
219	25.3
347	27.8
61	49.2
226	51.0
208	34.1
166	33.4
139	47.5
14	43.0
338	68.3
182	-13.8
287
313	Alabama St.	SWAC	29	10–19
8–10	92.6
352	104.3
155	.2033
313	41.0
362	49.1
99	16.3
121	20.0
36	31.7
92	29.1
183	28.5
298	43.4
345	40.4
362	47.6
61	28.0
359	34.1
198	38.4
148	41.0
296	68.1
196	-13.8
289
314	Coastal Carolina	SB	29	7–22
5–13	99.0
286	111.7
313	.2006
314	49.4
238	50.1
157	19.1
310	12.7
358	29.3
157	30.5
248	32.5
188	29.5
97	50.0
192	50.6
184	32.1
268	33.0
120	32.9
290	46.6
360	70.2
76	-17.8
332
315	Sacramento St.	BSky	32	8–24
4–14	97.5
310	110.1
276	.1987
315	48.7
259	54.1
336	22.8
359	15.6
277	34.1
32	25.8
54	32.9
174	32.7
182	48.7
248	55.1
346	32.4
253	35.0
253	41.2
78	38.6
236	64.9
339	-19.2
346
316	Western Michigan	MAC	31	11–20
9–9	98.6
295	111.5
312	.1948
316	48.7
259	50.9
198	19.7
325	15.5
280	33.7
42	29.6
208	31.5
221	31.5
142	48.4
260	50.8
198	32.8
234	34.1
198	38.9
132	38.5
229	69.4
116	-15.2
310
317	William & Mary	CAA	31	8–23
4–14	100.2
266	113.4
340	.1945
317	48.3
272	52.2
271	16.3
121	14.4
321	27.4
235	29.1
183	31.9
205	34.9
241	48.6
253	52.5
282	32.1
268	34.5
231	47.7
13	36.5
145	66.8
269	-18.7
341
318	South Dakota	Sum	29	9–20
5–11	102.6
224	116.2
355	.1924
318	51.9
106	53.1
311	18.3
270	11.7
361	27.5
227	28.6
155	30.5
245	27.3
45	49.6
213	52.3
269	37.6
17	36.2
320	34.5
258	38.3
220	69.8
94	-16.5
321
319	Northern Arizona	BSky	33	14–19
7–11	97.7
305	110.8
293	.1908
319	49.3
245	52.9
304	18.1
249	16.7
191	24.1
314	31.1
281	31.1
231	37.4
290	50.7
161	55.4
351	31.2
308	32.0
67	35.2
235	34.0
66	69.2
129	-13.5
284
320	Eastern Illinois	OVC	28	10–18
8–10	95.6
333	108.8
243	.1837
320	44.8
351	52.0
259	15.7
81	19.7
42	27.5
227	28.0
127	27.2
326	37.5
291	43.6
355	51.1
213	31.8
279	35.8
303	29.6
337	37.1
179	67.5
240	-13.2
273
321	Charleston Southern	BSth	27	7–20
6–10	94.9
338	108.1
231	.1833
321	45.2
346	50.9
198	18.1
249	13.4
345	27.0
246	29.0
176	31.2
229	33.5
205	44.1
351	52.3
269	31.4
298	31.9
61	35.9
216	31.5
27	67.7
223	-14.2
300
322	Lafayette	Pat	31	10–21
10–8	92.8
349	105.8
184	.1823
322	46.9
312	48.5
71	17.5
205	17.4
139	24.2
312	29.1
183	23.9
355	31.5
142	47.0
303	46.6
33	31.2
308	34.3
210	40.0
104	38.5
229	66.2
306	-17.0
325
323	Eastern Michigan	MAC	29	11–18
6–12	97.1
316	111.1
298	.1757
323	47.9
280	52.0
259	17.0
180	15.7
273	27.6
222	31.2
284	25.0
350	31.5
142	48.7
248	54.7
341	30.8
322	31.9
61	32.3
298	39.5
255	66.3
299	-14.1
295
324	Northwestern St.	Slnd	30	7–23
7–11	97.1
315	111.8
316	.1655
324	47.7
285	51.9
256	19.3
317	18.5
82	29.8
141	34.1
348	36.7
81	41.4
334	48.0
274	53.8
319	31.3
301	32.6
97	34.4
260	37.2
184	68.5
170	-18.5
339
325	Navy	Pat	30	12–18
8–10	95.5
334	110.6
286	.1573
325	44.0
355	50.3
168	15.6
78	20.5
27	31.8
88	30.8
268	34.8
125	35.7
258	43.8
353	50.9
202	29.6
336	32.9
117	33.1
287	40.7
288	66.4
291	-15.4
312
Rk	Team	Conf	G	Rec	AdjOE	AdjDE	Barthag	Efg%	EfgD%	TOR	TORD	ORB	DRB	FTR	FTRD	2P%	2P%D	3P%	3P%D	3PR	3PRD	Adj T.	WAB
326	Southern Indiana	OVC	29	5–24
5–13	95.6
332	110.6
288	.1570
326	45.6
341	49.5
115	19.4
319	16.6
196	27.0
246	28.5
147	37.6
63	48.6
360	44.5
348	49.3
127	31.6
292	33.3
135	36.3
205	37.5
194	70.0
87	-19.2
344
327	NJIT	AE	27	6–21
3–13	97.7
306	113.3
337	.1536
327	44.6
354	52.4
282	16.4
133	16.6
196	28.3
198	32.9
330	31.2
229	39.7
321	44.7
346	52.3
269	29.6
336	35.0
253	39.2
126	35.8
121	67.4
243	-16.8
322
328	UT Rio Grande Valley	WAC	29	4–25
2–18	95.2
335	110.5
285	.1528
328	45.1
347	53.1
311	19.0
304	18.9
61	24.3
306	33.4
338	41.2
15	34.4
228	45.8
331	54.2
333	29.0
344	33.9
171	29.2
340	33.4
52	72.2
26	-19.3
347
329	New Orleans	Slnd	29	6–23
4–14	98.2
300	114.4
347	.1484
329	45.5
343	54.4
341	17.3
196	19.1
56	28.4
192	34.9
351	39.2
34	38.7
305	45.5
340	54.9
343	30.2
326	35.5
284	29.3
338	31.7
31	72.2
26	-18.2
335
330	Arkansas Pine Bluff	SWAC	27	9–18
8–10	101.9
243	118.9
361	.1443
330	51.5
128	52.6
288	18.0
242	15.4
286	22.9
338	34.0
345	40.2
24	32.5
173	48.4
260	56.0
356	36.5
34	31.4
42	49.4
5	38.3
220	72.9
17	-13.2
275
331	Hampton	CAA	30	6–24
3–15	95.9
328	112.1
321	.1434
331	46.7
320	51.6
246	17.9
234	15.0
305	27.9
211	31.9
310	29.4
274	29.9
110	46.9
307	52.1
257	30.9
321	33.9
171	38.6
141	39.0
245	70.7
64	-20.1
352
332	Alabama A&M	SWAC	34	12–22
9–9	93.1
347	108.9
246	.1416
332	45.8
338	48.9
86	22.5
358	19.6
44	31.9
84	32.4
323	47.7
2	45.9
353	47.1
298	46.7
37	28.2
356	35.1
262	26.7
354	37.1
179	71.5
41	-17.5
330
333	Dartmouth	Ivy	25	4–21
2–12	92.6
353	108.6
241	.1376
333	47.6
288	54.2
338	19.4
319	13.4
345	20.7
356	24.5
17	27.8
312	24.4
12	48.2
267	53.2
304	31.2
308	37.0
339	42.7
48	42.4
327	66.0
312	-16.0
317
334	Fairleigh Dickinson	NEC	30	13–17
9–7	96.5
320	113.4
338	.1355
334	47.1
303	52.9
304	17.2
191	19.0
58	27.8
217	31.2
284	34.9
123	32.0
160	46.7
311	52.4
278	31.8
279	35.7
293	39.3
123	40.5
285	73.1
15	-13.8
286
335	Manhattan	MAAC	29	6–23
4–16	94.7
340	111.5
311	.1323
335	47.2
299	53.1
311	19.2
314	16.9
175	24.8
299	30.1
226	22.1
361	27.3
45	47.4
290	52.2
261	31.3
301	36.7
330	38.7
137	33.8
60	69.3
123	-18.4
338
336	East Texas A&M	Slnd	30	10–20
6–12	94.3
341	111.4
306	.1289
336	46.0
332	52.4
282	16.7
160	18.3
93	24.3
306	33.1
336	30.8
239	39.2
311	47.6
285	52.4
278	29.4
339	35.0
253	46.0
21	30.4
16	67.1
260	-14.2
301
337	Central Arkansas	ASun	30	7–23
5–11	96.9
317	114.5
348	.1287
337	47.5
292	54.0
333	18.1
249	15.4
286	28.3
198	31.4
296	29.3
277	33.7
211	45.2
341	51.9
244	34.2
157	37.9
353	37.8
166	42.1
321	70.1
83	-19.0
342
338	Morgan St.	MEAC	28	8–20
7–7	96.4
322	113.9
344	.1276
338	47.4
294	52.0
259	20.2
336	18.2
96	29.5
148	37.2
360	31.3
226	41.4
334	49.3
222	51.6
232	28.2
356	35.3
274	26.9
353	32.4
36	71.6
37	-15.6
314
339	Prairie View A&M	SWAC	29	8–21
5–13	93.7
344	111.3
303	.1216
339	45.6
341	53.7
327	17.7
217	22.6
8	26.5
263	35.2
352	36.9
76	46.6
356	45.6
336	54.1
329	30.4
325	35.2
266	26.4
356	32.9
44	71.8
34	-16.0
318
340	Florida A&M	SWAC	27	5–22
4–14	92.9
348	110.4
283	.1199
340	47.5
292	51.8
253	21.4
353	16.3
227	26.3
269	31.7
304	28.0
306	39.2
311	46.0
328	51.1
213	34.1
166	35.3
274	29.9
331	36.6
148	69.1
133	-15.9
316
341	North Carolina A&T	CAA	32	7–25
5–13	96.2
323	114.6
351	.1172
341	43.9
356	54.5
345	13.8
11	15.9
258	24.3
306	34.0
345	34.0
140	29.5
97	44.4
350	55.5
352	28.7
348	35.2
266	35.7
222	37.2
184	68.9
144	-19.1
343
342	Incarnate Word	Slnd	29	6–23
3–15	96.1
325	114.6
350	.1168
342	48.2
274	51.8
253	21.7
355	15.1
299	30.0
131	30.0
222	37.1
73	40.7
329	48.3
264	50.2
169	32.0
274	36.7
330	39.7
114	34.4
77	70.8
56	-19.5
349
343	Tennessee Tech	OVC	28	7–21
5–13	94.8
339	113.1
333	.1158
343	49.0
251	52.5
285	17.8
226	15.4
286	18.9
360	28.1
132	31.0
234	24.6
14	49.2
226	52.7
287	32.3
256	34.8
242	34.1
265	37.7
202	66.6
279	-17.3
327
344	Loyola MD	Pat	31	6–25
5–13	93.7
343	112.0
319	.1146
344	47.2
299	53.3
319	20.4
339	15.6
277	29.2
159	26.4
67	30.0
257	32.6
177	46.1
325	53.3
307	32.7
239	35.6
289	38.7
137	36.6
148	66.7
273	-20.9
353
345	Cal Poly	BW	31	3–28
0–20	93.3
345	111.5
310	.1140
345	46.0
332	51.5
239	18.6
284	17.3
145	24.3
306	33.6
339	31.3
226	41.9
337	44.1
351	50.8
198	33.0
223	35.6
289	34.0
270	30.3
15	66.6
279	-23.4
360
346	Army	Pat	30	8–22
6–12	90.8
355	108.6
239	.1137
346	47.1
303	50.3
168	18.9
300	16.6
196	27.0
246	25.5
41	25.4
345	31.6
147	46.5
316	50.6
184	31.8
279	33.2
132	45.1
24	39.5
255	64.0
351	-19.5
351
347	LIU	NEC	29	7–22
6–10	92.7
350	111.2
302	.1101
347	46.4
328	50.8
195	20.1
333	15.8
264	25.5
288	28.5
147	31.5
221	41.1
333	46.3
319	53.0
297	31.0
318	31.1
31	29.9
331	34.3
75	71.3
48	-18.3
337
348	Buffalo	MAC	30	3–27
2–16	95.0
336	114.5
349	.1053
348	47.3
295	53.9
330	20.0
330	15.1
299	28.3
198	30.6
255	26.0
340	28.7
82	51.6
122	53.5
312	27.5
361	36.5
325	41.4
73	35.1
92	70.0
87	-22.2
356
349	Detroit Mercy	Horz	32	1–31
1–19	95.6
330	116.0
354	.0977
349	47.3
295	55.9
359	19.4
319	17.3
145	25.9
278	35.2
352	30.3
252	31.9
155	50.4
170	56.1
357	28.1
358	37.1
343	36.9
189	37.2
184	68.0
205	-24.8
362
350	Holy Cross	Pat	32	9–23
6–12	99.2
283	120.9
362	.0930
350	50.1
207	53.6
326	16.5
143	12.8
356	23.2
332	28.1
132	25.9
343	30.6
126	48.7
248	50.7
193	35.0
121	38.7
359	37.7
169	39.7
268	66.7
273	-19.3
348
351	Pacific	WCC	30	4–26
0–16	94.9
337	115.8
352	.0919
351	46.5
325	56.3
360	16.9
175	16.1
241	18.8
361	33.2
337	37.1
73	36.4
275	46.0
328	58.2
361	31.5
296	35.7
293	36.3
205	39.7
268	69.3
123	-19.2
345
352	Maryland Eastern Shore	MEAC	25	5–20
4–10	89.0
359	109.4
253	.0848
352	43.0
359	50.9
198	20.0
330	18.9
61	28.8
175	33.7
341	32.7
182	37.8
294	43.3
356	51.7
236	28.3
353	33.0
120	34.8
250	36.2
131	68.1
196	-16.4
320
353	Lindenwood	OVC	28	6–22
3–15	91.7
354	113.0
331	.0831
353	43.3
358	53.9
330	17.9
234	17.7
128	23.6
327	28.7
162	38.3
43	40.2
327	43.2
358	52.5
282	29.0
344	37.6
352	30.7
320	37.4
192	68.4
176	-18.2
334
354	Houston Christian	Slnd	27	4–23
4–14	95.8
329	118.3
360	.0817
354	46.9
312	54.0
333	21.0
344	13.6
342	29.7
145	33.7
341	36.8
77	28.6
81	47.9
277	55.5
352	29.5
338	34.0
182	28.0
350	34.1
68	72.5
21	-17.3
328
355	Southeast Missouri St.	OVC	27	5–22
4–14	90.4
357	112.0
320	.0781
355	45.1
347	52.0
259	17.3
196	17.2
154	24.0
316	29.5
204	27.0
329	44.2
346	45.1
343	54.0
326	30.0
330	31.5
49	33.5
278	30.5
18	70.2
76	-18.3
336
356	Siena	MAAC	32	4–28
3–17	90.2
358	112.2
323	.0750
356	44.7
353	51.8
253	23.4
361	14.8
311	33.2
54	31.2
284	30.8
239	28.0
64	46.1
325	51.3
221	28.0
359	35.2
266	34.3
262	34.1
68	66.9
264	-23.8
361
357	VMI	SC	29	1–28
1–17	88.1
360	110.5
284	.0689
357	46.0
332	54.4
341	21.2
346	15.1
299	23.8
322	30.6
255	27.6
316	30.9
133	46.7
311	54.5
337	29.7
334	36.2
320	33.3
283	38.4
225	75.7
2	-22.8
358
358	Stonehill	NEC	30	3–27
2–14	90.5
356	113.7
342	.0673
358	46.7
320	52.7
296	19.5
322	16.6
196	22.5
344	31.0
274	22.6
358	29.4
93	47.9
277	51.7
236	30.1
327	35.9
311	47.0
17	46.2
359	69.1
133	-22.0
355
359	Saint Francis	NEC	28	6–22
3–13	93.3
346	117.3
359	.0666
359	47.2
299	53.0
308	21.2
346	17.1
160	32.9
59	31.3
292	32.6
185	35.4
255	45.7
333	52.9
294	33.2
213	35.4
279	35.1
237	37.1
179	66.4
291	-18.6
340
360	IU Indy	Horz	29	3–26
2–18	92.7
351	116.9
358	.0650
360	46.5
325	58.2
362	21.3
351	18.5
82	30.0
131	35.5
355	33.2
164	33.4
202	49.5
216	59.0
362	24.7
362	38.0
355	24.3
361	37.5
194	68.3
182	-21.6
354
361	Coppin St.	MEAC	29	2–27
1–13	84.7
362	110.0
273	.0469
361	42.1
361	51.3
222	22.9
360	21.8
14	27.0
246	38.6
362	31.1
231	38.3
298	41.9
360	51.0
208	28.3
353	34.5
231	34.4
260	37.6
200	67.3
249	-23.0
359
362	Mississippi Valley St.	SWAC	31	1–30
1–17	85.4
361	116.4
356	.0276
362	42.5
360	55.6
356	24.0
362	17.2
154	27.9
211	35.7
356	33.0
170	41.6
336	41.9
360	55.6
354	29.2
343	37.0
339	30.4
323	36.5
145	65.5
327	-22.7
357