Rk	Team	Conf	G	Rec	AdjOE	AdjDE	Barthag	EFG%	EFGD%	TOR	TORD	ORB	DRB	FTR	FTRD	2P%	2P%D	3P%	3P%D	3PR	3PRD	Adj T.	WAB
1	Houston
   1 seed, Finals	B12	34	30–4
19–1	124.3
8	87.6
1	.9824
1	52.7
89	44.9
4	14.6
25	21.7
16	36.1
15	29.3
156	28.2
314	34.1
211	49.0
266	43.9
5	39.8
1	30.9
32	34.5
295	43.1
307	62.1
360	+11.5
2
2	Duke
   1 seed, Final Four	ACC	34	31–3
19–1	127.2
3	90.9
4	.9794
2	57.4
5	44.5
3	14.4
19	17.7
134	35.2
34	26.5
37	32.1
200	25.4
21	58.0
7	43.4
3	37.7
21	30.9
32	45.4
51	37.9
141	66.5
261	+9.5
5
3	Auburn
   1 seed, Final Four	SEC	33	28–5
15–3	129.5
1	93.3
10	.9776
3	55.7
26	46.0
10	13.4
6	17.4
155	34.3
51	30.3
212	33.5
166	39.2
315	56.1
30	47.2
42	36.8
39	29.2
5	40.6
139	34.8
50	68.6
138	+12.7
1
4	Florida
   1 seed, CHAMPS	SEC	34	30–4
14–4	126.8
4	94.2
13	.9683
4	55.0
37	45.3
6	15.0
37	17.0
184	38.1
8	28.8
126	32.6
189	33.0
176	56.4
27	45.9
13	35.5
84	29.6
7	43.6
74	37.3
120	70.3
60	+11.1
3
5	Alabama
   2 seed, Elite Eight	SEC	33	25–8
13–5	127.2
2	96.3
27	.9610
5	56.3
14	47.9
51	16.7
149	13.5
348	34.7
39	29.2
148	40.1
25	33.9
206	59.7
4	48.8
91	35.0
109	30.8
27	46.2
41	35.1
55	75.4
1	+10.1
4
6	Tennessee
   2 seed, Elite Eight	SEC	34	27–7
12–6	118.7
22	90.5
3	.9579
6	52.8
85	44.4
1	16.0
96	17.8
125	35.4
28	30.1
203	35.4
110	29.4
85	54.1
66	46.7
27	34.0
164	27.8
1	43.0
82	45.1
340	64.6
336	+9.3
6
7	Texas Tech
   3 seed, Elite Eight	B12	33	25–8
15–5	125.6
6	96.9
34	.9518
7	55.5
28	48.0
53	14.8
30	17.4
155	34.3
51	28.5
107	29.7
280	33.5
195	54.3
62	48.2
69	37.9
20	31.7
61	44.6
60	34.1
30	66.3
272	+5.8
11
8	Iowa St.
   3 seed, R32	B12	33	24–9
13–7	119.2
20	92.6
9	.9480
8	54.6
43	48.4
64	16.9
160	21.8
14	32.2
107	28.4
102	38.5
40	28.9
75	55.1
44	47.5
51	35.8
70	33.2
130	36.9
230	40.7
245	69.3
105	+5.4
17
9	Maryland
   4 seed, Sweet Sixteen	B10	33	25–8
14–6	118.4
24	92.1
5	.9472
9	53.8
57	47.0
25	14.5
23	20.2
37	31.0
144	27.2
55	32.9
180	25.9
26	52.7
114	47.6
53	37.2
28	30.7
24	35.5
270	35.8
79	70.6
52	+5.2
18
10	Arizona
   4 seed, Sweet Sixteen	B12	34	22–12
14–6	123.1
12	96.3
28	.9439
10	52.9
84	48.6
72	16.2
108	16.6
212	35.9
19	28.5
107	36.6
71	29.2
81	55.1
44	47.2
42	32.4
247	33.6
164	34.6
290	41.9
284	70.6
52	+5.4
16
11	Gonzaga
   8 seed, R32	WCC	33	25–8
14–4	123.3
11	96.8
32	.9419
11	55.7
26	47.5
36	13.2
5	18.2
103	32.7
94	26.4
34	30.9
245	28.6
68	57.8
10	49.1
107	34.4
145	30.2
15	33.5
313	40.6
241	70.9
47	+2.8
32
12	Michigan St.
   2 seed, Elite Eight	B10	33	27–6
17–3	117.2
31	92.2
7	.9402
12	51.2
148	46.1
12	16.6
138	16.4
226	35.3
30	24.6
8	37.8
46	33.1
182	53.6
85	49.1
107	30.8
326	27.9
2	32.7
329	41.4
273	68.6
138	+8.5
7
13	Wisconsin
   3 seed, R32	B10	35	26–9
13–7	122.6
13	96.7
31	.9391
13	53.6
64	47.9
51	14.1
16	14.5
331	28.0
237	26.6
41	33.8
152	28.1
55	54.7
50	46.8
30	34.9
118	33.0
122	48.1
18	39.1
189	68.3
155	+6.6
10
14	Illinois
   6 seed, R32	B10	33	21–12
12–8	122.0
14	96.8
33	.9346
14	52.3
103	47.3
32	15.8
82	12.7
359	36.0
17	26.3
32	34.6
128	26.8
36	57.3
16	46.1
17	31.1
316	33.3
141	46.9
31	30.4
3	72.1
16	+4.0
26
15	Purdue
   4 seed, Sweet Sixteen	B10	33	22–11
13–7	124.9
7	99.3
57	.9328
15	56.3
14	52.0
238	15.6
66	17.8
125	31.0
144	29.9
186	34.6
128	31.0
125	55.5
37	56.4
348	38.5
9	30.7
24	38.1
191	42.7
299	65.8
294	+4.9
21
16	Kentucky
   3 seed, Sweet Sixteen	SEC	33	22–11
10–8	123.9
10	98.8
49	.9313
16	56.0
20	50.4
150	15.2
44	14.0
340	28.7
221	25.9
25	35.9
93	31.0
125	55.9
33	53.7
289	37.4
24	30.8
27	41.7
113	43.5
317	71.6
22	+5.6
13
17	St. John's
   2 seed, R32	BE	34	30–4
18–2	112.5
72	89.7
2	.9311
17	49.7
240	46.6
19	15.6
66	21.9
12	37.3
9	28.9
134	30.2
269	30.4
112	51.5
154	45.8
10	30.4
337	31.8
64	30.3
346	40.8
249	70.9
47	+7.8
8
18	Kansas
   7 seed, R64	B12	33	21–12
11–9	115.9
44	92.5
8	.9303
18	53.1
78	46.2
14	16.7
149	15.6
283	30.4
165	27.5
68	24.3
355	28.0
54	53.4
90	46.1
17	35.2
98	30.9
32	34.3
297	40.7
245	69.0
115	+4.2
25
19	BYU
   6 seed, Sweet Sixteen	B12	33	24–9
14–6	124.1
9	99.0
54	.9302
19	57.2
6	50.6
162	17.6
207	17.2
174	33.3
76	26.1
29	30.2
269	29.5
89	58.6
5	49.3
113	37.1
31	34.8
241	48.3
15	44.4
329	67.9
181	+4.8
22
20	Missouri
   6 seed, R64	SEC	33	22–11
10–8	125.8
5	100.9
79	.9266
20	56.2
18	50.7
168	15.2
44	20.0
43	33.7
65	32.2
297	46.8
2	35.3
239	56.7
20	51.1
186	37.0
33	33.4
152	41.5
118	38.2
154	68.9
122	+3.2
29
21	UCLA
   7 seed, R32	B10	32	22–10
13–7	117.2
30	94.6
15	.9218
21	53.0
81	50.5
156	15.9
87	22.8
5	32.8
90	29.2
148	32.9
180	34.6
220	53.1
103	51.2
189	35.2
98	33.2
130	36.0
259	44.8
336	65.8
294	+3.9
27
22	Michigan
   5 seed, Sweet Sixteen	B10	34	25–9
14–6	116.5
37	94.2
14	.9197
22	54.5
50	46.3
16	19.8
328	16.0
258	33.2
79	29.8
181	35.0
118	28.5
66	57.7
12	45.9
13	33.4
195	31.3
46	42.5
91	38.9
181	70.3
60	+6.8
9
23	Louisville
   8 seed, R64	ACC	34	27–7
18–2	117.8
26	95.3
19	.9195
23	53.4
71	49.2
94	16.5
133	18.6
91	32.2
107	27.2
55	34.5
133	26.8
36	57.0
19	48.3
74	33.0
212	33.7
168	48.1
18	39.7
207	69.6
87	+5.5
14
24	Texas A&M
   4 seed, R32	SEC	32	22–10
11–7	115.4
50	93.6
12	.9178
24	47.5
315	48.2
58	18.2
250	19.7
54	42.0
1	27.8
74	41.7
17	35.3
239	48.0
290	46.5
25	31.1
316	33.4
152	37.6
203	47.0
352	66.9
235	+5.5
15
25	Saint Mary's
   7 seed, R32	WCC	32	27–5
17–1	115.0
53	93.4
11	.9169
25	50.9
167	46.2
14	15.1
39	16.6
212	40.5
2	24.9
9	31.4
223	25.0
18	51.8
144	45.8
10	32.6
231	31.2
42	33.4
315	31.3
6	62.5
359	+4.4
24
Rk	Team	Conf	G	Rec	AdjOE	AdjDE	Barthag	Efg%	EfgD%	TOR	TORD	ORB	DRB	FTR	FTRD	2P%	2P%D	3P%	3P%D	3PR	3PRD	Adj T.	WAB
26	Clemson
   5 seed, R64	ACC	33	27–6
18–2	117.7
27	95.7
22	.9151
26	53.6
64	48.9
86	15.7
75	20.1
41	33.7
65	29.9
186	28.2
314	27.6
46	52.3
130	49.3
113	37.2
28	32.2
83	38.4
182	38.3
157	65.0
329	+4.8
23
27	Marquette
   7 seed, R64	BE	33	23–10
13–7	116.7
35	96.1
25	.9031
27	52.0
113	49.9
125	13.5
8	21.5
19	30.1
174	31.0
241	26.1
341	30.2
107	54.9
48	51.3
195	32.5
238	31.8
64	46.3
40	39.8
214	68.5
145	+3.6
28
28	Baylor
   9 seed, R32	B12	32	18–14
10–10	120.6
17	99.3
56	.9030
28	51.5
135	51.2
196	16.1
103	18.8
81	35.6
22	31.2
250	31.0
240	33.5
195	51.2
168	49.8
128	34.7
124	35.4
276	40.2
146	40.8
249	65.4
312	+2.1
38
29	Mississippi
   6 seed, Sweet Sixteen	SEC	33	22–11
10–8	117.0
33	96.5
29	.9014
29	51.1
153	50.5
156	12.8
2	20.5
32	25.4
311	30.8
231	35.6
103	39.5
322	51.0
178	51.6
209	34.1
159	32.7
109	40.2
146	44.0
321	68.8
126	+4.9
20
30	Mississippi St.
   8 seed, R64	SEC	33	21–12
8–10	118.4
23	98.6
46	.8912
30	51.7
124	51.9
235	15.1
39	19.0
74	34.1
55	29.5
166	31.6
211	35.4
241	55.2
41	50.1
144	31.4
295	36.1
313	42.3
93	44.2
326	68.7
134	+3.1
30
31	Georgia
   9 seed, R64	SEC	32	20–12
8–10	115.3
52	96.0
24	.8909
31	52.5
96	47.2
28	18.8
289	18.0
116	36.1
15	31.8
278	39.8
27	30.4
112	53.8
79	47.8
55	33.5
189	30.9
32	36.8
236	40.6
241	67.2
217	+2.0
39
32	West Virginia	B12	32	19–13
10–10	110.3
98	92.2
6	.8867
32	50.0
223	46.3
16	16.2
108	19.4
63	25.9
296	30.8
231	25.6
348	32.2
158	50.9
184	47.3
45	32.6
231	29.7
9	46.1
44	36.5
99	64.9
330	+1.5
41
33	VCU
   11 seed, R64	A10	33	27–6
15–3	114.9
55	96.1
26	.8864
33	52.4
98	44.4
1	16.8
155	20.6
27	36.7
11	30.0
194	32.2
197	36.1
262	54.2
65	43.6
4	33.5
189	30.6
22	47.4
25	35.3
62	66.9
235	+1.0
44
34	Oregon
   5 seed, R32	B10	33	24–9
12–8	115.5
46	96.9
35	.8828
34	52.2
105	49.1
91	16.2
108	17.6
140	30.6
159	29.2
148	33.4
169	27.7
49	53.0
108	50.0
138	34.0
164	31.7
61	38.6
176	37.4
124	68.5
145	+5.8
12
35	North Carolina
   11 seed, R64	ACC	36	23–13
13–7	119.0
21	99.9
64	.8823
35	54.5
50	49.5
109	15.1
39	15.2
306	29.3
201	27.0
49	35.0
118	30.2
107	54.7
50	49.2
109	36.0
64	33.3
141	37.1
223	38.2
154	71.3
32	+1.4
43
36	Creighton
   9 seed, R32	BE	34	24–10
15–5	116.6
36	98.3
44	.8773
36	55.8
24	47.0
25	18.1
242	11.7
361	26.9
266	27.2
55	28.5
312	16.9
1	60.5
2	45.8
10	33.9
175	32.7
109	49.0
10	35.2
59	67.9
181	+3.0
31
37	Connecticut
   8 seed, R32	BE	33	23–10
14–6	121.0
16	102.2
95	.8748
37	55.5
28	48.3
59	17.1
174	15.5
287	35.6
22	27.4
62	30.6
255	40.0
332	57.3
16	46.0
16	35.4
89	35.1
257	42.6
90	34.2
34	64.6
336	+2.3
35
38	Ohio St.	B10	32	17–15
9–11	116.8
34	99.0
51	.8704
38	53.5
68	48.6
72	15.6
66	16.8
193	28.9
211	30.5
219	35.8
97	39.9
329	52.6
115	50.3
148	36.8
39	30.5
18	37.7
200	37.6
132	67.8
192	-0.38
56
39	Xavier
   11 seed, R64	BE	33	22–11
13–7	115.9
43	98.8
47	.8634
39	54.3
53	50.8
174	15.9
87	17.5
150	24.9
321	25.2
14	36.9
65	28.5
66	51.6
152	50.5
158	39.1
6	34.2
202	37.6
203	37.0
113	69.7
82	+0.42
50
40	New Mexico
   10 seed, R32	MWC	32	25–7
17–3	112.0
81	95.6
20	.8617
40	50.8
173	49.2
94	15.6
66	20.5
32	31.5
127	25.6
20	37.8
46	35.0
232	50.6
197	48.2
69	34.1
159	33.8
175	32.2
333	38.3
157	73.8
4	+2.7
33
41	Cincinnati	B12	33	18–15
7–13	111.0
91	94.8
16	.8597
41	50.9
167	48.6
72	15.5
59	19.7
54	32.3
104	30.1
203	23.4
358	24.3
13	52.6
115	48.0
60	32.0
264	33.2
130	38.1
191	34.2
34	66.0
285	-1.0
61
42	Vanderbilt
   10 seed, R64	SEC	32	20–12
8–10	118.1
25	101.0
81	.8579
42	51.7
124	52.9
275	14.7
28	20.0
43	32.2
107	29.7
176	34.0
148	39.0
313	53.6
85	51.5
204	32.5
238	36.9
336	40.2
146	37.5
126	70.3
60	+1.6
40
43	Texas
   11 seed, R68	SEC	35	19–16
6–12	117.1
32	100.2
68	.8570
43	52.6
94	48.9
86	14.3
18	16.4
226	29.7
191	29.4
159	36.8
66	38.9
312	51.7
148	47.8
55	36.2
61	33.8
175	35.3
272	36.4
96	68.0
178	+0.15
51
44	Arkansas
   10 seed, Sweet Sixteen	SEC	33	20–13
8–10	111.4
86	95.7
23	.8509
44	52.7
89	48.3
59	16.5
133	17.5
150	27.6
245	28.3
98	35.5
107	29.4
85	54.4
60	48.5
81	33.3
199	31.9
70	36.7
242	39.5
202	70.0
67	+1.4
42
45	Colorado St.
   12 seed, R32	MWC	34	25–9
16–4	114.9
54	99.0
50	.8481
45	55.8
24	48.5
67	17.4
194	16.7
199	26.4
278	25.3
15	31.8
205	33.6
198	56.5
25	47.7
54	36.6
47	33.1
126	42.8
85	37.9
141	66.8
241	+0.8
48
46	Oklahoma
   9 seed, R64	SEC	33	20–13
6–12	117.5
29	101.3
82	.8465
46	54.9
38	51.1
189	17.3
187	18.1
111	26.5
273	31.7
275	39.6
29	35.8
254	54.6
52	54.9
322	37.0
33	30.5
18	41.9
108	41.9
284	69.2
108	+2.2
37
47	Utah St.
   10 seed, R64	MWC	32	25–7
15–5	121.4
15	104.7
136	.8460
47	56.0
20	51.8
231	16.0
96	20.2
37	34.6
44	30.3
212	37.6
52	36.2
264	57.7
12	52.6
250	35.8
70	33.8
175	42.3
93	44.4
329	68.4
151	+2.3
36
48	Boise St.	MWC	33	23–10
14–6	115.5
48	99.6
61	.8454
48	52.1
110	49.6
115	16.9
160	16.1
250	33.2
79	22.6
3	39.2
32	31.1
128	56.3
28	48.6
87	31.0
319	34.2
202	43.3
79	36.2
91	66.1
280	+0.00
54
49	Santa Clara	WCC	33	21–12
12–6	116.1
40	100.3
70	.8432
49	56.1
19	49.4
106	16.8
155	17.0
184	32.7
94	26.9
45	28.7
310	31.1
128	54.8
49	51.5
204	38.3
12	30.8
27	46.7
34	39.8
214	69.6
87	-3.3
84
50	SMU	ACC	34	24–10
13–7	116.1
41	100.5
75	.8392
50	54.5
50	47.8
46	17.3
187	17.9
120	36.4
12	29.8
181	36.4
72	32.5
165	53.8
79	46.9
32	37.3
26	32.7
109	35.2
275	41.3
269	69.8
74	-0.48
59
Rk	Team	Conf	G	Rec	AdjOE	AdjDE	Barthag	Efg%	EfgD%	TOR	TORD	ORB	DRB	FTR	FTRD	2P%	2P%D	3P%	3P%D	3PR	3PRD	Adj T.	WAB
51	Indiana	B10	32	19–13
10–10	112.8
68	97.7
38	.8387
51	51.1
153	49.8
122	16.7
149	16.4
226	31.5
127	28.1
90	33.1
172	29.6
92	52.6
115	50.3
148	32.1
263	32.7
109	33.2
320	38.9
181	68.7
134	+0.9
46
52	Northwestern	B10	33	17–16
7–13	112.9
67	97.9
40	.8377
52	49.8
234	49.9
125	14.9
35	19.8
50	31.2
136	30.1
203	31.3
228	36.6
275	49.7
235	49.4
116	33.3
199	33.8
175	34.2
298	39.3
197	65.7
300	-2.2
70
53	Villanova	BE	33	19–14
11–9	119.2
19	103.6
116	.8339
53	54.9
38	51.1
189	15.6
66	16.0
258	30.2
172	27.4
62	28.9
301	30.1
106	51.1
170	50.3
148	39.8
1	34.7
232	43.6
74	45.9
346	63.9
351	-2.9
75
54	UC San Diego
   12 seed, R64	BW	32	28–4
18–2	112.3
76	97.8
39	.8307
54	55.4
30	47.7
43	13.4
6	23.3
2	25.6
307	28.4
102	33.8
152	29.8
93	56.1
30	46.2
19	36.5
54	33.1
126	49.6
8	44.3
328	66.5
261	+0.9
47
55	Drake
   11 seed, R32	MVC	31	28–3
17–3	112.7
71	98.3
45	.8283
55	53.8
57	51.7
226	18.6
276	22.1
10	36.0
17	25.8
22	43.0
11	35.8
254	54.6
52	54.3
304	35.0
109	31.8
64	36.8
236	39.1
189	59.4
364	+2.7
34
56	Liberty
   12 seed, R64	CUSA	31	25–6
13–5	112.5
73	98.3
43	.8251
56	58.4
2	45.9
7	15.3
48	16.9
189	18.9
361	28.0
84	30.9
245	26.3
30	57.7
12	48.0
60	39.5
5	28.0
3	47.7
22	34.4
40	66.1
280	-0.16
55
57	San Diego St.
   11 seed, R68	MWC	30	20–10
14–6	108.6
128	95.0
17	.8227
57	50.5
193	45.9
7	16.8
155	19.5
60	29.2
204	31.0
241	32.3
194	37.4
291	51.5
154	45.1
8	32.6
231	31.2
42	39.6
164	47.1
354	66.6
255	+1.0
45
58	McNeese St.
   12 seed, R32	Slnd	31	25–6
19–1	113.8
62	99.6
62	.8209
58	53.3
74	47.5
36	16.2
108	21.6
17	34.7
39	31.3
257	35.7
100	31.4
137	53.2
98	46.9
32	35.6
79	32.2
83	36.7
242	46.6
351	66.0
285	-0.40
57
59	USC	B10	33	16–17
7–13	116.4
38	102.0
90	.8200
59	54.6
43	52.4
254	17.8
220	17.8
125	28.2
231	30.9
236	36.4
72	34.9
228	54.3
62	54.3
304	36.7
43	32.9
116	34.7
286	38.5
167	69.0
115	-3.2
83
60	Nebraska	B10	31	17–14
7–13	112.1
80	98.2
42	.8196
60	51.5
135	50.9
178	16.2
108	17.6
140	26.8
269	28.8
126	36.0
89	27.0
39	53.3
93	50.6
164	32.5
238	34.1
191	38.5
179	46.2
350	68.3
155	-0.9
60
61	Memphis
   5 seed, R64	Amer	34	29–5
16–2	112.3
75	98.8
48	.8141
61	53.6
64	48.5
67	19.2
304	19.1
67	35.1
37	32.3
302	39.4
30	33.6
198	52.0
140	48.6
87	38.0
18	32.2
83	33.1
322	40.7
245	71.4
29	+5.0
19
62	Penn St.	B10	31	16–15
6–14	114.2
60	100.6
77	.8112
62	54.1
55	51.9
235	17.4
194	19.8
50	28.6
222	29.1
143	37.9
45	29.4
85	55.6
36	51.3
195	34.3
150	35.3
272	36.2
254	38.3
157	70.9
47	-3.2
82
63	San Francisco	WCC	33	24–9
13–5	111.0
92	98.2
41	.8042
63	53.1
78	48.6
72	17.0
170	18.2
103	28.9
211	27.9
76	34.6
128	36.2
264	54.6
52	52.1
234	34.0
164	28.0
3	43.8
72	35.1
55	68.6
138	+0.13
52
64	Kansas St.	B12	33	16–17
9–11	109.8
109	97.2
37	.8038
64	50.6
182	49.0
90	17.7
212	18.1
111	29.4
200	31.7
275	27.6
324	28.6
68	51.8
144	49.9
134	32.5
238	31.5
52	40.2
146	35.7
75	67.7
197	-2.5
71
65	Iowa	B10	33	17–16
7–13	119.5
18	106.0
167	.7993
65	56.8
8	54.4
329	13.7
9	17.9
120	25.1
317	32.2
297	26.0
343	28.3
61	56.6
22	56.2
341	38.0
18	34.4
213	41.0
129	38.8
176	70.5
55	-1.9
68
66	Arizona St.	B12	32	13–19
4–16	112.4
74	100.0
65	.7938
66	51.4
140	50.5
156	17.5
202	16.0
258	25.2
315	30.4
217	35.9
93	31.2
131	49.8
227	51.4
201	35.8
70	32.9
116	42.8
85	40.3
236	69.1
113	-3.1
79
67	Pittsburgh	ACC	32	17–15
8–12	114.7
57	102.3
97	.7878
67	52.2
105	51.1
189	14.8
30	18.3
97	29.0
207	29.9
186	34.2
144	32.8
169	52.4
125	50.4
153	34.6
130	34.7
232	41.4
122	41.3
269	67.2
217	-3.8
86
68	Utah	B12	32	16–16
8–12	112.0
82	100.3
69	.7818
68	51.7
124	48.7
78	18.1
242	15.7
277	34.9
38	28.4
102	37.0
61	33.4
192	53.9
71	47.4
49	32.6
231	33.8
175	43.8
72	40.0
225	69.5
93	-2.9
76
69	Rutgers	B10	32	15–17
8–12	115.6
45	103.8
120	.7755
69	50.6
182	52.8
272	15.4
53	17.4
155	30.8
155	32.2
297	36.2
82	30.5
116	51.3
165	52.9
261	32.9
218	35.1
257	36.3
247	37.7
135	69.4
97	-3.0
78
70	George Mason	A10	34	26–8
15–3	105.9
184	95.2
18	.7734
70	51.8
120	45.2
5	19.9
330	19.1
67	32.2
107	29.4
159	42.5
14	31.6
144	51.0
178	44.7
6	35.4
89	30.5
18	36.3
247	46.0
347	65.4
312	-0.40
58
71	North Texas	Amer	31	23–8
14–4	110.1
101	99.0
52	.7725
71	51.9
117	47.2
28	16.8
155	19.5
60	33.0
84	27.9
76	36.2
82	38.3
302	50.8
186	48.1
63	35.9
67	30.4
17	37.2
218	38.3
157	61.0
362	-1.7
65
72	TCU	B12	32	16–16
9–11	106.2
174	95.6
21	.7690
72	46.8
330	50.9
178	17.3
187	19.5
60	33.0
84	29.6
168	33.5
166	28.3
61	47.8
295	53.4
278	30.0
342	31.6
57	34.7
286	42.5
296	67.2
217	-1.7
66
73	UCF	B12	33	17–16
7–13	114.8
56	103.4
111	.7678
73	49.4
251	51.1
189	17.2
181	18.1
111	32.4
101	34.4
348	36.3
78	30.8
122	48.6
274	52.1
234	33.6
185	33.0
122	41.3
125	37.0
113	72.4
12	-2.0
69
74	Stanford	ACC	34	21–13
11–9	113.0
66	102.2
96	.7592
74	50.6
182	50.6
162	15.7
75	17.5
150	31.0
144	28.2
93	29.9
274	35.7
252	50.0
219	51.0
182	34.3
150	33.2
130	41.7
113	33.9
28	66.7
245	-2.7
74
75	Wake Forest	ACC	32	21–11
13–7	107.1
153	97.0
36	.7567
75	49.4
251	47.2
28	16.7
149	19.7
54	26.8
269	31.5
266	36.1
87	31.5
141	52.9
110	48.2
69	28.5
359	30.7
24	35.2
275	45.8
343	67.9
181	+0.6
49
Rk	Team	Conf	G	Rec	AdjOE	AdjDE	Barthag	Efg%	EfgD%	TOR	TORD	ORB	DRB	FTR	FTRD	2P%	2P%D	3P%	3P%D	3PR	3PRD	Adj T.	WAB
76	Dayton	A10	32	22–10
12–6	115.4
49	104.7
137	.7545
76	53.0
81	50.7
168	15.5
59	17.8
125	29.5
197	28.8
126	37.8
46	30.9
124	52.4
125	52.1
234	35.9
67	32.5
96	40.8
135	42.4
293	66.5
261	-1.6
62
77	South Carolina	SEC	32	12–20
2–16	109.5
111	99.4
59	.7521
77	48.9
271	51.5
219	18.4
263	15.6
283	30.4
165	27.3
60	43.3
9	30.4
112	49.8
227	51.1
186	31.6
284	34.8
241	39.0
172	34.6
44	66.1
280	-5.5
118
78	Yale
   13 seed, R64	Ivy	28	21–7
13–1	114.1
61	103.8
122	.7468
78	54.8
40	48.8
79	14.4
19	16.1
250	33.2
79	25.8
22	32.0
203	28.7
71	53.4
90	47.3
45	38.5
9	33.7
168	32.0
336	48.0
359	68.0
178	-2.6
73
79	Butler	BE	33	14–19
6–14	115.3
51	105.0
145	.7460
79	53.0
81	49.4
106	16.4
127	11.5
362	26.4
278	29.3
156	37.3
57	20.4
3	51.7
148	50.9
181	36.6
47	31.3
46	40.9
132	36.8
106	68.1
171	-6.1
123
80	UC Irvine	BW	34	28–6
17–3	105.7
191	96.6
30	.7367
80	51.8
120	46.3
16	18.1
242	17.9
120	28.5
226	26.4
34	36.1
87	21.9
4	51.1
170	43.0
2	35.5
84	34.5
221	35.3
272	37.3
120	69.4
97	+0.12
53
81	LSU	SEC	32	14–18
3–15	108.5
130	99.4
60	.7323
81	51.1
153	48.3
59	18.6
276	16.5
221	29.5
197	34.3
345	32.5
191	29.5
89	55.2
41	48.2
69	30.5
333	32.3
89	43.5
77	35.8
79	68.8
126	-3.9
88
82	Colorado	B12	34	14–20
3–17	108.3
133	99.2
55	.7320
82	50.6
182	49.5
109	21.0
352	16.4
226	28.9
211	28.3
98	36.3
78	34.8
226	51.9
141	48.5
81	32.2
256	34.1
191	37.3
216	39.1
189	68.3
155	-4.4
99
83	Saint Joseph's	A10	35	22–13
11–7	109.4
112	100.6
78	.7243
83	51.6
131	46.9
21	16.4
127	16.2
244	30.3
168	27.9
76	31.7
208	25.9
26	52.8
113	45.3
9	33.5
189	33.4
152	46.5
36	32.9
23	68.8
126	-4.8
108
84	Oregon St.	WCC	31	19–12
10–8	115.5
47	106.6
181	.7149
84	54.6
43	51.1
189	16.6
138	16.6
212	31.8
122	27.6
69	38.9
35	32.3
161	54.5
57	50.4
153	36.5
54	34.7
232	35.9
263	41.2
264	64.5
340	-4.2
96
85	Minnesota	B10	32	15–17
7–13	109.7
110	101.3
84	.7145
85	49.9
228	50.1
135	16.6
138	16.3
239	30.2
172	30.6
223	31.5
219	33.0
176	50.7
190	49.2
109	32.2
256	34.5
221	35.9
263	34.3
37	63.4
357	-3.9
87
86	Grand Canyon
   13 seed, R64	WAC	32	25–7
13–3	107.9
139	99.7
63	.7142
86	51.2
148	47.0
25	18.4
263	20.6
27	32.5
97	28.6
112	43.9
7	32.2
158	53.2
98	46.4
23	31.6
284	32.1
78	33.6
310	34.4
40	72.2
14	-2.5
72
87	Bradley	MVC	34	26–8
15–5	111.4
85	102.9
103	.7139
87	56.5
10	47.6
39	17.1
174	15.8
271	26.3
282	28.2
93	32.9
180	35.5
247	54.3
62	47.0
36	39.6
4	32.3
89	42.0
105	42.6
297	66.5
261	-1.6
63
88	Nevada	MWC	33	17–16
8–12	112.1
78	103.7
118	.7108
88	53.7
60	51.3
204	15.5
59	18.7
86	27.4
253	26.5
37	37.3
57	37.9
297	55.3
39	49.5
118	34.1
159	35.7
289	37.5
210	44.7
335	64.6
336	-6.5
134
89	High Point
   13 seed, R64	BSth	32	27–5
14–2	117.5
28	108.8
229	.7095
89	56.4
12	49.1
91	15.3
48	16.5
221	34.0
58	29.9
186	37.6
52	36.3
269	57.4
15	48.9
96	36.6
47	32.9
116	39.0
172	36.0
87	67.2
217	-1.7
67
90	Arkansas St.	SB	34	24–10
13–5	110.1
100	101.9
88	.7094
90	49.8
234	46.0
10	14.8
30	17.1
178	33.7
65	30.3
212	33.6
161	37.5
292	50.9
184	46.4
23	32.3
251	30.1
13	44.7
59	35.3
62	70.5
55	-4.4
100
91	Florida St.	ACC	32	17–15
8–12	108.2
135	100.2
67	.7070
91	50.7
176	48.5
67	17.4
194	19.1
67	29.7
191	31.8
278	39.4
30	37.5
292	52.3
130	48.9
96	31.7
277	32.0
77	33.7
307	42.1
287	70.4
57	-5.3
115
92	St. Bonaventure	A10	33	21–12
9–9	106.4
172	99.0
53	.6956
92	49.9
228	50.0
130	15.9
87	18.9
77	27.6
245	27.0
49	30.6
255	24.4
14	51.5
154	50.8
175	31.3
298	32.7
109	35.2
275	47.1
354	65.2
320	-4.2
95
93	Oklahoma St.	B12	33	16–17
7–13	107.9
143	100.4
72	.6944
93	48.3
292	53.2
288	18.8
289	20.4
35	31.2
136	29.6
168	41.5
18	35.9
257	47.9
293	54.1
296	32.8
223	34.7
232	34.9
282	43.1
307	72.1
16	-3.4
85
94	Georgetown	BE	32	17–15
8–12	106.7
162	99.4
58	.6939
94	50.4
196	49.4
106	17.1
174	19.6
57	31.6
125	28.9
134	25.8
346	29.3
82	52.1
136	48.5
81	31.8
272	33.8
175	37.4
214	39.6
205	68.9
122	-4.6
103
95	UNLV	MWC	33	18–15
11–9	107.4
147	100.3
71	.6878
95	49.7
240	49.3
99	16.2
108	17.8
125	27.3
256	29.8
181	35.8
97	32.0
153	49.6
241	50.5
158	33.3
199	31.9
70	34.6
290	43.4
314	66.5
261	-5.1
112
96	Washington St.	WCC	33	19–14
8–10	112.8
70	105.4
152	.6843
96	56.7
9	51.3
204	20.4
339	17.3
167	31.3
134	33.4
327	32.4
192	32.6
166	58.0
7	52.0
230	36.5
54	33.5
158	41.5
118	38.8
176	71.4
29	-4.7
104
97	Notre Dame	ACC	33	15–18
8–12	111.1
90	104.0
125	.6818
97	51.7
124	51.4
208	16.5
133	14.9
319	29.6
194	26.0
27	31.8
205	30.0
100	50.8
186	53.6
286	35.5
84	32.1
78	37.5
210	40.5
240	65.4
312	-7.1
143
98	Lipscomb
   14 seed, R64	ASun	32	23–9
14–4	110.0
106	103.1
105	.6770
98	55.9
23	48.6
72	14.4
19	15.9
270	24.0
330	26.5
37	31.4
223	22.3
8	56.7
20	49.9
134	36.7
43	31.0
36	47.4
25	37.2
119	66.9
235	-4.1
93
99	Akron
   13 seed, R64	MAC	32	26–6
17–1	113.4
64	106.3
177	.6764
99	55.4
30	49.5
109	16.6
138	17.2
174	33.3
76	29.0
137	26.8
332	33.7
201	55.8
34	50.6
164	36.6
47	31.9
70	45.4
51	38.0
147	71.9
19	-1.6
64
100	Troy
   14 seed, R64	SB	31	21–10
13–5	106.6
164	100.5
73	.6644
100	50.1
214	47.2
28	19.9
330	19.8
50	38.6
6	32.0
287	37.8
46	29.3
82	53.9
71	46.2
19	30.3
339	32.6
102	44.8
58	38.1
152	66.9
235	-4.1
94
Rk	Team	Conf	G	Rec	AdjOE	AdjDE	Barthag	Efg%	EfgD%	TOR	TORD	ORB	DRB	FTR	FTRD	2P%	2P%D	3P%	3P%D	3PR	3PRD	Adj T.	WAB
101	Virginia	ACC	32	15–17
8–12	110.1
103	103.8
123	.6612
101	52.7
89	50.8
174	16.4
127	15.7
277	22.4
349	29.7
176	26.4
337	28.8
72	49.9
222	50.6
164	37.5
23	34.1
191	42.8
85	38.7
175	61.7
361	-5.7
120
102	UAB	Amer	34	22–12
13–5	116.0
42	109.5
247	.6604
102	50.4
196	51.2
196	14.1
16	15.3
301	38.9
5	30.6
223	31.5
219	28.8
72	50.1
216	50.4
153	34.0
164	35.0
250	29.1
354	34.6
44	69.8
74	-6.1
124
103	Providence	BE	32	12–20
6–14	110.6
96	104.6
133	.6538
103	52.1
110	49.5
109	19.0
295	13.8
344	33.2
79	28.7
116	29.6
285	32.8
169	51.1
170	49.0
100	35.6
79	33.5
158	45.5
49	37.0
113	66.9
235	-8.5
170
104	Georgia Tech	ACC	34	17–17
10–10	106.4
170	100.9
80	.6480
104	50.2
207	49.3
99	17.4
194	15.8
271	30.3
168	28.6
112	30.7
251	28.1
55	49.5
246	46.9
32	34.3
150	35.1
257	36.8
236	40.8
249	69.5
93	-5.2
114
105	Northern Iowa	MVC	32	19–13
14–6	109.1
117	103.6
115	.6459
105	55.2
33	51.4
208	15.9
87	17.4
155	24.9
321	25.3
15	35.1
113	28.2
58	55.2
41	50.0
138	36.8
39	35.6
286	36.3
247	40.8
249	65.9
289	-6.2
128
106	Washington	B10	30	12–18
4–16	108.9
122	103.5
113	.6409
106	50.6
182	53.0
277	17.5
202	16.7
199	27.5
250	28.5
107	34.5
133	36.2
264	50.1
216	53.3
271	34.4
145	35.1
257	35.7
268	35.4
67	68.4
151	-4.9
109
107	St. Thomas	Sum	31	21–10
12–4	114.3
59	108.7
226	.6401
107	57.8
4	52.5
259	13.7
9	18.5
94	21.5
354	31.2
250	34.0
148	35.9
257	58.1
6	52.1
234	38.3
12	35.4
276	46.8
33	41.3
269	68.6
138	-5.2
113
108	Loyola Chicago	A10	33	22–11
12–6	107.3
149	102.0
92	.6401
108	52.7
89	48.8
79	17.8
220	17.7
134	29.9
186	27.4
62	31.4
223	33.5
195	53.4
90	47.8
55	34.5
137	33.5
158	42.2
100	40.0
225	67.6
205	-4.7
106
109	North Dakota St.	Sum	29	18–11
10–6	116.3
39	110.7
263	.6396
109	58.2
3	51.4
208	15.6
66	11.1
363	26.2
285	29.0
137	32.6
189	27.1
41	56.5
25	51.3
195	39.8
1	34.3
210	53.6
2	39.1
189	65.8
294	-6.4
130
110	N.C. State	ACC	31	12–19
5–15	107.9
142	102.7
100	.6374
110	48.3
292	51.0
184	14.4
19	18.6
91	28.8
215	32.5
308	32.3
194	32.2
158	48.3
284	50.8
175	32.2
256	34.3
210	36.2
254	32.6
16	65.9
289	-8.9
181
111	DePaul	BE	33	14–19
4–16	109.4
113	104.2
128	.6366
111	52.7
89	51.4
208	17.9
225	15.5
287	27.2
257	28.7
116	27.4
327	28.9
75	53.3
93	51.3
195	34.6
130	34.4
213	46.4
38	35.5
70	67.8
192	-7.4
149
112	New Mexico St.	CUSA	29	14–15
10–8	104.9
207	100.1
66	.6322
112	46.2
337	46.9
21	15.6
66	15.0
315	32.5
97	27.7
71	34.5
133	39.2
315	46.1
331	48.8
91	30.9
325	29.5
6	37.0
228	42.8
302	65.5
307	-8.4
168
113	UNC Wilmington
   14 seed, R64	CAA	32	25–7
14–4	111.8
84	107.0
190	.6252
113	52.2
105	50.9
178	16.0
96	17.4
155	35.4
28	28.1
90	37.8
46	30.3
110	53.8
79	50.4
153	33.0
212	34.4
213	36.2
254	42.6
297	65.9
289	-3.2
81
114	Middle Tennessee	CUSA	32	20–12
12–6	108.7
125	104.1
127	.6231
114	50.9
167	48.9
86	16.6
138	16.0
258	30.7
157	28.7
116	32.4
192	31.2
131	53.3
93	49.8
128	31.5
290	31.5
52	39.6
164	35.7
75	69.0
115	-4.1
91
115	Florida Atlantic	Amer	33	17–16
10–8	112.2
77	107.5
201	.6205
115	53.4
71	50.1
135	16.3
120	16.0
258	30.7
157	31.5
266	33.3
170	33.3
189	53.9
71	47.0
36	35.1
104	37.1
340	40.3
144	35.8
79	69.7
82	-7.8
155
116	Kent St.	MAC	32	21–11
11–7	104.7
211	100.5
74	.6164
116	49.0
268	48.1
55	17.5
202	18.7
86	35.6
22	27.8
74	29.9
274	38.6
309	50.5
203	49.0
100	31.0
319	31.3
46	37.6
203	41.8
282	66.7
245	-5.7
119
117	Syracuse	ACC	33	14–19
7–13	110.0
105	105.6
158	.6157
117	51.0
163	52.9
275	17.9
225	14.0
340	31.4
131	26.1
29	33.1
172	33.0
176	51.9
141	53.6
286	32.8
223	34.5
221	32.7
329	38.1
152	68.9
122	-7.8
156
118	George Washington	A10	32	20–12
9–9	107.1
152	103.1
104	.6093
118	50.6
182	48.4
64	18.2
250	19.4
63	32.1
112	32.7
316	40.8
24	26.7
35	53.2
98	49.0
100	31.3
298	31.6
57	41.9
108	38.9
181	67.6
205	-6.6
136
119	Utah Valley	WAC	32	23–9
15–1	106.0
180	102.0
91	.6093
119	50.6
182	47.6
39	17.3
187	16.9
189	30.9
152	26.6
41	42.0
16	31.5
141	51.5
154	45.9
13	32.5
238	34.0
189	31.2
341	33.5
26	68.8
126	-3.1
80
120	Northern Colorado	BSky	32	22–10
15–3	111.9
83	107.6
207	.6085
120	57.0
7	52.3
248	15.9
87	15.4
296	25.8
301	22.4
2	33.0
177	35.2
235	57.9
9	51.9
223	37.0
33	35.4
276	37.5
210	34.3
37	69.4
97	-4.1
92
121	South Dakota St.	Sum	29	17–12
11–5	110.1
102	106.0
168	.6079
121	53.6
64	50.9
178	17.6
207	12.7
359	33.6
70	21.4
1	31.2
231	29.9
96	54.5
57	52.3
243	34.8
122	32.9
116	40.0
154	47.8
358	69.8
74	-6.1
125
122	Illinois St.	MVC	32	18–14
10–10	112.8
69	108.7
227	.6042
122	56.0
20	53.8
311	15.8
82	16.7
199	24.6
324	24.9
9	30.7
251	31.4
137	56.6
22	53.5
282	36.9
37	36.1
313	47.5
24	43.3
313	66.3
272	-7.7
154
123	California	ACC	33	14–19
6–14	110.2
99	106.4
178	.6000
123	47.8
307	53.0
277	16.6
138	16.3
239	34.7
39	28.8
126	38.9
35	32.8
169	48.2
286	51.3
195	31.5
290	37.6
349	37.8
196	32.8
19	68.2
164	-8.2
165
124	Saint Louis	A10	32	17–15
11–7	108.6
127	104.9
142	.5995
124	56.3
14	49.2
94	18.6
276	14.3
336	23.4
339	28.0
84	30.0
271	24.0
12	59.9
3	48.3
74	35.1
104	33.7
168	50.1
6	39.7
207	68.1
171	-6.5
135
125	South Alabama	SB	30	19–11
13–5	106.4
173	102.9
102	.5946
125	50.8
173	48.5
67	14.6
25	20.6
27	28.3
228	32.2
297	33.6
161	24.4
14	53.6
85	46.9
32	31.7
277	33.1
126	45.6
46	59.3
364	63.8
354	-6.2
127
Rk	Team	Conf	G	Rec	AdjOE	AdjDE	Barthag	Efg%	EfgD%	TOR	TORD	ORB	DRB	FTR	FTRD	2P%	2P%D	3P%	3P%D	3PR	3PRD	Adj T.	WAB
126	North Alabama	ASun	33	22–11
14–4	110.4
97	106.8
184	.5942
126	51.3
142	50.4
150	12.8
2	16.6
212	33.4
73	28.8
126	31.0
240	28.2
58	51.0
178	51.6
209	34.6
130	32.5
96	34.5
295	43.4
314	67.4
211	-5.8
122
127	Cornell	Ivy	27	16–11
9–5	114.5
58	110.9
267	.5919
127	58.7
1	52.2
243	16.8
155	15.3
301	25.5
309	28.9
134	28.6
311	31.3
134	61.1
1	52.3
243	37.4
24	34.7
232	48.6
13	39.1
189	71.4
29	-7.1
144
128	Jacksonville St.	CUSA	32	20–12
12–6	108.9
123	105.5
154	.5889
128	50.0
223	49.3
99	15.9
87	13.3
352	30.9
152	26.3
32	31.6
211	27.6
46	49.2
260	47.3
45	34.3
150	34.6
229	36.9
230	43.0
304	65.5
307	-5.5
117
129	Belmont	MVC	32	21–11
13–7	112.1
79	108.8
231	.5846
129	54.8
40	53.7
306	15.9
87	17.6
140	27.2
257	29.4
159	26.1
341	27.0
39	52.9
110	54.6
315	38.1
16	35.1
257	44.6
60	43.4
314	71.3
32	-5.0
111
130	Kennesaw St.	CUSA	30	16–14
10–8	106.6
165	103.8
121	.5756
130	49.3
258	48.3
59	19.7
324	15.1
311	32.5
97	27.4
62	38.8
37	42.6
348	52.2
133	48.1
63	30.6
330	32.5
96	45.5
49	38.4
162	70.8
50	-7.2
145
131	Duquesne	A10	31	12–19
8–10	105.8
187	103.1
106	.5742
131	50.0
223	50.2
142	18.3
255	20.0
43	32.9
89	30.7
226	30.0
271	39.5
322	49.2
260	48.1
63	34.0
164	35.9
304	43.2
80	35.9
82	65.8
294	-13.0
257
132	Samford	SC	31	20–11
12–6	111.2
87	108.5
221	.5719
132	54.6
43	53.4
297	18.6
276	21.6
17	34.7
39	33.5
328	29.4
290	42.6
348	53.9
71	54.1
296	36.9
37	35.0
250	47.1
30	44.0
321	71.6
22	-4.8
107
133	Davidson	A10	32	16–16
6–12	109.9
108	107.2
195	.5692
133	52.4
98	52.3
248	14.6
25	15.4
296	24.4
327	26.9
45	29.2
293	28.1
55	53.3
93	51.9
223	34.1
159	35.3
272	42.1
104	39.9
219	66.4
270	-9.2
185
134	UTEP	CUSA	30	15–15
7–11	106.2
176	103.7
117	.5682
134	49.3
258	52.4
254	16.6
138	22.0
11	25.4
311	32.4
304	37.0
61	40.0
332	47.7
299	54.0
295	34.6
130	33.4
152	36.2
254	41.2
264	69.2
108	-8.4
169
135	Louisiana Tech	CUSA	29	17–12
9–9	107.9
140	105.4
151	.5676
135	52.5
96	47.8
46	18.9
294	14.7
326	29.3
201	28.7
116	35.0
118	32.0
153	53.5
88	48.8
91	34.1
159	30.8
27	41.4
122	38.9
181	65.1
324	-6.4
132
136	Chattanooga	SC	32	23–9
15–3	113.5
63	111.1
270	.5631
136	56.5
10	51.4
208	15.3
48	16.3
239	25.5
309	29.9
186	31.7
208	33.8
204	57.8
10	50.5
158	36.6
47	35.0
250	45.1
56	41.0
259	67.3
216	-4.0
89
137	Texas A&M Corpus Chris	Slnd	30	16–14
12–8	107.1
155	105.0
144	.5561
137	52.8
85	49.9
125	17.8
220	18.3
97	31.9
120	30.7
226	36.7
67	40.4
336	53.0
108	48.4
80	34.7
124	35.0
250	29.2
353	36.7
104	68.2
164	-8.0
160
138	Nebraska Omaha
   15 seed, R64	Sum	32	20–12
13–3	111.1
88	109.0
236	.5553
138	53.5
68	53.1
283	15.7
75	14.9
319	29.2
204	25.4
18	36.4
72	37.7
296	52.5
122	53.5
282	36.7
43	35.1
257	38.6
176	44.5
333	68.5
145	-6.4
131
139	Tulane	Amer	31	17–14
12–6	107.7
144	105.7
162	.5533
139	52.1
110	48.4
64	15.9
87	17.4
155	27.2
257	32.4
304	35.1
113	32.8
169	52.9
110	48.3
74	33.9
175	32.3
89	39.4
168	43.1
307	67.4
211	-8.6
172
140	Wichita St.	Amer	33	18–15
8–10	106.5
168	104.5
132	.5531
140	48.6
283	50.0
130	16.3
120	15.5
287	32.0
116	28.8
126	34.9
122	28.6
68	49.9
222	49.7
123	30.2
341	33.6
164	28.4
356	38.0
147	69.4
97	-7.3
148
141	Cal St. Northridge	BW	31	20–11
14–6	106.7
160	104.8
139	.5523
141	51.7
124	50.1
135	18.8
289	20.2
37	35.2
34	24.3
7	35.6
103	44.8
357	51.6
152	46.7
27	34.7
124	35.7
289	30.7
342	50.8
362	72.9
9	-5.0
110
142	Furman	SC	32	22–10
11–7	109.4
115	107.5
202	.5498
142	53.7
60	49.6
115	17.0
170	16.4
226	30.1
174	31.0
241	34.6
128	28.9
75	53.5
88	49.5
118	35.9
67	33.1
126	51.5
3	38.5
167	66.5
261	-4.3
97
143	Seattle	WAC	30	12–18
8–8	103.8
222	102.1
94	.5457
143	46.5
334	51.2
196	17.0
170	20.9
24	29.9
186	27.0
49	42.3
15	36.7
277	46.3
325	53.3
271	31.3
298	31.9
70	36.3
247	38.6
171	66.7
245	-12.1
242
144	Montana
   14 seed, R64	BSky	31	22–9
15–3	110.8
93	109.2
241	.5415
144	56.4
12	52.2
243	16.2
108	15.5
287	22.6
345	29.0
137	36.2
82	31.9
150	57.3
16	53.1
268	36.5
54	33.7
168	36.8
236	35.0
54	67.8
192	-3.0
77
145	Wofford
   15 seed, R64	SC	32	17–15
10–8	111.1
89	109.6
249	.5391
145	53.3
74	51.8
231	16.9
160	14.9
319	35.5
26	26.2
31	31.1
234	36.2
264	54.6
52	51.8
216	34.5
137	34.5
221	47.7
22	45.8
343	64.7
334	-9.6
193
146	Miami OH	MAC	32	23–9
14–4	108.1
136	106.7
183	.5370
146	55.4
30	51.3
204	17.4
194	19.1
67	27.5
250	29.0
137	28.1
318	33.3
189	53.9
71	51.9
223	38.2
15	33.6
164	44.0
68	39.9
219	69.6
87	-4.3
98
147	Virginia Tech	ACC	32	13–19
8–12	106.6
166	105.3
149	.5342
147	51.2
148	52.3
248	20.1
335	16.2
244	31.0
144	29.2
148	30.8
250	31.8
148	50.3
206	54.6
315	35.0
109	32.6
102	40.4
142	41.2
264	65.8
294	-9.3
189
148	Loyola Marymount	WCC	31	16–15
8–10	103.9
219	102.8
101	.5307
148	50.2
207	48.5
67	15.2
44	15.7
277	22.8
341	30.9
236	29.0
296	28.9
75	50.6
197	49.0
100	33.1
207	31.8
64	40.4
142	36.6
103	67.8
192	-6.9
138
149	Milwaukee	Horz	30	19–11
14–6	106.4
171	105.7
161	.5208
149	51.4
140	51.5
219	19.4
311	18.3
97	39.8
3	26.6
41	38.0
44	32.4
162	53.1
103	52.2
240	31.9
269	33.6
164	31.5
339	38.6
171	69.4
97	-6.7
137
150	Western Kentucky	CUSA	30	15–15
8–10	103.1
229	102.5
98	.5182
150	47.9
303	47.4
34	15.5
59	17.0
184	23.5
338	28.1
90	32.1
200	40.6
339	48.0
290	48.7
89	31.7
277	30.5
18	39.7
162	44.1
325	72.5
11	-8.2
166
Rk	Team	Conf	G	Rec	AdjOE	AdjDE	Barthag	Efg%	EfgD%	TOR	TORD	ORB	DRB	FTR	FTRD	2P%	2P%D	3P%	3P%D	3PR	3PRD	Adj T.	WAB
151	Murray St.	MVC	32	15–17
9–11	105.5
194	104.8
140	.5175
151	49.3
258	51.2
196	16.9
160	17.3
167	29.1
206	26.4
34	41.2
22	35.5
247	48.6
274	52.6
250	33.6
185	32.1
78	40.1
151	32.1
13	65.4
312	-10.1
203
152	James Madison	SB	30	18–12
13–5	110.0
104	109.4
244	.5167
152	50.7
176	50.9
178	15.8
82	15.6
283	32.0
116	30.5
219	30.4
260	33.4
192	50.0
219	49.6
121	34.3
150	35.5
281	45.2
54	35.1
55	65.7
300	-7.3
147
153	Appalachian St.	SB	29	15–14
10–8	101.1
270	100.6
76	.5158
153	49.6
247	46.1
12	16.9
160	14.8
323	27.6
245	29.6
168	35.1
113	22.2
6	48.7
273	47.0
36	34.0
164	29.8
10	41.1
127	40.1
229	63.9
351	-9.3
191
154	UC Santa Barbara	BW	32	19–13
11–9	108.0
137	107.6
204	.5129
154	54.6
43	48.9
86	18.2
250	17.2
174	27.5
250	29.2
148	29.7
280	32.0
153	52.4
125	50.5
158	38.1
16	30.8
27	47.4
25	36.9
108	66.0
285	-8.1
163
155	Bryant
   15 seed, R64	AE	32	21–11
14–2	106.0
182	105.5
155	.5121
155	51.0
163	47.7
43	16.5
133	16.4
226	34.2
54	28.8
126	30.4
260	30.0
100	51.5
154	47.3
45	33.4
195	32.2
83	34.8
283	36.0
87	73.1
7	-7.0
142
156	Nicholls St.	Slnd	30	17–13
13–7	106.1
179	105.6
160	.5118
156	48.1
299	48.1
55	15.3
48	16.7
199	30.6
159	31.5
266	33.1
172	35.9
257	45.6
338	49.9
134	35.0
109	30.1
13	36.8
236	37.6
132	68.8
126	-7.0
140
157	Charleston	CAA	32	23–9
13–5	105.2
199	104.8
138	.5117
157	52.4
98	50.1
135	16.2
108	16.4
226	26.5
273	28.3
98	34.6
128	26.5
32	51.8
144	51.4
201	35.5
84	32.1
78	40.0
154	39.7
207	71.0
42	-4.5
101
158	Rhode Island	A10	30	17–13
7–11	107.2
150	106.8
185	.5105
158	52.8
85	49.3
99	17.9
225	16.0
258	28.3
228	28.6
112	41.1
23	30.8
122	53.3
93	50.6
164	34.6
130	31.5
52	37.7
200	39.7
207	71.1
39	-7.9
157
159	Temple	Amer	31	16–15
9–9	109.9
107	109.6
250	.5078
159	49.9
228	50.6
162	15.7
75	15.1
311	32.0
116	31.2
250	45.2
5	36.4
271	48.2
286	51.0
182	35.8
70	33.3
141	31.3
340	36.4
96	69.5
93	-9.5
192
160	Purdue Fort Wayne	Horz	30	17–13
12–8	109.1
119	108.8
232	.5076
160	54.7
42	53.3
293	13.8
12	20.1
41	22.0
352	32.8
318	29.1
294	30.0
100	54.0
69	56.2
341	37.1
31	32.6
102	45.6
46	40.0
225	70.3
60	-8.2
164
161	San Jose St.	MWC	33	13–20
7–13	107.2
151	106.9
189	.5073
161	50.3
200	52.0
238	17.2
181	16.7
199	26.8
269	32.1
294	31.8
205	28.4
64	48.6
274	54.2
300	35.3
94	31.9
70	40.8
135	35.5
70	67.0
228	-10.3
206
162	Robert Morris
   15 seed, R64	Horz	33	25–8
15–5	105.0
206	104.8
141	.5042
162	51.3
142	50.3
145	18.5
271	18.8
81	35.3
30	28.3
98	38.4
41	30.0
100	50.7
190	49.8
128	34.9
118	34.2
202	36.8
236	35.6
72	68.7
134	-4.0
90
163	Lamar	Slnd	30	17–13
14–6	102.2
246	102.1
93	.5021
163	47.2
321	47.6
39	19.0
295	17.7
134	35.5
26	31.8
278	29.0
296	34.8
226	44.3
353	47.9
59	35.6
79	31.4
50	32.8
328	39.1
189	66.0
285	-6.9
139
164	Cal Baptist	WAC	32	17–15
9–7	105.8
188	105.7
163	.5009
164	48.3
292	50.1
135	17.7
212	18.1
111	33.3
76	29.6
168	29.7
280	33.4
192	48.6
274	50.3
148	31.7
277	33.2
130	35.0
279	31.3
6	66.5
261	-9.7
194
165	Radford	BSth	31	18–13
9–7	109.4
114	109.4
246	.4990
165	51.1
153	51.0
184	17.7
212	16.5
221	33.8
62	30.0
194	41.3
21	37.0
282	49.9
222	49.3
113	35.6
79	35.8
298	36.3
247	40.1
229	63.7
355	-7.2
146
166	Sam Houston St.	CUSA	29	10–19
6–12	110.7
95	110.9
268	.4941
166	51.0
163	53.1
283	18.3
255	17.2
174	30.3
168	32.2
297	36.3
78	33.2
185	46.9
316	52.3
243	38.3
12	36.2
320	38.6
176	41.2
264	68.5
145	-11.7
233
167	UNC Greensboro	SC	29	17–12
13–5	105.3
195	106.0
169	.4829
167	50.7
176	47.8
46	15.3
48	16.4
226	31.1
142	30.1
203	29.8
276	34.0
209	48.0
290	48.7
89	36.2
61	31.0
36	42.4
92	43.1
307	64.4
345	-7.5
151
168	UC Riverside	BW	32	19–13
14–6	108.7
124	109.4
243	.4825
168	49.4
251	52.2
243	16.0
96	15.6
283	32.1
112	28.8
126	28.0
319	33.1
182	48.8
270	51.7
214	33.5
189	35.3
272	42.3
93	39.0
188	67.7
197	-4.7
105
169	Illinois Chicago	MVC	29	15–14
10–10	106.9
157	107.7
208	.4795
169	51.1
153	51.6
222	17.5
202	15.8
271	30.0
179	27.9
76	35.1
113	31.6
144	51.1
170	51.6
209	34.0
164	34.4
213	39.4
168	35.3
62	69.8
74	-8.0
159
170	East Tennessee St.	SC	30	17–13
12–6	105.1
203	105.9
164	.4791
170	50.3
200	50.3
145	16.1
103	18.9
77	35.7
20	29.8
181	33.2
171	34.3
215	48.9
268	49.5
118	34.7
124	34.2
202	41.7
113	41.1
262	65.8
294	-9.1
183
171	Cleveland St.	Horz	30	18–12
14–6	102.6
237	103.5
114	.4747
171	49.3
258	50.6
162	18.3
255	22.3
8	34.5
47	34.1
341	31.0
240	38.1
300	49.6
241	49.8
128	32.5
238	34.5
221	32.7
329	40.4
238	66.2
277	-7.4
150
172	Marshall	SB	31	18–13
12–6	105.2
200	106.2
174	.4721
172	49.9
228	49.3
99	16.5
133	16.8
193	33.0
84	29.6
168	34.8
124	40.9
341	51.0
178	49.7
123	32.3
251	32.2
83	39.6
164	32.8
19	69.4
97	-8.6
171
173	Ohio	MAC	31	15–16
10–8	106.7
161	107.8
210	.4710
173	53.4
71	52.3
248	14.9
35	17.8
125	23.9
333	29.0
137	33.5
166	36.4
271	53.9
71	50.4
153	35.0
109	37.6
349	40.1
151	32.6
16	71.0
42	-11.6
232
174	Florida Gulf Coast	ASun	31	17–14
13–5	106.8
159	108.0
211	.4702
174	53.9
56	50.5
156	16.2
108	14.3
336	30.0
179	26.5
37	23.1
360	29.5
89	54.1
66	48.9
96	35.7
75	35.1
257	38.4
182	44.0
321	65.9
289	-9.3
190
175	Towson	CAA	32	21–11
16–2	105.2
201	106.5
180	.4634
175	47.9
303	50.8
174	14.5
23	17.3
167	35.3
30	28.0
84	28.4
313	30.7
120	46.7
321	50.7
172	33.4
195	34.1
191	37.2
218	38.8
176	64.3
346	-5.8
121
Rk	Team	Conf	G	Rec	AdjOE	AdjDE	Barthag	Efg%	EfgD%	TOR	TORD	ORB	DRB	FTR	FTRD	2P%	2P%D	3P%	3P%D	3PR	3PRD	Adj T.	WAB
176	Southern Illinois	MVC	31	12–19
8–12	105.9
186	107.4
198	.4584
176	51.6
131	52.6
265	18.3
255	15.2
306	30.3
168	28.0
84	34.2
144	33.7
201	51.0
178	51.5
204	35.1
104	36.1
313	33.6
310	39.8
214	68.6
138	-12.5
246
177	Boston College	ACC	31	12–19
4–16	105.3
197	106.8
186	.4576
177	48.9
271	51.9
235	17.3
187	15.5
287	28.8
215	30.0
194	31.5
219	37.1
284	47.5
304	51.3
195	34.5
137	35.2
266	33.0
324	35.9
82	67.4
211	-10.0
200
178	Miami FL	ACC	31	7–24
3–17	113.2
65	114.9
330	.4573
178	51.9
117	57.4
362	16.0
96	15.0
315	28.2
231	30.8
231	26.4
337	28.8
72	55.1
44	55.9
336	31.3
298	39.7
364	38.5
179	39.9
219	68.2
164	-13.5
272
179	Winthrop	BSth	31	20–11
11–5	106.9
158	108.6
223	.4539
179	53.3
74	51.4
208	17.7
212	18.7
86	31.2
136	31.5
266	47.7
1	37.1
284	55.0
47	50.6
164	33.8
178	35.2
266	38.3
187	37.9
141	73.4
5	-6.2
126
180	Rice	Amer	31	13–18
4–14	105.7
190	107.5
200	.4516
180	48.6
283	47.8
46	17.8
220	14.0
340	33.7
65	29.6
168	43.3
9	35.9
257	47.8
295	47.5
51	33.2
205	32.1
78	38.8
175	36.9
108	66.1
280	-13.0
259
181	Oakland	Horz	33	15–18
11–9	106.2
175	108.0
212	.4515
181	50.1
214	51.4
208	18.0
233	16.2
244	34.1
55	32.6
314	31.7
208	27.8
51	53.2
98	49.7
123	30.6
330	35.9
304	42.3
93	41.0
259	64.3
346	-10.8
213
182	Montana St.	BSky	32	14–18
9–9	104.8
209	106.7
182	.4497
182	52.8
85	48.8
79	15.1
39	15.3
301	20.7
357	29.4
159	31.9
204	31.9
150	53.8
79	50.6
164	34.3
150	29.8
10	43.0
82	32.0
12	66.7
245	-11.9
238
183	Wyoming	MWC	31	11–20
5–15	103.2
228	105.0
146	.4493
183	50.3
200	51.0
184	19.9
330	15.8
271	30.0
179	27.2
55	30.4
260	41.1
343	49.5
246	51.7
214	34.4
145	33.3
141	40.7
138	37.3
120	65.3
316	-10.9
215
184	Eastern Kentucky	ASun	30	16–14
12–6	109.0
120	111.2
272	.4445
184	49.7
240	52.6
265	13.8
12	17.8
125	32.4
101	33.2
323	26.0
343	31.8
148	47.7
299	52.1
234	34.9
118	35.5
281	42.2
100	37.3
120	68.3
155	-8.8
178
185	East Carolina	Amer	31	17–14
10–8	106.1
178	108.2
216	.4426
185	48.4
288	51.7
226	15.6
66	17.4
155	33.8
62	31.2
250	35.2
112	31.6
144	49.3
255	48.5
81	31.2
307	38.4
358	35.2
275	35.3
62	67.2
217	-8.9
180
186	Norfolk St.
   16 seed, R64	MEAC	31	21–10
11–3	106.6
163	108.8
230	.4424
186	52.4
98	49.7
118	18.3
255	18.6
91	32.8
90	33.8
335	39.0
34	34.9
228	54.5
57	48.9
96	31.3
298	33.9
186	27.7
360	42.7
299	67.1
225	-5.3
116
187	Drexel	CAA	32	17–15
9–9	103.3
225	105.5
153	.4405
187	52.2
105	47.8
46	18.6
276	14.4
332	33.0
84	30.1
203	24.2
356	28.2
58	51.9
141	48.1
63	35.0
109	31.6
57	37.1
223	35.4
67	63.7
355	-11.6
231
188	Northeastern	CAA	32	17–15
9–9	103.9
218	106.3
176	.4357
188	51.1
153	50.3
145	18.6
276	18.2
103	31.4
131	31.4
262	28.0
319	30.3
110	51.3
165	49.2
109	33.7
182	34.9
245	34.8
283	34.7
47	68.2
164	-11.0
219
189	UTSA	Amer	29	10–19
6–12	107.0
156	109.5
248	.4341
189	49.7
240	53.3
293	15.7
75	20.6
27	27.0
263	35.5
355	29.0
296	43.9
355	46.1
331	53.2
270	36.1
63	35.7
289	44.1
67	37.9
141	70.4
57	-12.6
252
190	Merrimack	MAAC	33	18–15
14–6	98.8
312	101.3
83	.4296
190	49.4
251	46.9
21	13.8
12	23.2
4	20.8
356	38.6
362	24.4
353	29.9
96	49.3
255	47.2
42	33.0
212	31.0
36	42.9
84	36.3
94	65.2
320	-9.8
197
191	Jacksonville	ASun	30	17–13
12–6	100.9
277	103.4
110	.4290
191	50.1
214	50.7
168	19.3
309	18.7
86	35.3
30	30.5
219	28.2
314	34.5
218	47.3
309	50.0
138	37.0
33	34.6
229	33.9
303	38.2
154	68.1
171	-7.6
152
192	Central Connecticut	NEC	30	23–7
14–2	99.2
306	101.7
87	.4266
192	52.2
105	47.7
43	17.2
181	18.1
111	26.5
273	25.3
15	25.9
345	18.9
2	53.7
84	49.0
100	32.9
218	30.6
22	34.8
283	42.0
286	66.3
272	-4.6
102
193	Portland St.	BSky	29	16–13
11–7	101.1
273	103.8
119	.4240
193	50.5
193	50.0
130	18.4
263	19.6
57	33.4
73	30.4
217	34.3
142	34.9
228	51.7
148	51.6
209	32.0
264	31.7
61	31.7
337	39.1
189	68.9
122	-9.3
188
194	Princeton	Ivy	28	17–11
8–6	104.2
214	107.1
193	.4236
194	51.5
135	53.4
297	15.2
44	17.3
167	26.2
285	24.2
6	24.6
352	31.7
147	50.1
216	53.5
282	35.3
94	35.5
281	48.7
12	40.8
249	67.4
211	-6.2
129
195	South Carolina St.	MEAC	30	17–13
11–3	101.9
250	104.7
135	.4236
195	50.8
173	50.1
135	19.9
330	22.8
5	35.7
20	32.7
316	42.9
12	47.0
361	50.2
212	51.8
216	34.7
124	31.1
40	33.0
324	34.1
30	69.9
70	-9.2
184
196	Cal Poly	BW	34	15–19
8–12	108.3
134	111.3
276	.4222
196	55.2
33	53.2
288	20.7
343	19.1
67	27.6
245	33.2
323	26.8
332	32.4
162	56.0
32	54.3
304	36.3
60	34.4
213	51.1
5	39.9
219	75.2
2	-11.8
236
197	Dartmouth	Ivy	26	12–14
8–6	100.4
287	103.2
108	.4217
197	50.3
200	49.1
91	16.2
108	13.8
344	22.8
341	24.9
9	30.3
266	23.2
10	49.8
227	52.1
234	33.9
175	29.6
7	46.5
36	38.5
167	71.5
24	-10.6
209
198	Southeastern Louisiana	Slnd	30	16–14
12–8	103.8
220	106.9
188	.4173
198	49.2
263	51.4
208	17.4
194	18.8
81	30.9
152	29.4
159	34.7
125	36.5
273	49.5
246	51.9
223	32.4
247	33.7
168	31.6
338	42.2
288	67.6
205	-9.1
182
199	Wright St.	Horz	31	13–18
8–12	109.0
121	112.2
296	.4173
199	56.3
14	53.2
288	17.8
220	14.2
338	28.0
237	27.9
76	27.0
330	34.5
218	55.3
39	52.2
240	38.6
7	36.7
330	37.8
196	36.0
87	68.1
171	-13.4
268
200	Pepperdine	WCC	34	12–22
4–14	106.0
181	109.2
238	.4166
200	49.6
247	52.5
259	16.1
103	15.3
301	27.7
241	30.0
194	31.6
211	27.2
44	48.9
268	53.3
271	34.0
164	34.2
202	34.7
286	38.9
181	69.8
74	-12.4
244
Rk	Team	Conf	G	Rec	AdjOE	AdjDE	Barthag	Efg%	EfgD%	TOR	TORD	ORB	DRB	FTR	FTRD	2P%	2P%D	3P%	3P%D	3PR	3PRD	Adj T.	WAB
201	Texas St.	SB	30	14–16
9–9	108.4
131	111.8
288	.4122
201	50.7
176	49.9
125	18.1
242	16.1
250	35.2
34	31.5
266	36.0
89	41.6
345	49.3
255	47.4
49	36.4
58	36.1
313	27.8
359	36.4
96	66.7
245	-11.4
225
202	Brown	Ivy	26	13–13
6–8	102.7
236	106.0
171	.4107
202	51.1
153	49.3
99	17.1
174	15.7
277	30.1
174	30.7
226	28.0
319	29.1
80	52.1
136	49.2
109	33.1
207	32.9
116	40.5
141	37.4
124	66.5
261	-8.6
174
203	Indiana St.	MVC	30	12–18
8–12	108.6
129	112.1
294	.4098
203	54.6
43	54.3
324	19.5
313	15.8
271	26.2
285	27.0
49	35.9
93	38.8
311	56.6
22	54.5
308	35.0
109	35.9
304	50.1
6	38.0
147	73.0
8	-12.0
241
204	UT Rio Grande Valley	Slnd	27	12–15
8–12	105.7
189	109.1
237	.4087
204	51.7
124	51.4
208	19.2
304	17.6
140	30.8
155	33.9
337	22.7
361	29.9
96	55.4
38	52.0
230	31.8
272	33.4
152	49.0
10	35.1
55	71.2
35	-9.7
196
205	South Florida	Amer	31	12–19
6–12	102.8
234	106.3
175	.4068
205	49.7
240	49.7
118	16.2
108	18.3
97	27.7
241	33.2
323	34.9
122	36.7
277	51.1
170	49.6
121	31.6
284	33.3
141	37.6
203	37.5
126	69.0
115	-12.4
245
206	Youngstown St.	Horz	32	19–13
13–7	101.3
265	104.7
134	.4066
206	49.8
234	48.8
79	17.6
207	18.0
116	29.3
201	31.2
250	36.4
72	35.8
254	52.1
136	48.1
63	31.3
298	33.5
158	46.2
41	32.8
19	69.9
70	-8.8
179
207	Queens	ASun	31	17–14
11–7	105.3
196	109.0
235	.4031
207	52.3
103	51.7
226	18.0
233	16.0
258	31.1
142	28.7
116	33.7
158	32.1
157	52.6
115	51.4
201	34.6
130	34.8
241	44.2
66	37.8
139	69.2
108	-8.7
175
208	Quinnipiac	MAAC	32	19–13
15–5	101.7
253	105.3
150	.4014
208	48.4
288	49.5
109	17.9
225	17.1
178	33.5
72	26.0
27	31.1
234	28.3
61	50.7
190	46.7
27	29.8
345	36.1
313	38.0
194	37.1
117	72.2
14	-9.2
187
209	Abilene Christian	WAC	29	13–16
8–8	98.2
322	101.7
86	.3994
209	46.7
332	51.4
208	20.7
343	24.0
1	30.0
179	31.5
266	37.2
60	51.3
364	47.8
295	52.6
250	28.9
355	32.6
102	25.3
362	32.5
15	69.9
70	-10.4
207
210	Southeast Missouri St.	OVC	30	18–12
15–5	101.2
267	104.9
143	.3990
210	51.3
142	47.6
39	15.4
53	19.0
74	24.0
330	28.7
116	28.9
301	42.8
350	51.1
170	48.8
91	34.5
137	30.0
12	36.0
259	31.6
9	69.6
87	-8.6
173
211	Elon	CAA	30	15–15
8–10	106.5
169	110.4
259	.3980
211	50.2
207	48.1
55	19.0
295	13.3
352	36.3
14	31.4
262	38.8
37	24.7
17	50.8
186	47.1
41	32.8
223	32.9
116	41.7
113	43.5
317	65.7
300	-10.9
218
212	Missouri St.	MVC	30	7–23
2–18	102.2
247	105.9
166	.3979
212	50.9
167	54.7
337	20.7
343	19.1
67	32.0
116	28.4
102	34.3
142	38.5
306	49.1
262	55.0
323	36.0
64	36.1
313	37.0
228	39.4
198	64.5
340	-16.9
327
213	La Salle	A10	32	13–19
5–13	103.3
226	107.2
194	.3955
213	46.1
338	52.6
265	15.5
59	16.7
199	30.5
163	29.5
166	31.4
223	30.0
100	44.5
352	54.5
308	32.8
223	33.2
130	33.2
320	41.5
276	69.4
97	-11.7
235
214	Valparaiso	MVC	32	13–19
6–14	105.9
185	109.9
254	.3953
214	47.7
309	53.7
306	14.0
15	17.1
178	26.5
273	28.5
107	33.6
161	35.4
241	47.3
309	54.2
300	32.3
251	35.2
266	38.4
182	36.0
87	68.6
138	-12.5
247
215	Southern	SWAC	29	17–12
15–3	98.7
315	102.5
99	.3930
215	47.2
321	49.2
94	18.5
271	21.1
21	34.4
49	28.5
107	38.1
43	42.3
347	47.4
307	48.2
69	31.2
307	33.8
175	33.3
317	39.4
198	69.1
113	-7.0
141
216	Seton Hall	BE	32	7–25
2–18	97.7
325	101.5
85	.3922
216	44.7
356	54.6
334	19.1
302	22.2
9	31.2
136	31.8
278	32.9
180	39.6
325	43.9
357	54.5
308	31.2
307	36.6
328	30.5
345	44.4
329	65.1
324	-13.2
264
217	Idaho St.	BSky	27	12–15
10–8	105.2
198	109.4
245	.3895
217	47.8
307	54.1
318	16.3
120	17.9
120	38.3
7	25.9
25	34.4
138	32.7
167	48.3
284	53.0
266	31.2
307	37.3
343	36.6
245	37.7
135	66.6
255	-10.5
208
218	Central Michigan	MAC	27	10–17
7–11	104.2
215	108.5
220	.3871
218	49.8
234	53.1
283	17.6
207	18.2
103	32.1
112	29.1
143	35.8
97	31.3
134	51.2
168	52.5
249	31.3
298	35.9
304	33.3
317	43.9
320	67.9
181	-11.4
224
219	William & Mary	CAA	30	15–15
11–7	107.3
148	111.8
286	.3860
219	53.7
60	53.5
303	18.1
242	17.6
140	26.2
285	30.2
209	35.6
103	35.5
247	55.8
34	54.4
307	34.5
137	34.8
241	51.5
3	41.6
279	72.1
16	-10.6
211
220	Northwestern St.	Slnd	30	14–16
12–8	102.5
239	106.8
187	.3829
220	48.7
280	49.8
122	20.2
337	17.4
155	33.1
83	32.6
314	32.2
197	33.1
182	46.5
324	46.8
30	35.2
98	36.2
320	35.7
268	39.7
207	64.5
340	-9.2
186
221	SIU Edwardsville
   16 seed, R64	OVC	30	19–11
13–7	101.1
271	105.6
159	.3784
221	48.9
271	47.5
36	17.1
174	17.3
167	31.8
122	29.1
143	33.1
172	33.2
185	47.8
295	46.3
21	34.0
164	33.0
122	36.3
247	38.6
171	66.6
255	-7.7
153
222	Hampton	CAA	30	14–16
8–10	102.9
233	107.4
199	.3781
222	47.5
315	52.6
265	16.0
96	18.8
81	34.0
58	28.7
116	30.3
266	43.6
353	46.9
316	53.3
271	32.4
247	34.2
202	36.7
242	35.7
75	66.2
277	-11.5
228
223	UNC Asheville	BSth	28	17–11
11–5	107.6
145	112.4
301	.3776
223	52.0
113	53.4
297	14.8
30	18.0
116	29.7
191	34.1
341	34.4
138	40.1
334	52.4
125	53.8
291	34.2
156	35.2
266	35.0
279	38.9
181	68.6
138	-6.4
133
224	Hofstra	CAA	31	13–18
6–12	97.6
327	102.0
89	.3767
224	48.9
271	45.9
7	17.6
207	16.4
226	25.8
301	28.6
112	25.3
350	38.0
299	48.1
288	42.6
1	33.2
205	33.9
186	42.3
93	40.4
238	64.3
346	-13.4
267
225	Massachusetts	A10	31	11–20
7–11	101.6
257	106.2
173	.3764
225	45.1
352	49.8
122	16.1
103	17.5
150	34.3
51	31.0
241	34.0
148	36.6
275	46.6
323	49.7
123	28.0
362	33.2
130	32.2
333	39.9
219	71.1
39	-13.5
270
Rk	Team	Conf	G	Rec	AdjOE	AdjDE	Barthag	Efg%	EfgD%	TOR	TORD	ORB	DRB	FTR	FTRD	2P%	2P%D	3P%	3P%D	3PR	3PRD	Adj T.	WAB
226	Longwood	BSth	29	15–14
7–9	105.1
205	109.8
253	.3754
226	51.3
142	55.9
350	18.0
233	20.7
26	32.1
112	29.6
168	45.4
3	38.3
302	52.3
130	59.8
364	32.9
218	33.7
168	33.9
303	41.6
279	69.7
82	-9.7
195
227	Delaware	CAA	34	14–20
5–13	109.1
118	114.3
323	.3699
227	55.1
36	52.2
243	16.6
138	15.5
287	22.4
349	32.5
308	30.0
271	32.9
175	54.1
66	51.9
223	37.7
21	35.3
272	39.9
158	34.1
30	71.0
42	-15.0
300
228	Fordham	A10	32	11–21
3–15	105.6
192	110.7
262	.3682
228	48.6
283	52.8
272	18.4
263	16.7
199	31.5
127	30.6
223	32.8
184	39.2
315	49.1
262	52.6
250	32.0
264	35.5
281	41.5
118	31.8
10	70.3
60	-14.1
282
229	Hawaii	BW	29	13–16
7–13	102.4
242	107.6
206	.3622
229	50.6
182	49.5
109	20.7
343	13.1
355	31.0
144	24.9
9	39.9
26	33.7
201	53.1
103	48.0
60	31.0
319	35.0
250	37.4
214	32.4
14	66.6
255	-11.1
220
230	Campbell	CAA	30	13–17
10–8	100.8
280	106.0
172	.3582
230	50.0
223	52.4
254	15.8
82	18.8
81	24.6
324	27.7
71	29.7
280	29.9
96	51.5
154	55.8
333	31.9
269	31.1
40	41.8
112	36.8
106	66.5
261	-12.6
250
231	UMKC	Sum	29	9–20
4–12	100.7
281	106.0
170	.3576
231	48.4
288	51.2
196	18.6
276	17.1
178	32.8
90	29.7
176	30.9
245	35.2
235	47.5
304	53.6
286	33.1
207	31.8
64	44.0
68	40.8
249	65.1
324	-14.7
297
232	Bucknell	Pat	33	18–15
13–5	101.7
255	107.0
192	.3567
232	53.8
57	50.3
145	18.6
276	17.0
184	26.0
294	28.0
84	36.7
67	35.4
241	54.4
60	49.0
100	35.3
94	34.7
232	41.0
129	40.6
241	68.2
164	-10.3
205
233	Maine	AE	32	18–14
10–6	99.0
308	104.2
129	.3564
233	51.6
131	50.4
150	15.5
59	21.9
12	21.8
353	32.3
302	28.2
314	29.0
79	50.6
197	50.7
172	35.7
75	33.3
141	33.0
324	36.2
91	66.7
245	-10.2
204
234	Richmond	A10	30	8–22
5–13	103.0
232	108.6
224	.3526
234	48.4
288	52.7
271	15.4
53	15.8
271	19.3
360	27.7
71	29.7
280	37.1
284	49.7
235	52.4
246	31.2
307	35.4
276	45.6
46	48.6
361	64.5
340	-15.0
301
235	South Dakota	Sum	30	16–14
9–7	109.2
116	115.1
335	.3518
235	50.1
214	54.8
339	12.6
1	17.3
167	30.0
179	35.7
358	45.4
3	35.2
235	51.7
148	55.4
329	31.6
284	35.9
304	37.5
210	38.9
181	75.2
2	-8.8
176
236	UT Arlington	WAC	29	11–18
6–10	106.5
167	112.4
300	.3504
236	51.7
124	50.4
150	19.2
304	16.4
226	32.8
90	32.5
308	37.0
61	34.3
215	50.6
197	48.5
81	35.4
89	36.0
310	42.2
100	34.9
52	68.3
155	-12.8
254
237	Vermont	AE	31	19–12
13–3	99.0
309	104.5
130	.3496
237	49.0
268	48.8
79	17.3
187	15.7
277	26.2
285	25.8
22	29.8
276	27.1
41	49.5
246	48.3
74	32.3
251	33.0
122	43.5
77	38.6
171	63.3
358	-8.0
161
238	Toledo	MAC	32	17–15
10–8	110.8
94	117.3
352	.3414
238	50.5
193	56.4
356	13.7
9	15.5
287	29.8
189	30.9
236	35.5
107	26.5
32	50.6
197	55.9
336	33.6
185	38.2
357	28.6
355	37.5
126	69.0
115	-8.8
177
239	Incarnate Word	Slnd	29	13–16
9–11	105.9
183	112.2
298	.3399
239	51.1
153	52.0
238	18.1
242	17.5
150	34.5
47	31.4
262	27.5
326	34.7
222	49.7
235	50.8
175	35.8
70	36.4
326	36.3
247	31.2
5	64.9
330	-11.4
226
240	Tennessee St.	OVC	30	14–16
12–8	102.4
243	108.6
222	.3383
240	51.3
142	48.8
79	21.1
353	17.4
155	33.8
62	30.3
212	41.4
20	39.3
321	52.5
122	48.1
63	32.6
231	33.4
152	33.6
310	35.9
82	71.2
35	-12.9
256
241	Sacred Heart	MAAC	32	14–18
10–10	105.1
202	111.7
283	.3322
241	51.0
163	51.8
231	17.7
212	17.6
140	31.4
131	29.9
186	26.3
340	27.6
46	50.3
206	50.8
175	34.5
137	35.4
276	44.6
60	43.1
307	71.0
42	-14.6
293
242	Northern Arizona	BSky	29	14–15
8–10	104.0
217	110.6
260	.3308
242	50.3
200	53.3
293	15.4
53	14.8
323	31.5
127	23.8
5	29.6
285	34.3
215	49.4
253	52.8
258	34.5
137	36.0
310	38.2
189	37.0
113	67.4
211	-11.5
227
243	Tulsa	Amer	31	11–20
6–12	101.7
254	108.1
213	.3305
243	49.5
249	49.7
118	16.9
160	14.4
332	27.2
257	31.1
247	34.2
144	33.6
198	51.5
154	50.0
138	31.2
307	32.7
109	42.3
93	34.0
29	67.0
228	-14.4
288
244	Little Rock	OVC	31	17–14
12–8	97.6
326	103.9
124	.3286
244	49.5
249	46.7
20	20.4
339	21.5
19	30.4
165	35.4
354	29.0
296	37.9
297	47.2
311	46.3
21	36.6
47	31.4
50	30.3
346	44.2
326	67.5
210	-9.9
198
245	North Dakota	Sum	30	9–21
5–11	107.9
141	114.9
331	.3275
245	49.7
240	56.5
358	16.6
138	15.0
315	33.7
65	28.7
116	33.6
161	33.0
176	50.3
206	57.1
353	32.5
238	37.1
340	40.0
154	40.6
241	69.7
82	-15.1
302
246	Northern Kentucky	Horz	31	15–16
11–9	101.6
256	108.2
215	.3266
246	49.8
234	52.5
259	17.3
187	19.9
48	31.0
144	32.5
308	31.3
228	29.3
82	50.0
219	50.6
164	33.0
212	37.0
338	40.0
154	40.1
229	66.7
245	-10.9
217
247	Idaho	BSky	31	12–19
8–10	107.9
138	115.1
333	.3237
247	51.8
120	54.0
315	17.9
225	15.1
311	28.9
211	31.3
257	33.6
161	35.7
252	51.5
154	55.1
325	34.7
124	34.9
245	47.9
20	39.9
219	67.1
225	-14.0
281
248	Georgia Southern	SB	32	16–16
8–10	102.3
244	109.2
239	.3211
248	50.6
182	50.1
135	19.0
295	18.4
96	33.0
84	33.0
320	26.5
335	43.1
351	49.8
227	51.2
189	34.5
137	32.3
89	44.3
65	40.1
229	70.3
60	-11.2
221
249	Harvard	Ivy	26	11–15
7–7	101.5
260	108.4
218	.3190
249	50.6
182	52.2
243	18.0
233	17.7
134	25.0
318	31.1
247	24.4
353	24.6
16	52.2
133	53.4
278	32.0
264	33.5
158	39.9
158	36.5
99	66.4
270	-10.8
212
250	American
   16 seed, R68	Pat	33	20–13
13–5	101.9
251	108.9
233	.3177
250	52.0
113	52.5
259	16.9
160	17.7
134	23.8
335	27.4
62	29.0
296	34.1
211	51.4
164	53.5
282	35.2
98	33.8
175	45.3
53	35.9
82	64.2
349	-8.2
167
Rk	Team	Conf	G	Rec	AdjOE	AdjDE	Barthag	Efg%	EfgD%	TOR	TORD	ORB	DRB	FTR	FTRD	2P%	2P%D	3P%	3P%D	3PR	3PRD	Adj T.	WAB
251	Georgia St.	SB	32	13–19
8–10	106.1
177	113.4
314	.3169
251	50.4
196	51.0
184	16.9
160	12.9
357	32.4
101	31.9
284	33.8
152	26.2
29	49.8
227	51.8
216	34.4
145	33.2
130	33.3
317	41.5
276	69.8
74	-13.1
261
252	Iona	MAAC	34	17–17
12–8	98.7
314	105.5
157	.3167
252	47.5
315	51.7
226	20.9
351	22.8
5	39.1
4	30.9
236	27.9
323	35.6
250	47.5
304	53.9
294	31.8
272	32.6
102	34.7
286	44.5
333	69.0
115	-13.7
276
253	UC Davis	BW	30	13–17
9–11	96.5
338	103.2
109	.3142
253	46.3
335	50.0
130	19.7
324	21.8
14	27.6
245	33.6
330	38.3
42	39.2
315	45.1
346	48.3
74	32.2
256	35.2
266	35.5
270	37.7
135	67.9
181	-11.4
223
254	UMass Lowell	AE	29	14–15
6–10	107.5
146	115.3
336	.3096
254	54.6
43	51.6
222	18.1
242	14.7
326	26.1
291	30.3
212	31.6
211	25.2
20	56.3
28	50.5
158	34.2
156	35.6
286	34.6
290	34.7
47	69.4
97	-11.5
230
255	Houston Christian	Slnd	30	10–20
9–11	100.8
279	108.4
217	.3042
255	49.1
266	52.6
265	18.0
233	17.9
120	26.0
294	32.0
287	30.5
257	29.4
85	49.3
255	54.5
308	32.5
238	32.3
89	44.0
68	31.8
10	65.3
316	-14.2
285
256	East Texas A&M	Slnd	31	5–26
3–17	99.5
297	107.0
191	.3027
256	49.2
263	53.8
311	22.5
362	19.9
48	28.1
233	35.9
359	28.0
319	36.5
273	51.1
170	52.6
250	31.4
295	37.4
347	48.3
15	34.6
44	68.1
171	-19.7
347
257	Evansville	MVC	31	10–21
8–12	97.8
324	105.1
147	.3027
257	48.8
276	50.2
142	17.7
212	16.7
199	22.6
345	29.2
148	31.1
234	34.6
220	51.5
154	49.4
116	29.9
344	34.1
191	40.6
139	44.9
337	67.6
205	-14.6
294
258	Mount St. Mary's
   16 seed, R64	MAAC	34	22–12
12–8	99.9
293	107.5
203	.3000
258	51.5
135	48.3
59	21.6
356	16.0
258	31.0
144	28.2
93	31.1
234	26.4
31	50.7
190	49.0
100	35.1
104	31.6
57	41.0
129	45.0
339	68.1
171	-8.1
162
259	Presbyterian	BSth	29	11–18
7–9	103.1
230	111.0
269	.2996
259	51.2
148	52.5
259	16.3
120	17.7
134	29.6
194	31.3
257	31.2
231	39.2
315	49.7
235	52.9
261	36.0
64	34.4
213	34.2
298	34.7
47	65.1
324	-13.8
277
260	Gardner Webb	BSth	31	11–20
5–11	102.5
241	110.4
258	.2987
260	51.9
117	52.0
238	20.8
349	14.8
323	33.4
73	30.2
209	36.2
82	37.2
289	53.1
103	54.2
300	33.0
212	32.3
89	33.1
322	38.0
147	69.8
74	-14.8
299
261	Fresno St.	MWC	32	6–26
2–18	100.2
289	108.1
214	.2938
261	46.1
338	54.0
315	17.7
212	18.0
116	27.0
263	34.0
340	36.4
72	23.5
11	45.6
338	56.0
339	31.3
298	34.2
202	35.3
272	43.0
304	71.5
24	-16.5
320
262	Manhattan	MAAC	29	16–13
12–8	107.1
154	115.6
339	.2937
262	50.7
176	50.5
156	17.0
170	15.2
306	32.6
96	31.9
284	31.0
240	25.9
26	50.3
206	51.8
216	34.2
156	32.5
96	41.9
108	42.3
291	68.2
164	-9.9
199
263	Cal St. Bakersfield	BW	31	12–19
8–12	104.8
210	113.2
310	.2931
263	48.2
296	54.3
324	18.8
289	18.9
77	35.6
22	29.7
176	34.5
133	46.9
360	45.3
344	54.8
320	37.2
28	35.7
289	28.4
356	41.5
276	66.7
245	-14.0
280
264	Charlotte	Amer	32	10–22
3–15	104.2
213	112.5
303	.2928
264	48.3
292	54.2
321	15.1
39	14.6
329	25.4
311	29.2
148	42.7
13	37.0
282	49.6
241	56.4
348	31.0
319	33.3
141	40.9
132	34.5
43	65.5
307	-16.4
318
265	Jackson St.	SWAC	34	16–18
14–4	99.3
301	107.3
196	.2904
265	47.7
309	50.6
162	19.5
313	17.4
155	30.1
174	30.0
194	37.5
55	30.6
118	47.1
313	50.3
148	32.6
231	34.1
191	33.7
307	41.7
281	69.2
108	-10.6
210
266	FIU	CUSA	31	8–23
3–15	96.2
340	104.0
126	.2892
266	46.1
338	51.6
222	19.5
313	20.6
27	31.0
144	29.6
168	36.0
89	37.5
292	47.4
307	52.6
250	28.8
356	33.3
141	30.1
348	39.5
202	69.2
108	-17.4
331
267	Ball St.	MAC	28	11–17
7–11	103.6
223	112.1
292	.2889
267	51.3
142	51.6
222	16.4
127	14.1
339	26.4
278	27.9
76	44.5
6	30.7
120	51.0
178	54.5
308	34.6
130	31.5
52	37.1
223	39.7
207	67.1
225	-13.7
274
268	Monmouth	CAA	33	13–20
10–8	103.3
227	111.7
284	.2874
268	47.2
321	50.7
168	16.2
108	16.6
212	29.8
189	34.8
352	36.7
67	36.1
262	44.2
355	50.7
172	35.2
98	33.8
175	34.6
290	40.7
245	67.9
181	-14.4
287
269	Portland	WCC	30	10–20
7–11	104.9
208	113.6
315	.2858
269	50.1
214	54.6
334	18.0
233	13.2
354	23.9
333	29.9
186	32.2
197	22.1
5	49.8
227	53.3
271	33.7
182	37.8
353	43.6
74	40.9
256	69.0
115	-12.5
248
270	North Florida	ASun	30	13–17
8–10	108.3
132	117.3
351	.2854
270	53.2
77	54.1
318	15.0
37	14.7
326	27.9
239	34.2
344	24.8
351	31.1
128	54.0
69	54.5
308	35.0
109	35.5
281	54.0
1	31.1
4	72.9
9	-11.5
229
271	Colgate	Pat	32	13–19
10–8	103.5
224	112.3
299	.2820
271	54.2
54	53.3
293	16.7
149	16.3
239	23.7
336	26.9
45	22.6
362	25.5
24	54.6
52	51.5
204	35.7
75	37.3
343	42.2
100	40.0
225	67.7
197	-14.8
298
272	Siena	MAAC	32	14–18
9–11	101.5
259	110.3
257	.2768
272	49.4
251	51.7
226	17.2
181	18.2
103	28.8
215	30.0
194	37.3
57	31.4
137	49.5
246	51.8
216	32.8
223	34.3
210	39.9
158	34.2
34	67.7
197	-14.5
291
273	Eastern Washington	BSky	30	8–22
6–12	102.3
245	111.3
277	.2748
273	50.9
167	54.4
329	18.7
285	19.0
74	26.9
266	33.6
330	31.1
234	39.7
326	52.5
122	53.8
291	32.3
251	36.9
336	37.6
203	38.4
162	67.7
197	-16.4
319
274	Mercer	SC	31	12–19
6–12	98.9
311	107.6
205	.2745
274	48.9
271	50.8
174	16.6
138	16.8
193	28.8
215	28.7
116	29.8
276	32.8
169	49.8
227	49.7
123	31.8
272	34.7
232	40.1
151	46.0
347	71.7
20	-14.3
286
275	Stephen F. Austin	Slnd	28	11–17
7–13	95.0
347	103.5
112	.2715
275	46.7
332	49.2
94	22.2
361	20.2
37	34.6
44	33.1
321	32.3
194	34.1
211	48.8
270	47.8
55	28.7
358	34.4
213	36.9
230	37.1
117	68.0
178	-11.7
234
Rk	Team	Conf	G	Rec	AdjOE	AdjDE	Barthag	Efg%	EfgD%	TOR	TORD	ORB	DRB	FTR	FTRD	2P%	2P%D	3P%	3P%D	3PR	3PRD	Adj T.	WAB
276	Marist	MAAC	30	20–10
13–7	97.1
333	105.9
165	.2696
276	49.9
228	46.9
21	18.4
263	16.4
226	30.6
159	25.6
20	22.4
363	33.2
185	51.5
154	44.9
7	31.4
295	33.7
168	37.6
203	35.4
67	64.7
334	-8.0
158
277	Bowling Green	MAC	30	12–18
8–10	100.2
288	109.3
242	.2689
277	49.9
228	52.6
265	17.5
202	17.3
167	25.6
307	27.4
62	34.5
133	29.8
93	49.6
241	54.6
315	33.5
189	33.2
130	39.7
162	42.4
293	69.5
93	-14.2
284
278	Alabama St.
   16 seed, R64	SWAC	34	19–15
12–6	101.4
264	110.6
261	.2675
278	47.1
325	50.6
162	13.1
4	18.7
86	28.3
228	30.7
226	29.1
294	38.5
306	45.6
338	50.5
158	32.8
223	33.8
175	42.8
85	39.6
205	68.3
155	-10.1
202
279	Eastern Michigan	MAC	31	15–16
9–9	103.8
221	113.3
312	.2668
279	52.4
98	53.7
306	18.7
285	17.8
125	29.6
194	31.7
275	33.0
177	38.5
306	52.4
125	51.9
223	35.0
109	37.7
351	38.2
189	38.8
176	67.9
181	-12.0
240
280	Albany	AE	31	15–16
8–8	103.0
231	112.6
304	.2652
280	49.3
258	54.9
342	15.7
75	19.8
50	32.3
104	28.4
102	29.5
288	34.7
222	50.2
212	55.8
333	31.7
277	35.6
286	36.0
259	34.9
52	68.3
155	-12.9
255
281	Western Michigan	MAC	31	11–20
9–9	101.9
249	111.7
282	.2588
281	47.0
328	54.5
332	15.8
82	16.6
212	34.4
49	27.9
76	31.0
240	33.2
185	49.3
255	55.0
323	28.2
361	35.8
298	32.9
327	41.0
259	68.4
151	-14.7
295
282	Denver	Sum	29	8–21
5–11	100.1
291	109.7
252	.2585
282	50.3
200	54.3
324	18.5
271	17.6
140	26.1
291	29.1
143	31.6
211	49.8
363	50.5
203	56.2
341	33.3
199	34.1
191	36.9
230	37.9
141	67.2
217	-15.9
312
283	Tennessee Martin	OVC	30	11–19
9–11	101.8
252	111.6
281	.2582
283	47.6
314	52.3
248	19.5
313	18.9
77	34.7
39	30.8
231	34.4
138	33.9
206	48.5
279	52.0
230	31.1
316	35.0
250	47.3
28	48.2
360	67.0
228	-15.4
306
284	Columbia	Ivy	25	10–15
1–13	105.5
193	115.7
341	.2579
284	52.6
94	56.4
356	15.4
53	16.4
226	25.9
296	26.7
44	29.5
288	25.4
21	53.9
71	54.6
315	33.8
178	39.2
363	39.1
171	41.8
282	71.5
24	-11.3
222
285	Pacific	WCC	31	7–24
4–14	100.9
278	110.7
264	.2551
285	48.1
299	53.2
288	19.3
309	15.4
296	28.8
215	28.2
93	32.8
184	37.1
284	50.3
206	52.9
261	29.7
347	35.8
298	37.8
196	39.5
202	67.2
217	-15.6
309
286	LIU	NEC	31	15–16
12–4	94.9
348	104.5
131	.2494
286	47.7
309	48.0
53	20.1
335	19.2
66	32.3
104	27.0
49	27.6
324	43.5
352	48.8
270	48.8
91	30.3
339	31.2
42	33.4
315	39.8
214	65.6
303	-12.6
251
287	Texas Southern	SWAC	29	12–17
12–6	95.7
343	105.5
156	.2461
287	47.5
315	47.4
34	19.8
328	19.6
57	30.5
163	34.7
351	28.9
301	36.2
264	46.2
329	46.5
25	33.1
207	32.6
102	35.8
265	41.3
269	70.6
52	-11.9
237
288	Tennessee Tech	OVC	30	13–17
10–10	101.4
262	111.8
287	.2454
288	50.7
176	49.6
115	17.4
194	15.2
306	25.0
318	32.4
304	28.8
307	22.2
6	49.0
266	50.6
164	35.1
104	31.9
70	46.4
38	34.1
30	68.5
145	-13.1
262
289	Bethune Cookman	SWAC	33	17–16
13–5	97.2
331	107.4
197	.2409
289	48.2
296	48.8
79	19.5
313	16.7
199	28.8
215	30.0
194	35.9
93	32.4
162	48.4
281	49.8
128	31.9
269	31.3
46	33.9
303	36.9
108	69.6
87	-10.1
201
290	Weber St.	BSky	31	9–22
5–13	101.4
261	112.2
297	.2389
290	50.2
207	53.4
297	16.9
160	16.5
221	24.4
327	30.1
203	34.7
125	37.2
289	51.1
170	52.2
240	32.4
247	36.7
330	37.2
218	43.0
304	66.2
277	-17.0
328
291	Navy	Pat	33	14–19
10–8	101.2
268	112.0
291	.2384
291	48.0
301	52.5
259	16.1
103	17.8
125	31.3
134	27.2
55	33.8
152	33.8
204	46.8
319	52.6
250	33.3
199	34.9
245	37.1
223	41.2
264	67.7
197	-16.2
316
292	Saint Peter's	MAAC	27	11–16
7–13	95.1
346	105.3
148	.2376
292	44.7
356	47.3
32	20.7
343	17.6
140	37.0
10	31.0
241	34.7
125	37.6
295	42.4
362	47.0
36	32.2
256	31.9
70	38.5
179	38.0
147	64.5
340	-13.3
265
293	Tarleton St.	WAC	29	9–20
7–9	93.0
359	103.1
107	.2322
293	45.9
342	52.1
242	25.1
364	23.3
2	28.1
233	33.9
337	41.5
18	48.3
362	45.0
347	52.9
261	32.2
256	33.9
186	25.6
361	42.2
288	66.3
272	-13.3
266
294	San Diego	WCC	32	5–27
2–16	99.2
305	110.1
256	.2318
294	45.7
346	54.0
315	18.4
263	18.5
94	29.9
186	31.6
273	30.5
257	46.1
358	46.3
325	51.6
209	29.7
347	38.5
359	35.8
265	38.3
157	71.7
20	-19.5
345
295	Air Force	MWC	32	4–28
1–19	98.8
313	109.7
251	.2311
295	50.1
214	54.6
334	20.8
349	15.7
277	22.7
343	29.0
137	35.4
110	35.4
241	50.5
203	54.8
320	33.1
207	36.3
323	48.5
14	36.2
91	65.2
320	-19.3
340
296	Austin Peay	ASun	31	12–19
8–10	100.1
290	111.2
273	.2298
296	48.7
280	53.8
311	14.8
30	16.8
193	25.8
301	31.2
250	28.9
301	36.0
261	47.1
313	52.0
230	34.0
164	37.9
354	40.2
146	35.9
82	66.7
245	-13.5
269
297	Old Dominion	SB	33	13–20
8–10	99.5
298	110.8
266	.2241
297	44.1
360	51.2
196	16.9
160	16.0
258	36.4
12	32.0
287	30.9
245	35.0
232	45.0
347	51.2
189	28.3
360	34.1
191	35.8
265	35.3
62	66.7
245	-15.2
304
298	Lafayette	Pat	32	12–20
7–11	97.5
328	108.7
225	.2224
298	50.2
207	50.4
150	16.6
138	16.7
199	24.0
330	28.0
84	30.5
257	26.9
38	49.7
235	48.3
74	34.0
164	35.8
298	40.3
144	37.9
141	66.8
241	-16.8
324
299	Howard	MEAC	28	10–18
7–7	104.0
216	116.1
343	.2192
299	53.5
68	52.3
248	21.2
354	16.5
221	29.0
207	33.8
335	35.7
100	40.9
341	52.6
115	53.1
268	36.6
47	33.8
175	38.4
182	33.5
26	70.4
57	-13.6
273
300	Oral Roberts	Sum	26	4–22
3–13	104.2
212	116.5
347	.2181
300	50.0
223	55.0
345	16.3
120	13.9
343	22.6
345	33.1
321	35.0
118	38.2
301	48.5
279	56.6
351	34.4
145	35.0
250	45.7
45	40.2
233	67.9
181	-16.2
315
Rk	Team	Conf	G	Rec	AdjOE	AdjDE	Barthag	Efg%	EfgD%	TOR	TORD	ORB	DRB	FTR	FTRD	2P%	2P%D	3P%	3P%D	3PR	3PRD	Adj T.	WAB
301	Saint Francis
   16 seed, R68	NEC	31	13–18
8–8	100.0
292	111.9
289	.2157
301	51.8
120	51.2
196	19.7
324	16.2
244	25.0
318	29.9
186	24.0
357	27.8
51	52.6
115	53.3
271	33.8
178	32.2
83	42.0
105	43.1
307	67.9
181	-12.1
243
302	Louisiana	SB	32	11–21
8–10	98.4
320	110.1
255	.2151
302	45.7
346	51.3
204	16.0
96	19.1
67	25.9
296	35.5
355	29.8
276	43.8
354	45.0
347	53.8
291	31.3
298	31.5
52	38.1
191	36.9
108	67.0
228	-15.6
310
303	Southern Miss	SB	31	9–22
5–13	97.1
332	108.7
228	.2148
303	47.9
303	50.2
142	19.5
313	16.1
250	28.1
233	30.2
209	33.8
152	35.4
241	49.8
227	51.2
189	29.8
345	32.5
96	36.9
230	38.4
162	71.5
24	-16.9
326
304	Utah Tech	WAC	31	5–26
2–14	101.5
258	113.6
316	.2147
304	48.8
276	53.0
277	18.3
255	17.4
155	26.2
285	33.5
328	33.7
158	41.1
343	47.9
293	53.7
289	33.4
195	34.4
213	39.8
161	31.5
8	68.1
171	-19.9
348
305	Lehigh	Pat	28	9–19
6–12	99.5
296	111.5
279	.2129
305	51.1
153	50.7
168	15.6
66	16.1
250	21.4
355	29.1
143	31.5
219	33.9
206	49.1
262	53.0
266	36.4
58	31.2
42	37.3
216	36.7
104	67.9
181	-15.2
303
306	Fairleigh Dickinson	NEC	30	10–20
8–8	98.6
318	110.7
265	.2080
306	49.1
266	50.5
156	17.1
174	17.6
140	25.9
296	32.0
287	32.1
200	30.4
112	49.7
235	53.3
271	32.2
256	30.3
16	41.5
118	35.6
72	70.0
67	-15.7
311
307	Charleston Southern	BSth	30	8–22
6–10	99.3
303	111.5
280	.2076
307	48.7
280	53.4
297	19.9
330	13.5
348	31.2
136	28.2
93	43.9
7	33.3
189	50.7
190	55.4
329	30.7
329	32.4
95	42.0
105	29.2
2	68.2
164	-16.1
314
308	Army	Pat	29	14–15
10–8	100.6
283	113.1
309	.2060
308	49.7
240	53.7
306	14.7
28	16.0
258	25.8
301	29.3
156	25.8
346	27.1
41	52.1
136	55.2
327	30.8
326	34.5
221	41.1
127	42.2
288	68.3
155	-12.0
239
309	Southern Utah	WAC	28	9–19
4–12	97.1
334	109.2
240	.2054
309	46.8
330	49.9
125	21.6
356	15.1
311	30.1
174	32.0
287	36.2
82	33.0
176	47.2
311	49.8
128	30.5
333	33.3
141	32.6
332	27.7
1	69.7
82	-13.5
271
310	Penn	Ivy	27	8–19
4–10	102.6
238	115.5
338	.2044
310	49.4
251	53.0
277	16.4
127	13.4
351	26.8
269	29.7
176	28.9
301	25.8
25	49.9
222	50.8
175	32.6
231	37.5
348	44.4
64	39.2
196	67.6
205	-13.8
278
311	IU Indy	Horz	29	7–22
6–14	108.7
126	122.3
363	.2039
311	50.4
196	57.0
361	15.7
75	16.0
258	30.6
159	33.6
330	34.1
147	35.1
234	46.2
329	57.8
357	36.8
39	37.3
343	47.3
28	40.8
249	65.6
303	-17.5
332
312	UMBC	AE	29	10–19
5–11	105.1
204	118.3
356	.2035
312	55.2
33	54.1
318	15.9
87	17.4
155	19.4
359	33.7
334	31.6
211	27.9
53	53.8
79	54.2
300	38.4
11	35.8
298	38.4
182	34.4
40	71.2
35	-15.6
308
313	Morehead St.	OVC	29	12–17
10–10	98.4
319	111.1
271	.1981
313	45.9
342	50.3
145	18.4
263	14.4
332	31.2
136	25.4
18	37.6
52	34.7
222	45.5
341	49.9
134	31.2
307	34.1
191	34.1
300	33.4
25	64.8
332	-13.1
260
314	Coastal Carolina	SB	30	8–22
3–15	101.1
272	114.2
321	.1968
314	49.4
251	48.6
72	18.4
263	10.5
364	29.0
207	28.7
116	34.4
138	36.9
279	47.7
299	48.5
81	34.8
122	32.5
96	39.2
170	36.3
94	63.9
351	-18.1
333
315	Rider	MAAC	33	14–19
9–11	101.3
266	114.5
326	.1951
315	47.7
309	53.1
283	17.2
181	16.0
258	32.2
107	30.7
226	29.6
285	27.3
45	48.1
288	52.8
258	31.2
307	35.7
289	30.1
348	40.9
256	65.6
303	-14.6
292
316	Loyola MD	Pat	30	11–19
6–12	99.8
294	112.9
307	.1946
316	50.1
214	52.8
272	17.7
212	16.9
189	28.6
222	27.9
76	29.3
291	30.2
107	50.7
190	52.9
261	32.9
218	35.1
257	39.6
164	35.7
75	67.2
217	-16.1
313
317	VMI	SC	30	11–19
7–11	98.6
317	111.7
285	.1925
317	48.5
287	54.2
321	18.0
233	17.6
140	25.2
315	32.1
294	37.5
55	30.5
116	50.3
206	56.3
344	31.0
319	34.5
221	46.9
31	47.5
357	68.8
126	-14.7
296
318	Stonehill	NEC	30	13–17
7–9	100.5
285	113.9
318	.1918
318	51.1
153	50.9
178	18.3
255	16.2
244	26.4
278	29.4
159	31.4
223	32.7
167	49.4
253	50.1
144	35.4
89	34.9
245	44.5
63	33.3
24	65.9
289	-13.7
275
319	Boston University	Pat	31	15–16
10–8	98.1
323	111.2
274	.1908
319	50.2
207	52.4
254	20.6
342	16.7
199	32.5
97	23.4
4	30.7
251	32.0
153	50.7
190	51.2
189	33.0
212	36.1
313	41.9
108	40.2
233	64.0
350	-13.2
263
320	Eastern Illinois	OVC	28	9–19
8–12	93.9
353	106.4
179	.1906
320	44.1
360	51.0
184	18.7
285	20.8
25	30.0
179	30.9
236	33.0
177	39.7
326	42.6
361	50.2
146	31.7
277	34.7
232	29.7
351	44.4
329	66.8
241	-14.4
289
321	Long Beach St.	BW	30	5–25
3–17	100.5
284	114.0
319	.1901
321	49.2
263	53.4
297	21.7
359	17.1
178	28.5
226	34.9
353	35.5
107	35.2
235	47.0
315	51.2
189	35.3
94	38.1
356	37.1
223	37.6
132	64.8
332	-19.0
338
322	Binghamton	AE	29	12–17
7–9	99.0
307	112.5
302	.1883
322	51.6
131	49.7
118	19.6
321	12.8
358	26.9
266	26.9
45	33.7
158	31.9
150	50.6
197	51.1
186	35.4
89	31.8
64	36.2
254	40.3
236	66.3
272	-14.1
283
323	North Carolina Central	MEAC	29	10–19
6–8	102.5
240	116.4
346	.1874
323	50.1
214	54.8
339	19.2
304	21.0
22	34.6
44	38.8
363	39.8
27	42.0
346	49.9
222	57.6
355	33.7
182	32.7
109	34.0
302	32.8
19	67.7
197	-15.3
305
324	Delaware St.	MEAC	26	12–14
8–6	100.4
286	114.3
322	.1850
324	48.8
276	53.8
311	18.1
242	20.0
43	34.0
58	32.1
294	36.3
78	40.3
335	47.6
302	56.3
344	35.5
84	33.5
158	20.7
364	41.1
262	70.8
50	-10.9
216
325	Grambling St.	SWAC	31	9–22
7–11	95.6
345	108.9
234	.1824
325	47.3
320	49.3
99	19.2
304	18.3
97	26.3
282	31.1
247	35.1
113	31.3
134	46.9
316	47.0
36	32.0
264	35.7
289	35.0
279	35.6
72	64.6
336	-16.8
323
Rk	Team	Conf	G	Rec	AdjOE	AdjDE	Barthag	Efg%	EfgD%	TOR	TORD	ORB	DRB	FTR	FTRD	2P%	2P%D	3P%	3P%D	3PR	3PRD	Adj T.	WAB
326	Lindenwood	OVC	30	13–17
10–10	94.5
352	107.7
209	.1821
326	45.0
354	50.7
168	17.9
225	19.4
63	30.0
179	31.5
266	36.0
89	34.7
222	47.6
302	50.0
138	26.7
364	34.6
229	34.6
290	37.5
126	70.1
66	-12.8
253
327	Niagara	MAAC	30	10–20
6–14	100.9
275	115.1
334	.1809
327	52.0
113	53.0
277	18.6
276	16.8
193	23.6
337	27.3
60	30.4
260	29.8
93	51.8
144	51.8
216	34.9
118	36.7
330	42.8
85	38.4
162	65.6
303	-16.7
322
328	Holy Cross	Pat	30	11–19
5–13	101.4
263	115.9
342	.1771
328	53.1
78	53.5
303	17.9
225	13.6
347	23.3
340	27.0
49	22.2
364	25.4
21	49.6
241	54.5
308	38.6
7	34.5
221	42.3
93	37.8
139	66.6
255	-15.5
307
329	Green Bay	Horz	31	4–27
2–18	100.9
276	115.4
337	.1756
329	50.9
167	54.8
339	18.0
233	14.6
329	18.4
362	32.0
287	37.0
61	35.4
241	52.2
133	54.1
296	32.9
218	37.3
343	46.2
41	39.4
198	69.8
74	-21.6
362
330	Alcorn St.	SWAC	31	11–20
11–7	97.1
335	111.2
275	.1732
330	46.1
338	53.0
277	19.6
321	18.3
97	33.6
70	32.5
308	30.4
260	31.5
141	45.4
342	54.6
315	31.8
272	34.1
191	29.6
352	45.3
342	65.5
307	-13.9
279
331	Florida A&M	SWAC	29	12–17
10–8	101.1
269	116.3
344	.1679
331	50.6
182	51.4
208	20.7
343	15.4
296	27.7
241	31.9
284	36.7
67	39.9
329	50.8
186	51.5
204	33.6
185	34.2
202	46.6
35	36.5
99	67.9
181	-10.8
214
332	USC Upstate	BSth	29	3–26
2–14	99.3
302	114.8
329	.1577
332	49.8
234	56.1
352	19.0
295	16.6
212	25.3
314	32.4
304	30.4
260	39.5
322	53.1
103	58.3
359	29.4
352	35.2
266	36.9
230	40.2
233	73.4
5	-21.0
356
333	Southern Indiana	OVC	28	8–20
5–15	98.7
316	114.3
324	.1555
333	47.9
303	51.8
231	17.2
181	16.7
199	27.9
239	31.3
257	30.7
251	35.6
250	45.4
342	50.0
138	35.2
98	36.7
330	33.5
313	36.5
99	67.7
197	-17.4
330
334	Fairfield	MAAC	31	11–20
8–12	98.2
321	114.2
320	.1499
334	46.3
335	53.7
306	15.5
59	18.2
103	28.6
222	31.0
241	25.4
349	31.0
125	45.8
335	53.4
278	31.5
290	36.0
310	38.3
187	36.9
108	66.6
255	-16.9
325
335	North Carolina A&T	CAA	31	6–25
3–15	97.2
330	113.0
308	.1499
335	45.8
345	51.5
219	15.4
53	15.3
301	27.0
263	31.4
262	31.2
231	30.0
100	46.3
325	52.4
246	30.0
342	33.3
141	36.0
259	38.5
167	70.0
67	-20.1
350
336	Mercyhurst	NEC	28	12–16
9–7	99.4
299	115.6
340	.1493
336	48.6
283	55.0
345	16.4
127	20.3
36	22.2
351	33.3
326	30.9
245	38.3
302	45.8
335	56.0
339	35.7
75	35.7
289	36.4
246	39.8
214	65.3
316	-12.6
249
337	Stony Brook	CAA	31	7–24
4–14	101.0
274	117.6
354	.1472
337	47.7
309	56.0
351	18.3
255	14.9
319	29.5
197	31.2
250	31.6
211	28.4
64	45.7
337	57.2
354	33.8
178	36.3
323	39.0
172	42.3
291	65.2
320	-19.5
346
338	Morgan St.	MEAC	28	10–18
7–7	100.6
282	117.7
355	.1411
338	49.0
268	52.4
254	17.9
225	17.0
184	34.1
55	36.9
360	35.7
100	39.1
314	49.5
246	51.0
182	31.6
284	36.8
334	21.7
363	34.3
37	71.1
39	-14.4
290
339	Wagner	NEC	26	10–16
6–10	92.6
361	108.4
219	.1401
339	43.7
363	50.4
150	19.4
311	18.2
103	31.7
124	25.0
13	29.3
291	39.9
329	41.5
364	50.8
175	31.6
284	33.2
130	37.6
203	42.9
303	60.8
363	-13.0
258
340	New Orleans	Slnd	31	4–27
2–18	99.4
300	116.5
348	.1385
340	45.9
342	54.9
342	18.8
289	16.1
250	31.6
125	35.5
355	33.9
151	26.6
34	46.0
334	55.1
325	30.4
337	36.4
326	30.7
342	42.4
293	69.9
70	-19.4
342
341	Detroit Mercy	Horz	31	7–24
4–16	94.7
350	111.5
278	.1326
341	45.6
349	51.2
196	19.1
302	15.5
287	31.9
120	30.5
219	28.9
301	39.8
328	43.9
357	52.4
246	33.3
199	33.2
130	28.4
356	47.0
352	67.8
192	-18.8
336
342	Western Illinois	OVC	28	9–19
6–14	99.3
304	117.0
349	.1310
342	50.1
214	51.1
189	18.2
250	14.4
332	28.1
233	31.8
278	27.2
329	30.6
118	46.7
321	50.2
146	37.3
26	35.1
257	37.2
218	34.8
50	65.1
324	-16.2
317
343	Louisiana Monroe	SB	30	5–25
3–15	96.3
339	113.8
317	.1275
343	45.0
354	53.6
305	17.1
174	16.1
250	29.0
207	32.5
308	31.1
234	25.1
19	43.1
360	55.8
333	32.5
238	34.0
189	33.9
303	45.1
340	68.5
145	-20.7
353
344	Buffalo	MAC	29	7–22
4–14	95.9
342	113.4
313	.1274
344	48.8
276	54.2
321	19.5
313	16.2
244	24.8
323	31.3
257	32.7
188	31.2
131	51.3
165	53.4
278	30.5
333	37.2
342	43.9
71	35.2
59	71.3
32	-17.2
329
345	Le Moyne	NEC	30	7–23
4–12	102.1
248	120.7
359	.1273
345	51.5
135	54.7
337	19.6
321	16.3
239	25.7
305	32.9
319	37.7
51	36.9
279	53.2
98	54.1
296	32.8
223	37.0
338	41.3
125	41.4
273	69.3
105	-19.1
339
346	Bellarmine	ASun	29	3–26
2–16	102.8
235	121.6
361	.1267
346	53.7
60	58.1
364	17.4
194	15.4
296	20.2
358	30.0
194	26.5
335	34.9
228	53.9
71	57.8
357	35.6
79	39.0
361	43.2
80	47.4
356	67.0
228	-21.3
359
347	Western Carolina	SC	27	5–22
4–14	94.6
351	111.9
290	.1265
347	45.4
350	51.1
189	19.0
295	13.5
348	25.7
305	29.4
159	27.0
330	34.0
209	46.3
325	52.8
258	29.7
347	32.6
102	48.2
17	44.0
321	71.2
35	-16.6
321
348	West Georgia	ASun	30	5–25
4–14	96.8
337	114.8
328	.1234
348	47.2
321	56.1
352	16.3
120	16.6
212	26.1
291	29.2
148	28.8
307	36.3
269	48.4
281	56.9
352	29.7
347	36.8
334	30.1
348	43.7
319	68.8
126	-20.4
352
349	Sacramento St.	BSky	29	4–25
3–15	94.8
349	113.2
311	.1146
349	48.0
301	55.1
347	20.3
338	17.1
178	27.4
253	27.6
69	31.3
228	39.2
315	49.1
262	55.2
327	31.2
307	36.6
328	44.9
57	46.0
347	66.1
280	-20.8
354
350	Northern Illinois	MAC	28	3–25
2–16	93.8
354	112.1
295	.1143
350	47.1
325	53.2
288	16.3
120	16.6
212	17.8
364	30.8
231	31.6
211	44.0
356	45.3
344	51.0
182	32.7
230	38.0
355	49.2
9	37.5
126	69.6
87	-20.8
355
351	Central Arkansas	ASun	31	7–24
4–14	96.9
336	116.3
345	.1086
351	47.4
319	56.8
359	18.2
250	16.7
199	28.6
222	30.0
194	28.8
307	22.6
9	50.2
212	55.4
329	29.6
351	38.7
360	47.8
21	52.1
363	67.0
228	-18.3
334
352	Cal St. Fullerton	BW	30	4–26
1–19	93.1
358	112.1
293	.1060
352	44.2
359	54.3
324	21.3
355	16.1
250	25.9
296	29.8
181	39.2
32	34.1
211	46.1
331	55.9
336	27.0
363	34.9
245	34.1
300	45.8
343	68.8
126	-19.5
344
353	Prairie View A&M	SWAC	31	4–27
4–14	97.4
329	117.4
353	.1046
353	48.2
296	56.2
354	16.7
149	20.0
43	24.5
326	39.1
364	33.8
152	40.5
337	48.6
274	57.6
355	31.5
290	35.7
289	33.7
307	32.7
18	71.0
42	-21.2
358
354	Stetson	ASun	30	6–24
6–12	98.9
310	119.5
358	.1016
354	50.2
207	53.1
283	18.7
285	13.1
355	24.1
329	34.3
345	33.1
172	27.7
49	50.2
212	52.6
250	33.5
189	35.9
304	37.7
200	41.4
273	68.3
155	-19.5
343
355	NJIT	AE	30	5–25
3–13	93.3
357	112.9
306	.1009
355	45.3
351	50.0
130	18.0
233	13.8
344	27.7
241	31.8
278	27.4
327	38.6
309	45.0
347	51.9
223	30.5
333	31.0
36	37.8
196	35.2
59	67.0
228	-21.5
361
356	Canisius	MAAC	31	3–28
3–17	99.8
295	121.3
360	.0958
356	51.2
148	56.9
360	18.5
271	16.4
226	18.3
363	34.3
345	23.3
359	31.4
137	48.4
281	58.7
362	36.7
43	36.2
320	41.4
122	40.9
256	66.9
235	-23.2
364
357	New Hampshire	AE	30	6–24
6–10	93.4
356	115.0
332	.0835
357	47.1
325	54.4
329	19.0
295	16.9
189	27.4
253	31.6
273	26.4
337	33.0
176	46.8
319	56.4
348	31.7
277	34.1
191	40.8
135	39.7
207	68.4
151	-20.3
351
358	Alabama A&M	SWAC	29	7–22
6–12	92.9
360	114.6
327	.0822
358	45.1
352	54.3
324	21.9
360	21.0
22	33.9
61	34.6
349	38.6
39	46.7
359	44.3
353	51.8
216	30.8
326	39.0
361	41.6
117	37.5
126	71.5
24	-18.7
335
359	Maryland Eastern Shore	MEAC	27	2–25
2–12	95.6
344	119.0
357	.0745
359	45.7
346	55.3
348	19.7
324	15.5
287	27.1
262	34.1
341	35.6
103	40.6
339	44.7
351	58.6
361	31.5
290	33.3
141	37.2
218	37.7
135	66.8
241	-19.3
341
360	Chicago St.	NEC	32	4–28
4–12	91.8
362	114.5
325	.0729
360	44.4
358	54.9
342	18.5
271	18.2
103	22.6
345	33.6
330	26.8
332	36.9
279	43.4
359	55.7
332	30.6
330	35.8
298	40.9
132	39.4
198	69.3
105	-21.7
363
361	The Citadel	SC	26	1–25
0–18	93.5
355	117.1
350	.0700
361	46.9
329	54.5
332	19.5
313	15.2
306	27.2
257	32.0
287	32.8
184	32.8
169	49.5
246	56.3
344	29.2
353	34.7
232	45.2
54	42.7
299	65.3
316	-21.4
360
362	Arkansas Pine Bluff	SWAC	29	4–25
3–15	96.0
341	122.3
362	.0583
362	50.3
200	56.3
355	20.4
339	16.8
193	26.3
282	34.6
349	32.8
184	40.5
337	52.6
115	58.5
360	31.0
319	35.7
289	37.9
195	44.9
337	72.3
13	-20.0
349
363	Coppin St.	MEAC	29	5–24
4–10	87.7
363	112.6
305	.0534
363	44.0
362	55.6
349	21.6
356	20.5
32	26.5
273	33.9
337	36.4
72	37.1
284	44.2
355	56.3
344	29.0
354	36.3
323	32.1
335	38.8
176	68.7
134	-19.0
337
364	Mississippi Valley St.	SWAC	29	1–28
1–17	83.3
364	125.3
364	.0090
364	42.1
364	57.9
363	24.3
363	15.0
315	22.7
343	38.0
361	30.3
266	38.4
305	41.6
363	58.8
363	28.8
356	37.7
351	30.6
344	38.4
162	65.5
307	-21.0
357