Relative Ranking
Team
O-Rate
D-Rate
Relative Rating
Opponent Adjust
Pace Adjust
Off Rank
Def Rank
True Tempo
Tempo Rank
Home Rank
D1 Wins
D1 Losses
1
Kentucky
17.4
13.0
30.4
-0.05
-0.05
2
4
66.3
163
268
38
2
2
Ohio State
14.8
14.0
28.8
-0.05
0.03
5
2
67.6
99
143
31
8
3
North Carolina
13.4
11.8
25.3
0.03
-0.05
8
9
71.9
9
144
32
6
4
Michigan State
11.3
13.8
25.0
0.03
-0.05
18
3
65.8
188
74
29
8
5
Syracuse
12.3
12.7
25.0
-0.05
0.03
11
5
66.4
154
186
34
3
6
Kansas
13.5
11.4
24.9
-0.05
-0.05
7
11
67.4
105
180
32
7
7
Missouri
18.9
5.3
24.2
0.03
-0.05
1
62
66.4
152
72
30
5
8
Vanderbilt
13.4
8.7
22.1
0.03
-0.05
9
20
66.1
179
319
25
11
9
Memphis
10.5
11.1
21.6
-0.05
0.03
21
13
68.4
58
181
26
9
10
Louisville
5.1
15.5
20.6
0.03
0.03
75
1
67.0
119
196
30
10
11
Georgetown
8.7
11.6
20.3
0.03
-0.05
34
10
63.0
312
13
23
9
12
Marquette
11.4
8.8
20.3
-0.05
-0.05
17
18
70.2
22
73
27
8
13
Wisconsin
8.9
11.3
20.2
-0.05
-0.05
30
12
59.0
344
126
26
10
14
Duke
13.7
6.3
20.1
-0.05
0.03
6
50
68.0
81
315
27
7
15
Indiana
14.8
4.9
19.7
-0.05
0.03
4
67
67.3
106
31
27
9
16
Wichita State
11.9
7.5
19.4
-0.05
-0.05
14
29
66.4
153
187
26
6
17
New Mexico
9.3
9.8
19.1
0.03
0.03
29
17
66.2
172
62
27
7
18
Florida
15.3
3.4
18.7
-0.05
0.03
3
94
65.6
205
122
26
11
19
Baylor
12.0
6.3
18.3
-0.05
-0.05
13
51
66.4
158
183
29
8
20
Florida State
5.2
12.2
17.5
0.03
0.03
73
7
67.2
110
57
25
10
21
Saint Louis
6.2
10.6
16.7
0.03
-0.05
58
15
62.7
317
17
25
8
22
Gonzaga
7.8
8.3
16.1
0.03
-0.05
41
23
65.9
183
21
26
7
23
Kansas State
6.0
10.1
16.1
0.03
-0.05
63
16
67.7
98
252
22
11
24
Michigan
9.4
6.7
16.1
0.03
-0.05
27
45
62.0
324
222
23
10
25
Virginia
3.5
12.4
15.9
0.03
-0.05
93
6
61.0
337
149
22
10
26
Cincinnati
8.4
7.5
15.8
0.03
0.03
37
31
63.8
286
213
26
11
27
Saint Mary's
11.8
3.8
15.6
0.03
0.03
15
84
64.6
257
237
25
6
28
Alabama
3.4
12.0
15.5
-0.05
0.03
95
8
63.2
306
206
21
12
29
Purdue
12.3
2.9
15.3
-0.05
-0.05
10
103
65.3
222
194
22
13
30
UNLV
6.4
8.8
15.2
0.03
0.03
52
19
69.9
28
45
24
9
31
Murray State
8.3
6.9
15.2
0.03
-0.05
40
38
65.7
196
321
28
2
32
Notre Dame
9.5
5.2
14.7
0.03
-0.05
25
64
61.9
326
19
22
12
33
West Virginia
8.5
6.1
14.6
0.03
0.03
35
52
65.8
190
100
19
14
34
Arizona
7.8
6.7
14.5
0.03
0.03
42
44
65.2
225
300
23
12
35
Iowa State
8.8
5.7
14.5
0.03
-0.05
32
57
66.9
129
233
23
11
36
Connecticut
7.7
6.4
14.1
-0.05
0.03
43
48
64.3
271
41
20
14
37
California
7.0
7.1
14.1
-0.05
-0.05
47
36
66.6
145
83
24
10
38
Texas
9.5
4.5
14.0
-0.05
0.03
26
73
65.4
216
49
20
14
39
Long Beach State
6.9
6.7
13.6
0.03
-0.05
49
43
67.0
118
250
23
9
40
Belmont
10.3
3.3
13.6
-0.05
-0.05
23
97
67.9
86
286
26
8
41
Miami (Fla.)
8.7
4.7
13.4
-0.05
-0.05
33
71
64.5
261
284
20
13
42
Harvard
5.7
7.7
13.4
0.03
-0.05
66
27
62.1
322
288
25
5
43
Temple
9.3
3.7
13.1
0.03
-0.05
28
85
66.8
133
265
24
8
44
VCU
4.6
8.4
13.0
0.03
-0.05
85
21
66.2
175
225
29
7
45
NC State
8.8
3.8
12.6
-0.05
-0.05
31
83
67.4
104
340
24
13
46
Pittsburgh
10.5
2.1
12.6
-0.05
0.03
22
124
63.4
299
311
22
17
47
Drexel
4.9
7.5
12.3
0.03
-0.05
80
30
61.4
332
189
29
7
48
South Dakota State
10.5
1.7
12.3
0.03
-0.05
20
134
66.4
159
4
25
8
49
Ohio
4.7
7.4
12.1
0.03
0.03
83
32
67.0
125
160
28
8
50
Washington
7.2
4.7
11.9
0.03
0.03
44
69
70.0
26
103
24
11
51
Xavier
6.2
5.5
11.8
0.03
-0.05
56
59
67.2
109
97
23
13
52
Seton Hall
4.0
7.8
11.8
0.03
-0.05
91
26
65.5
208
58
20
13
53
BYU
4.2
7.2
11.5
-0.05
0.03
88
33
72.2
7
140
24
9
54
UCLA
4.7
6.6
11.3
-0.05
-0.05
82
47
65.0
232
137
18
14
55
Northwestern
12.2
-1.2
11.0
-0.05
-0.05
12
201
63.4
301
85
19
14
56
San Diego State
4.5
6.4
10.9
0.03
-0.05
86
49
66.6
148
306
24
8
57
South Florida
-0.0
10.8
10.7
-0.05
0.03
162
14
60.1
342
156
21
14
58
Minnesota
5.8
4.7
10.5
-0.05
0.03
65
70
64.4
265
331
23
15
59
Clemson
3.3
7.0
10.3
0.03
-0.05
99
37
64.2
272
223
16
15
60
Dayton
8.3
1.9
10.2
0.03
0.03
39
131
65.4
213
51
20
13
61
Iona
10.6
-0.5
10.2
-0.05
0.03
19
181
70.9
14
273
25
8
62
Creighton
11.8
-1.7
10.1
-0.05
0.03
16
216
66.9
126
262
29
6
63
New Mexico State
6.0
4.0
10.0
0.03
0.03
61
79
70.4
18
177
24
10
64
Stanford
2.5
7.5
10.0
-0.05
0.03
118
28
67.6
100
139
26
11
65
Middle Tennessee
2.8
7.1
9.9
0.03
0.03
110
35
66.7
138
327
26
7
66
Oregon
8.5
1.4
9.8
-0.05
-0.05
36
144
67.2
111
227
24
10
67
Tennessee
3.1
6.7
9.8
0.03
0.03
105
46
65.3
223
56
18
15
68
Villanova
6.6
2.9
9.5
-0.05
0.03
51
104
67.8
88
150
13
19
69
La Salle
4.3
5.1
9.4
-0.05
-0.05
87
65
68.3
60
205
21
13
70
Davidson
7.1
2.1
9.1
-0.05
0.03
45
128
68.1
71
40
24
8
71
Lehigh
6.0
3.0
9.0
0.03
-0.05
62
101
68.1
70
168
26
8
72
Saint Bonaventure
6.2
2.7
9.0
-0.05
-0.05
55
108
64.8
244
44
20
12
73
Illinois
3.1
5.8
8.9
0.03
-0.05
103
54
64.9
239
96
17
15
74
Virginia Tech
4.1
4.7
8.8
-0.05
0.03
90
68
63.0
313
240
16
17
75
Oral Roberts
8.3
0.4
8.8
0.03
0.03
38
159
64.8
246
256
27
7
76
Saint Joseph's
7.0
1.2
8.2
0.03
0.03
46
147
65.6
201
101
20
14
77
Southern Mississippi
6.6
1.4
8.0
0.03
-0.05
50
143
64.7
249
245
23
9
78
Colorado
2.6
5.4
8.0
0.03
-0.05
115
61
65.8
193
110
22
12
79
Akron
3.3
4.7
7.9
-0.05
-0.05
100
72
67.7
91
84
21
12
80
Denver
6.1
1.9
7.9
0.03
-0.05
60
132
61.7
327
52
22
9
81
Montana
1.0
6.9
7.9
-0.05
0.03
143
40
65.8
191
86
23
7
82
Mississippi State
6.9
0.8
7.7
0.03
0.03
48
154
65.7
195
88
21
12
83
Ole Miss
0.7
6.9
7.6
-0.05
-0.05
146
39
67.0
117
119
20
14
84
Marshall
6.2
1.4
7.5
-0.05
0.03
59
145
65.7
197
190
20
14
85
Cleveland State
2.0
5.4
7.4
-0.05
0.03
124
60
65.3
218
339
21
11
86
Massachusetts
1.5
5.7
7.1
0.03
0.03
134
56
73.5
3
210
25
12
87
Northern Iowa
2.6
4.5
7.0
0.03
-0.05
116
74
63.6
294
145
19
14
88
Old Dominion
-1.1
7.9
6.8
-0.05
-0.05
183
25
66.2
173
330
22
14
89
Princeton
2.6
4.2
6.8
0.03
-0.05
114
76
64.1
275
152
18
12
90
Tulsa
3.1
3.7
6.8
-0.05
-0.05
106
86
64.7
250
220
17
14
91
Georgia State
-1.6
8.3
6.8
-0.05
0.03
194
22
65.4
212
65
22
12
92
Iowa
5.9
0.8
6.8
-0.05
-0.05
64
153
68.5
52
80
18
17
93
Nevada
2.9
3.5
6.4
0.03
-0.05
107
91
65.5
210
316
27
7
94
Fairfield
-0.9
7.2
6.4
0.03
0.03
176
34
64.6
254
202
22
15
95
George Mason
1.9
4.3
6.2
0.03
-0.05
125
75
68.0
83
166
24
9
96
Oklahoma State
3.7
2.5
6.2
-0.05
-0.05
92
112
66.5
150
25
14
18
97
UCF
2.5
3.7
6.2
-0.05
-0.05
119
87
64.5
262
53
20
11
98
Bucknell
3.4
2.8
6.2
-0.05
0.03
97
107
64.4
266
263
24
10
99
LSU
-1.9
8.0
6.2
0.03
0.03
202
24
66.2
169
36
18
15
100
Colorado State
6.3
-0.2
6.1
-0.05
0.03
53
174
64.9
235
26
20
12
101
Georgia
1.9
4.0
5.9
-0.05
-0.05
126
80
63.1
311
43
15
17
102
Lamar
3.4
2.5
5.9
0.03
-0.05
98
109
67.6
101
259
21
12
103
Oregon State
4.9
0.9
5.8
0.03
0.03
77
150
70.9
15
77
20
15
104
Kent State
3.5
2.3
5.8
-0.05
-0.05
94
119
67.7
97
125
20
12
105
Buffalo
3.2
2.5
5.7
0.03
0.03
101
111
68.4
53
270
19
11
106
Detroit
6.3
-0.7
5.6
0.03
-0.05
54
184
66.7
136
305
20
14
107
Missouri State
1.5
4.1
5.5
0.03
-0.05
133
77
64.2
273
342
15
16
108
Butler
-1.3
6.8
5.5
-0.05
-0.05
188
41
64.9
238
104
21
15
109
Richmond
5.1
0.4
5.5
-0.05
-0.05
76
162
64.3
269
63
16
16
110
Texas A&M
-0.7
6.0
5.3
-0.05
-0.05
173
53
63.2
308
167
13
18
111
Rutgers
-0.0
5.3
5.2
0.03
-0.05
161
63
66.4
157
260
14
18
112
Wyoming
-1.6
6.8
5.2
-0.05
0.03
197
42
61.1
336
134
19
12
113
Vermont
1.4
3.6
5.0
0.03
-0.05
135
88
63.5
295
66
24
12
114
UC Santa Barbara
5.2
-0.3
4.9
-0.05
0.03
74
179
64.5
259
157
18
11
115
Oklahoma
1.6
3.2
4.8
-0.05
0.03
131
99
67.4
103
32
15
16
116
Washington State
5.5
-0.7
4.7
-0.05
0.03
69
185
63.8
285
60
18
18
117
Maryland
3.1
1.5
4.6
0.03
0.03
104
142
67.1
114
179
17
15
118
Utah State
4.8
-0.3
4.5
0.03
0.03
81
178
63.2
307
37
20
16
119
Duquesne
4.1
0.1
4.2
-0.05
0.03
89
166
68.2
65
102
15
15
120
UT Arlington
0.7
3.4
4.2
-0.05
-0.05
145
93
71.3
12
111
23
9
121
Wagner
0.7
3.4
4.1
0.03
-0.05
149
92
68.2
68
317
23
6
122
Loyola Maryland
2.4
1.7
4.1
0.03
-0.05
121
136
64.8
243
266
24
9
123
UNC Asheville
4.9
-0.8
4.1
-0.05
-0.05
78
188
69.2
39
38
21
10
124
Providence
5.6
-1.7
3.9
0.03
0.03
68
215
66.4
156
218
15
17
125
Robert Morris
1.5
2.4
3.9
-0.05
-0.05
132
113
64.3
270
228
26
10
126
Illinois State
1.3
2.4
3.7
-0.05
-0.05
138
117
64.7
251
22
21
14
127
San Francisco
4.6
-1.0
3.6
0.03
0.03
84
196
68.7
47
161
18
14
128
Weber State
5.6
-2.1
3.5
-0.05
-0.05
67
222
67.0
122
132
23
7
129
Quinnipiac
2.5
0.9
3.4
0.03
-0.05
117
152
66.5
151
195
17
12
130
Bowling Green
1.1
2.2
3.3
0.03
0.03
141
122
64.6
255
165
15
16
131
East Carolina
1.2
2.1
3.3
-0.05
-0.05
139
125
66.3
165
235
11
16
132
Long Island
6.2
-3.0
3.2
0.03
-0.05
57
238
73.9
2
61
23
9
133
UAB
-0.8
3.9
3.1
-0.05
0.03
174
81
62.4
319
226
15
16
134
Valparaiso
2.8
0.3
3.1
0.03
-0.05
109
164
65.2
226
135
20
12
135
Mercer
-0.8
3.6
2.7
0.03
-0.05
175
89
65.3
220
184
26
11
136
Arkansas
2.7
-0.1
2.7
-0.05
0.03
112
169
70.0
27
10
18
14
137
Indiana State
-0.9
3.6
2.6
0.03
-0.05
179
90
65.2
224
163
17
15
138
Penn State
0.4
2.2
2.5
-0.05
-0.05
154
120
64.5
258
12
12
20
139
Penn
0.4
2.1
2.5
0.03
-0.05
152
126
63.5
296
274
20
13
140
Loyola Marymount
-0.0
2.4
2.4
0.03
0.03
163
114
67.1
113
343
19
13
141
Stony Brook
0.5
1.8
2.3
-0.05
-0.05
151
133
62.6
318
154
21
10
142
Evansville
3.2
-1.0
2.1
-0.05
-0.05
102
195
68.1
73
236
15
16
143
South Carolina
0.7
1.3
2.0
-0.05
-0.05
148
146
63.1
309
283
10
21
144
UTEP
-1.1
3.0
1.9
0.03
-0.05
182
102
62.4
320
46
15
17
145
Milwaukee
-1.4
3.3
1.9
0.03
0.03
192
95
65.5
209
54
19
14
146
Rice
-0.6
2.4
1.8
-0.05
-0.05
170
115
68.4
57
318
16
16
147
Georgia Tech
-2.2
4.0
1.8
-0.05
0.03
213
78
63.6
293
341
11
20
148
Nebraska
-0.0
1.7
1.7
-0.05
0.03
160
135
63.1
310
203
12
18
149
Manhattan
-0.9
2.3
1.5
-0.05
-0.05
177
118
68.0
79
336
21
13
150
Boise State
2.1
-0.9
1.2
-0.05
0.03
123
191
65.5
211
121
12
17
151
North Dakota State
2.9
-1.7
1.2
0.03
0.03
108
217
66.9
127
133
16
14
152
Oakland
9.5
-8.5
1.0
-0.05
0.03
24
324
70.3
20
229
19
16
153
College of Charleston
-0.6
1.6
0.9
0.03
-0.05
171
141
68.0
80
323
19
12
154
Yale
-2.4
3.2
0.8
-0.05
0.03
220
98
67.3
107
81
17
10
155
Drake
-2.4
3.1
0.8
-0.05
0.03
219
100
66.6
146
16
17
16
156
Auburn
-3.2
3.9
0.7
-0.05
-0.05
235
82
65.1
228
47
15
16
157
Idaho
2.6
-2.1
0.5
0.03
0.03
113
221
63.7
292
304
17
14
158
Stephen F. Austin
-4.7
5.1
0.4
-0.05
-0.05
262
66
60.2
341
255
16
12
159
St. John's
0.3
-0.0
0.3
0.03
0.03
155
168
67.7
95
247
12
19
160
Charlotte
-2.5
2.8
0.2
0.03
0.03
225
106
68.3
62
276
13
17
161
Cal State Fullerton
5.3
-5.1
0.2
0.03
-0.05
72
277
69.0
41
192
19
10
162
East Tennessee State
-1.8
2.0
0.2
0.03
-0.05
200
129
65.6
204
153
16
14
163
Cal Poly
1.7
-1.5
0.2
-0.05
-0.05
129
209
60.6
340
15
16
15
164
George Washington
0.2
-0.1
0.1
0.03
-0.05
156
170
63.9
281
129
10
21
165
TCU
2.8
-2.8
-0.1
0.03
0.03
111
235
68.7
49
6
17
15
166
Western Michigan
2.1
-2.8
-0.7
-0.05
0.03
122
234
66.1
178
116
13
20
167
DePaul
3.4
-4.2
-0.8
0.03
-0.05
96
264
71.6
10
211
12
19
168
Tennessee State
-1.4
0.5
-0.9
0.03
-0.05
191
158
66.2
170
257
18
13
169
North Texas
-2.6
1.6
-1.0
-0.05
-0.05
226
140
68.2
64
95
15
14
170
Coastal Carolina
0.2
-1.4
-1.1
0.03
0.03
157
206
65.0
233
308
15
12
171
UTSA
0.4
-1.5
-1.2
0.03
0.03
153
210
68.0
77
328
16
14
172
Charleston Southern
1.4
-2.6
-1.2
-0.05
0.03
136
230
70.2
25
68
16
12
173
South Carolina Upstate
-1.8
0.6
-1.3
0.03
-0.05
201
157
67.8
89
87
19
13
174
Delaware
-1.2
-0.2
-1.3
0.03
-0.05
185
173
68.2
66
112
18
14
175
Youngstown State
0.7
-2.1
-1.4
-0.05
-0.05
147
220
65.8
189
108
14
15
176
American
-2.1
0.6
-1.4
-0.05
-0.05
210
156
63.0
314
92
20
12
177
Wofford
-0.1
-1.5
-1.7
-0.05
0.03
164
211
62.0
325
7
17
14
178
Boston University
-3.3
1.6
-1.7
-0.05
0.03
236
139
64.9
237
214
16
16
179
Tulane
-2.8
1.2
-1.7
-0.05
0.03
228
148
65.6
207
14
13
16
180
Fresno State
-1.6
-0.1
-1.7
0.03
-0.05
195
171
63.4
302
193
11
20
181
Cornell
-2.5
0.8
-1.8
0.03
0.03
224
155
68.5
51
109
11
16
182
IU Indy
5.4
-7.2
-1.8
0.03
-0.05
70
309
66.1
180
182
12
18
183
Green Bay
-1.9
0.1
-1.8
0.03
-0.05
203
167
67.1
115
82
13
15
184
Air Force
-2.3
0.3
-1.9
-0.05
-0.05
215
163
62.8
316
325
11
16
185
Albany
4.9
-6.9
-2.0
-0.05
0.03
79
302
66.2
174
200
18
15
186
Houston
2.5
-4.5
-2.0
-0.05
0.03
120
270
67.0
116
18
14
15
187
Tennessee Tech
0.9
-3.2
-2.3
0.03
0.03
144
242
68.2
67
292
17
14
188
Northeastern
-1.5
-0.9
-2.5
0.03
-0.05
193
192
64.7
253
212
14
17
189
Columbia
-1.2
-1.3
-2.5
0.03
-0.05
187
204
63.7
291
158
13
15
190
Morehead State
-2.4
-0.2
-2.6
-0.05
-0.05
218
176
61.4
331
146
15
15
191
SMU
-4.7
2.1
-2.6
0.03
0.03
261
127
61.1
335
298
11
19
192
Savannah State
-8.3
5.6
-2.7
-0.05
0.03
301
58
64.4
264
99
19
12
193
Wake Forest
-0.4
-2.3
-2.8
-0.05
0.03
168
225
67.0
121
208
13
18
194
Florida Atlantic
-1.3
-1.5
-2.8
0.03
0.03
189
208
65.1
230
303
10
19
195
Ball State
-2.0
-0.9
-2.9
-0.05
0.03
208
189
63.4
300
216
14
15
196
Rider
1.8
-4.8
-3.0
-0.05
0.03
127
272
68.3
61
90
13
19
197
Louisiana Tech
-2.2
-0.8
-3.0
-0.05
0.03
214
186
67.9
87
123
16
16
198
Central Connecticut
-2.4
-0.6
-3.0
-0.05
0.03
222
183
68.0
82
76
13
15
199
Austin Peay
0.1
-3.7
-3.6
-0.05
-0.05
158
255
68.4
55
172
11
20
200
North Florida
-2.0
-1.7
-3.6
-0.05
0.03
205
214
66.9
128
141
15
16
201
Portland State
5.3
-9.0
-3.7
-0.05
-0.05
71
329
66.9
130
151
15
15
202
Hofstra
-2.6
-1.1
-3.7
-0.05
0.03
227
197
66.7
139
117
9
22
203
Norfolk State
-3.6
-0.2
-3.8
0.03
0.03
238
172
67.5
102
258
24
9
204
Eastern Washington
-1.6
-2.2
-3.8
0.03
0.03
198
224
68.4
54
299
13
17
205
Holy Cross
-2.9
-1.0
-3.9
-0.05
-0.05
230
193
66.7
137
20
15
14
206
Western Kentucky
-4.9
1.0
-3.9
0.03
-0.05
264
149
69.0
43
280
16
19
207
Arkansas-Little Rock
-6.2
2.1
-4.0
0.03
-0.05
285
123
65.8
192
313
14
16
208
Wright State
-7.1
2.9
-4.2
-0.05
-0.05
291
105
63.8
284
98
12
19
209
Arkansas State
-1.1
-3.2
-4.2
0.03
-0.05
184
241
63.5
297
130
13
20
210
Florida Gulf Coast
-0.3
-3.9
-4.3
-0.05
0.03
167
260
67.7
92
217
14
17
211
Seattle
-4.1
-0.2
-4.3
0.03
0.03
248
175
74.2
1
162
10
15
212
Hawaii
-0.2
-4.3
-4.5
0.03
-0.05
165
268
70.4
17
131
14
16
213
USC
-10.3
5.8
-4.6
-0.05
-0.05
316
55
61.2
334
337
6
26
214
Western Illinois
-7.2
2.5
-4.7
0.03
0.03
293
110
59.5
343
59
16
15
215
Western Carolina
-1.2
-3.6
-4.8
0.03
0.03
186
248
66.6
147
34
15
18
216
Rhode Island
-0.9
-3.9
-4.8
0.03
0.03
180
258
67.7
94
279
7
24
217
Sacred Heart
-1.0
-3.8
-4.8
-0.05
0.03
181
256
67.7
90
271
14
16
218
Louisiana-Lafayette
-8.1
3.3
-4.8
0.03
-0.05
299
96
69.4
36
309
15
16
219
North Carolina Central
-5.1
0.3
-4.8
-0.05
-0.05
269
165
66.0
181
269
13
15
220
San Diego
-2.1
-2.7
-4.8
-0.05
-0.05
211
232
66.3
164
295
11
18
221
Jacksonville State
-4.6
-0.3
-4.9
-0.05
-0.05
257
177
64.5
263
155
13
17
222
McNeese State
-1.4
-3.8
-5.2
0.03
0.03
190
257
64.8
247
128
14
16
223
Miami (OH)
-2.3
-2.9
-5.2
0.03
0.03
216
236
61.3
333
198
8
21
224
Arizona State
-3.0
-2.6
-5.6
0.03
0.03
232
228
63.8
287
114
10
21
225
Lafayette
1.7
-7.3
-5.6
-0.05
0.03
128
311
66.7
141
238
12
18
226
Texas Tech
-6.0
0.4
-5.6
-0.05
0.03
282
161
64.9
234
204
8
23
227
Furman
-4.3
-1.7
-5.9
-0.05
-0.05
251
213
64.8
242
242
13
16
228
South Alabama
-3.3
-2.6
-5.9
-0.05
0.03
237
229
65.9
185
107
16
12
229
Southern Illinois
-3.8
-2.2
-6.0
-0.05
0.03
239
223
65.9
184
42
8
22
230
Campbell
-0.5
-5.5
-6.0
0.03
-0.05
169
282
68.8
45
48
16
15
231
Northwestern State
-4.9
-1.3
-6.2
-0.05
-0.05
263
203
69.5
32
67
13
16
232
Toledo
-2.2
-4.1
-6.3
-0.05
-0.05
212
263
67.0
123
91
17
17
233
James Madison
-1.8
-4.5
-6.3
0.03
-0.05
199
269
66.6
142
297
12
20
234
Mississippi Valley State
-5.3
-1.1
-6.4
-0.05
0.03
272
199
70.3
21
272
21
13
235
Southeast Missouri State
0.5
-7.0
-6.4
-0.05
-0.05
150
303
65.6
203
55
13
16
236
Winthrop
-6.9
0.4
-6.4
-0.05
0.03
289
160
63.5
298
249
10
20
237
Lipscomb
-2.9
-3.6
-6.5
0.03
-0.05
229
250
69.5
35
326
12
18
238
Southern Utah
-3.9
-2.7
-6.5
0.03
-0.05
240
231
64.2
274
241
12
17
239
Utah Valley
-4.6
-2.0
-6.6
0.03
0.03
260
218
66.5
149
127
16
13
240
Siena
-5.7
-0.9
-6.7
0.03
-0.05
276
190
65.7
199
64
14
17
241
UNC Wilmington
-2.9
-4.0
-6.9
0.03
-0.05
231
261
67.0
124
113
10
21
242
Delaware State
-1.6
-5.3
-6.9
-0.05
-0.05
196
279
61.5
329
234
13
14
243
Northern Colorado
1.4
-8.4
-7.0
0.03
0.03
137
320
66.8
132
291
8
18
244
Presbyterian
-0.7
-6.5
-7.2
-0.05
-0.05
172
298
61.5
330
307
13
15
245
Appalachian State
-2.4
-4.9
-7.3
0.03
0.03
221
273
66.2
171
93
11
18
246
Niagara
-0.9
-6.5
-7.3
-0.05
0.03
178
297
67.9
84
282
14
19
247
North Dakota
-6.7
-0.6
-7.4
0.03
0.03
287
182
67.9
85
1
13
15
248
High Point
1.1
-8.5
-7.4
0.03
-0.05
142
321
64.8
248
50
11
18
249
Georgia Southern
-6.1
-1.3
-7.4
-0.05
0.03
284
205
66.7
135
105
13
15
250
UC Irvine
-5.0
-2.5
-7.5
-0.05
0.03
267
226
69.6
31
302
10
19
251
Morgan State
-4.0
-3.5
-7.5
0.03
-0.05
242
247
66.6
144
243
9
20
252
VMI
1.2
-8.7
-7.5
0.03
-0.05
140
327
72.6
4
28
14
16
253
Jacksonville
-4.0
-3.6
-7.6
0.03
-0.05
246
249
66.6
143
301
8
22
254
Maine
-4.5
-3.1
-7.6
0.03
-0.05
255
240
67.7
93
278
11
17
255
Loyola Chicago
-4.6
-3.0
-7.6
-0.05
0.03
258
239
60.9
338
338
6
23
256
Elon
-4.2
-3.6
-7.9
0.03
-0.05
249
252
69.1
40
148
13
16
257
Cal State Bakersfield
-2.5
-5.4
-7.9
-0.05
-0.05
223
280
66.1
177
106
15
15
258
Florida International
-4.3
-3.7
-8.0
0.03
-0.05
252
254
64.8
240
344
8
20
259
Texas Southern
-9.7
1.7
-8.0
-0.05
0.03
312
137
66.4
161
5
15
18
260
Bethune-Cookman
-2.0
-6.3
-8.2
-0.05
0.03
206
291
63.9
278
115
16
17
261
San Jose State
-2.0
-6.3
-8.3
-0.05
0.03
204
294
65.3
219
124
8
22
262
Gardner-Webb
-7.5
-1.0
-8.5
0.03
0.03
297
194
65.4
214
219
10
20
263
Fort Wayne
-4.4
-4.2
-8.6
0.03
0.03
254
267
69.2
37
120
10
19
264
Chattanooga
-5.0
-3.6
-8.7
0.03
0.03
268
253
68.4
56
78
8
21
265
Texas State
-3.1
-5.5
-8.7
-0.05
0.03
234
283
72.3
6
30
9
17
266
Marist
-4.0
-4.7
-8.7
-0.05
-0.05
243
271
68.1
74
27
14
18
267
Hampton
-9.8
0.9
-8.9
0.03
0.03
313
151
68.0
78
264
12
21
268
Liberty
-2.0
-7.0
-9.0
-0.05
-0.05
207
305
65.7
200
248
11
18
269
Central Michigan
-5.9
-3.2
-9.1
0.03
0.03
281
243
65.0
231
188
10
21
270
Mount St. Mary's
-8.0
-1.2
-9.1
-0.05
-0.05
298
200
64.0
276
232
8
19
271
UC Riverside
-11.4
2.2
-9.2
0.03
-0.05
325
121
63.9
279
275
12
17
272
William & Mary
-3.0
-6.2
-9.2
-0.05
0.03
233
290
63.7
288
142
5
26
273
Monmouth
-5.1
-4.2
-9.3
-0.05
0.03
270
266
69.0
42
39
11
19
274
Coppin State
1.7
-11.1
-9.4
0.03
0.03
130
338
68.8
46
320
11
16
275
Portland
-3.9
-5.6
-9.5
0.03
-0.05
241
285
68.1
75
294
6
24
276
UNC Greensboro
-4.5
-5.1
-9.6
0.03
0.03
256
276
71.1
13
185
12
19
277
Pepperdine
-6.1
-3.5
-9.7
-0.05
-0.05
283
246
62.2
321
176
9
19
278
Santa Clara
-0.3
-9.5
-9.8
0.03
-0.05
166
331
66.7
140
159
6
22
279
Eastern Kentucky
-2.3
-7.5
-9.9
0.03
-0.05
217
315
63.3
303
267
14
16
280
Eastern Michigan
-11.8
1.9
-9.9
0.03
-0.05
327
130
60.9
339
24
13
18
281
Sam Houston State
-12.3
2.4
-9.9
-0.05
0.03
328
116
63.9
282
312
9
19
282
Stetson
-4.0
-6.0
-10.0
0.03
0.03
245
287
71.5
11
209
8
20
283
Army
-7.2
-2.9
-10.1
-0.05
-0.05
294
237
69.5
34
290
10
18
284
NJIT
-4.6
-5.6
-10.3
-0.05
0.03
259
286
64.8
241
2
11
16
285
Troy
0.1
-10.4
-10.3
-0.05
-0.05
159
335
68.0
76
261
9
18
286
Bradley
-8.8
-1.6
-10.4
0.03
0.03
303
212
68.7
48
197
7
25
287
Boston College
-8.5
-2.1
-10.5
0.03
-0.05
302
219
65.2
227
169
9
22
288
Samford
-2.1
-8.5
-10.6
0.03
-0.05
209
322
63.3
304
224
9
19
289
Sacramento State
-4.4
-6.3
-10.7
-0.05
-0.05
253
293
65.8
194
191
8
18
290
Pacific
-5.8
-4.9
-10.7
0.03
0.03
280
274
63.2
305
94
9
19
291
Fordham
-7.2
-3.6
-10.9
0.03
0.03
295
251
67.0
120
23
10
19
292
North Carolina A&T
-7.2
-3.9
-11.0
-0.05
0.03
292
259
69.7
29
71
9
20
293
Montana State
-5.8
-5.5
-11.2
-0.05
-0.05
278
281
67.2
112
89
10
17
294
South Dakota
-4.0
-7.4
-11.4
-0.05
-0.05
244
313
68.9
44
136
8
18
295
Missouri-Kansas City
-4.2
-7.4
-11.7
-0.05
-0.05
250
314
64.6
256
293
10
20
296
New Hampshire
-11.0
-0.8
-11.8
0.03
-0.05
323
187
64.9
236
253
12
16
297
Southeastern Louisiana
-13.5
1.7
-11.8
-0.05
0.03
337
138
64.3
268
171
9
17
298
Hartford
-10.4
-1.4
-11.8
-0.05
-0.05
317
207
66.4
155
281
9
22
299
Dartmouth
-10.7
-1.1
-11.8
0.03
-0.05
319
198
63.9
280
289
4
25
300
Illinois-Chicago
-5.7
-6.7
-12.4
0.03
0.03
275
300
64.8
245
201
7
21
301
Eastern Illinois
-5.8
-7.2
-12.9
-0.05
0.03
279
307
64.4
267
310
10
17
302
Idaho State
-5.2
-7.8
-13.0
-0.05
0.03
271
316
65.6
206
244
8
21
303
Alabama State
-12.6
-0.5
-13.1
0.03
0.03
330
180
65.6
202
230
10
19
304
Brown
-6.2
-7.0
-13.3
-0.05
0.03
286
306
65.4
215
75
7
22
305
Saint Francis (PA)
-6.8
-6.8
-13.5
-0.05
-0.05
288
301
64.0
277
9
6
22
306
Cal State Northridge
-4.9
-8.8
-13.8
0.03
-0.05
265
328
68.4
59
231
5
21
307
Utah
-9.0
-5.0
-14.1
0.03
-0.05
305
275
62.1
323
11
5
25
308
Howard
-10.7
-4.2
-14.9
-0.05
-0.05
320
265
66.3
167
174
9
20
309
Saint Peter's
-12.8
-2.8
-15.5
-0.05
-0.05
332
233
64.7
252
314
5
26
310
Texas-Rio Grande Valley
-9.3
-6.4
-15.7
-0.05
-0.05
309
295
65.1
229
79
7
21
311
Southern
-13.2
-2.6
-15.8
-0.05
-0.05
335
227
65.9
186
69
14
14
312
The Citadel
-9.3
-6.5
-15.8
-0.05
-0.05
310
299
65.3
217
138
4
24
313
Radford
-12.3
-3.5
-15.9
-0.05
-0.05
329
245
65.7
198
285
4
26
314
UC Davis
-8.2
-8.0
-16.2
-0.05
0.03
300
318
66.8
131
118
4
26
315
Florida A&M
-10.2
-6.2
-16.4
-0.05
-0.05
314
288
69.7
30
324
8
23
316
Canisius
-7.3
-9.2
-16.5
0.03
0.03
296
330
66.8
134
332
5
25
317
SIU Edwardsville
-9.2
-7.4
-16.6
-0.05
0.03
308
312
68.6
50
246
8
17
318
Colgate
-5.6
-11.0
-16.6
0.03
-0.05
274
337
66.3
166
173
7
22
319
Arkansas-Pine Bluff
-9.4
-7.2
-16.7
-0.05
-0.05
311
310
66.4
160
254
11
22
320
Louisiana-Monroe
-7.0
-10.1
-17.1
-0.05
-0.05
290
333
64.5
260
334
3
25
321
Texas A&M-Corpus Christi
-13.8
-3.4
-17.1
0.03
0.03
339
244
66.2
168
199
6
24
322
Navy
-10.9
-6.3
-17.2
0.03
0.03
321
292
61.7
328
221
2
26
323
Prairie View
-16.1
-1.2
-17.4
0.03
-0.05
343
202
70.2
23
287
11
18
324
Central Arkansas
-9.1
-8.5
-17.6
-0.05
0.03
306
323
72.4
5
29
6
20
325
Kennesaw State
-5.4
-12.7
-18.1
-0.05
-0.05
273
340
63.7
290
296
2
28
326
Jackson State
-13.0
-5.3
-18.3
0.03
0.03
334
278
62.8
315
215
6
24
327
Maryland-Eastern Shore
-14.5
-4.0
-18.5
-0.05
-0.05
341
262
68.1
69
175
6
23
328
Nicholls State
-5.7
-12.8
-18.5
-0.05
-0.05
277
341
67.3
108
8
8
20
329
Northern Illinois
-11.4
-7.2
-18.6
-0.05
-0.05
324
308
63.7
289
170
4
26
330
Alcorn State
-13.3
-5.6
-18.8
-0.05
-0.05
336
284
68.3
63
33
7
21
331
Alabama A&M
-12.6
-6.2
-18.9
0.03
-0.05
331
289
68.1
72
207
5
21
332
Northern Arizona
-10.6
-8.6
-19.2
0.03
0.03
318
325
66.1
176
70
3
24
333
UMBC
-9.1
-10.3
-19.4
-0.05
0.03
307
334
69.2
38
322
4
26
334
Houston Christian
-11.5
-7.9
-19.4
0.03
-0.05
326
317
72.1
8
35
7
20
335
Bryant
-8.8
-10.7
-19.5
0.03
0.03
304
336
66.4
162
335
2
27
336
Omaha
-5.0
-14.6
-19.5
-0.05
0.03
266
343
70.3
19
164
1
15
337
Longwood
-4.0
-16.7
-20.7
0.03
0.03
247
344
70.2
24
3
6
21
338
Chicago State
-13.9
-7.0
-20.9
-0.05
-0.05
340
304
70.6
16
277
3
25
339
Fairleigh Dickinson
-12.8
-8.6
-21.4
0.03
-0.05
333
326
67.7
96
333
2
25
340
South Carolina State
-11.0
-11.5
-22.4
0.03
-0.05
322
339
69.5
33
147
3
26
341
Binghamton
-13.5
-9.5
-23.0
0.03
0.03
338
332
65.3
221
329
2
29
342
Tennessee-Martin
-10.3
-12.9
-23.2
0.03
-0.05
315
342
66.0
182
239
2
27
343
Towson
-17.0
-6.4
-23.4
0.03
-0.05
344
296
63.8
283
251
1
31
344
Grambling
-15.9
-8.2
-24.2
-0.05
-0.05
342
319
65.9
187
178
4
24