Rk	Team	Conf	G	Rec	AdjOE	AdjDE	Barthag	EFG%	EFGD%	TOR	TORD	ORB	DRB	FTR	FTRD	2P%	2P%D	3P%	3P%D	3PR	3PRD	Adj T.	WAB
1	Michigan St.
   1 seed, Sweet Sixteen	B10	4	3–1
0–1	125.8
5	90.4
26	.9780
1	57.3
18	45.7
77	16.6
100	15.9
238	25.9
246	30.2
134	41.3
90	37.4
176	52.8
57	42.4
50	45.2
16	35.2
168	30.1
217	32.0
147	64.9
151	+1.8
6
2	Memphis
   8 seed, R64	CUSA	4	4–0
1–0	116.1
33	84.2
6	.9757
2	55.1
38	39.8
8	16.5
95	21.4
73	28.3
207	31.4
156	51.0
28	44.8
252	54.7
40	42.7
53	37.5
101	21.7
12	27.2
255	28.6
77	68.7
52	+1.0
14
3	Ohio St.
   2 seed, Final Four	B10	5	4–1
2–0	124.5
9	91.7
33	.9710
3	52.2
90	50.4
191	16.5
95	15.0
262	39.4
33	25.7
57	28.8
243	30.5
91	55.4
34	45.8
104	28.8
243	38.1
229	26.5
267	40.5
284	67.2
88	+2.5
2
4	Kentucky
   1 seed, CHAMPS	SEC	5	4–1
2–0	119.6
18	88.3
12	.9702
4	50.7
117	43.3
34	14.8
50	13.5
299	35.3
85	27.4
83	33.3
186	22.4
17	50.0
107	42.1
44	34.8
146	30.5
99	32.6
166	32.8
163	63.3
221	+1.8
5
5	Missouri
   2 seed, R64	B12	5	5–0
2–0	133.4
1	100.3
135	.9634
5	62.8
2	49.7
176	14.1
32	19.0
139	29.4
191	36.1
243	36.5
147	25.6
42	58.5
11	46.5
120	46.9
10	37.6
222	35.8
113	31.7
142	65.2
140	+2.1
4
6	Wichita St.
   5 seed, R64	MVC	2	1–1
0–0	108.3
100	82.3
4	.9592
6	48.0
178	36.1
2	20.5
223	15.2
255	37.7
56	24.7
45	17.6
313	39.8
214	44.3
236	32.3
1	37.8
96	27.9
63	29.6
221	39.8
278	67.2
88	-0.42
125
7	Georgia St.	CAA	3	2–1
0–0	108.2
102	82.8
5	.9559
7	54.4
51	38.7
5	17.3
118	23.9
26	31.9
150	31.0
150	43.7
61	28.8
72	54.2
46	45.9
107	36.8
112	15.4
1	24.1
297	31.9
145	64.0
185	-0.6
155
8	North Carolina
   1 seed, Elite Eight	ACC	5	4–1
2–0	119.0
23	91.9
36	.9511
8	49.5
144	49.2
159	14.0
31	18.4
158	36.5
69	26.8
73	37.2
138	30.5
91	51.3
83	48.5
172	29.9
229	33.7
145	26.9
259	32.5
158	71.2
24	+1.5
7
9	Florida St.
   3 seed, R32	ACC	5	5–0
2–0	121.9
12	94.3
57	.9507
9	57.9
13	45.5
71	22.7
267	18.2
164	31.9
150	37.9
275	35.4
161	27.4
56	50.6
97	45.4
95	48.8
7	30.6
102	32.3
172	32.3
153	67.3
83	+2.9
1
10	South Florida
   12 seed, R32	BE	5	3–2
1–1	102.6
164	79.4
2	.9502
10	48.9
161	38.4
3	23.5
283	16.5
225	29.0
196	25.7
57	29.5
235	32.4
116	49.4
122	38.0
8	31.8
192	26.3
39	28.2
243	30.9
126	58.5
314	+0.03
72
11	Wisconsin
   4 seed, Sweet Sixteen	B10	3	2–1
1–0	122.1
11	95.6
79	.9432
11	51.6
99	50.3
189	14.4
41	17.8
181	28.7
200	27.6
89	37.5
131	40.4
220	43.7
245	47.4
141	41.5
41	40.6
253	42.8
28	21.9
16	60.0
294	+0.8
24
12	VCU
   12 seed, R32	CAA	3	3–0
0–0	114.5
42	89.8
20	.9426
12	51.0
109	48.3
140	14.4
41	30.8
1	26.9
228	42.2
300	51.0
28	37.7
183	45.4
216	45.0
85	40.0
49	37.0
208	38.2
72	31.5
133	66.6
108	+0.9
16
13	Cincinnati
   6 seed, Sweet Sixteen	BE	5	4–1
2–0	114.9
40	90.2
23	.9419
13	46.3
213	47.5
126	14.9
56	21.7
62	33.2
126	37.2
264	27.7
255	24.6
33	50.8
92	43.3
61	25.2
277	36.6
199	34.3
140	35.9
227	60.7
284	+2.3
3
14	Gonzaga
   7 seed, R32	WCC	2	1–1
0–0	116.1
34	91.2
30	.9413
14	53.3
67	46.1
88	15.1
59	18.0
172	27.1
226	28.9
115	24.6
281	37.9
187	55.3
36	49.3
185	32.4
181	26.8
49	30.3
214	35.3
207	63.1
226	-0.08
78
15	Louisville
   4 seed, Final Four	BE	6	4–2
0–2	100.9
188	79.4
3	.9399
15	43.1
277	43.4
36	21.4
244	25.2
12	33.6
119	34.3
208	27.4
258	31.4
103	45.6
211	46.9
127	25.2
277	23.4
18	32.7
163	29.6
107	66.7
105	+1.4
8
16	Vanderbilt
   5 seed, R32	SEC	4	3–1
0–1	108.8
94	85.8
8	.9390
16	48.0
178	41.3
15	15.9
73	19.0
139	29.7
185	29.0
117	33.6
185	43.3
238	50.0
107	47.0
131	30.1
222	20.3
8	41.7
36	34.3
192	64.1
180	+1.2
13
17	Indiana
   4 seed, Sweet Sixteen	B10	3	2–1
1–0	126.8
4	100.3
132	.9370
17	52.9
71	50.6
196	17.0
109	13.9
290	36.3
70	27.5
86	53.2
17	25.7
45	44.7
230	40.5
26	50.0
5	45.3
293	26.9
259	36.6
236	68.3
59	+0.46
39
18	Oregon	P12	4	3–1
2–0	129.4
2	103.3
170	.9306
18	58.9
9	49.5
170	14.1
32	19.6
124	40.0
28	28.1
98	31.3
211	30.8
98	56.9
26	51.6
224	41.9
36	29.7
87	35.0
129	29.0
88	68.8
50	-0.26
98
19	N.C. State
   11 seed, Sweet Sixteen	ACC	5	4–1
2–0	114.0
47	91.2
29	.9287
19	52.9
71	43.9
41	18.6
162	17.1
207	30.7
166	30.9
147	39.5
108	30.3
85	52.5
65	46.6
122	36.1
124	26.0
35	26.1
273	35.0
202	69.0
47	+1.4
9
20	New Mexico
   5 seed, R32	MWC	5	5–0
2–0	119.1
22	95.4
75	.9278
20	56.2
28	45.7
77	14.2
39	15.7
244	24.0
274	19.2
10	51.2
27	33.8
132	54.4
43	43.4
62	39.0
75	33.0
135	41.7
36	37.6
251	65.9
122	+1.3
10
21	Baylor
   3 seed, Elite Eight	B12	4	2–2
0–1	125.3
6	100.6
143	.9256
21	49.4
148	53.1
240	16.4
92	15.0
262	39.0
42	32.6
175	34.6
169	44.9
253	50.6
97	53.2
246	31.3
205	35.2
168	32.5
168	31.6
136	67.4
81	+0.9
18
22	Drexel	CAA	4	3–1
0–0	113.0
56	91.1
28	.9224
22	49.5
144	40.9
13	17.7
127	17.7
187	39.5
31	30.6
142	32.9
192	32.1
112	46.6
186	40.5
26	36.3
123	27.9
63	37.6
81	29.2
94	59.9
297	-0.03
75
23	Detroit Mercy
   15 seed, R64	Horz	3	3–0
0–0	111.2
70	90.2
22	.9178
23	52.5
83	46.1
88	17.9
135	23.4
33	33.0
127	28.9
115	46.3
47	37.9
187	53.5
49	52.9
243	33.3
160	21.6
11	29.6
221	33.3
171	68.1
67	+1.0
15
24	Florida
   7 seed, Elite Eight	SEC	3	1–2
0–1	127.4
3	103.3
171	.9178
24	50.0
129	54.0
250	11.3
8	13.0
305	25.3
253	36.7
254	19.2
309	28.7
67	46.2
195	54.3
263	36.5
121	35.1
166	44.3
19	22.6
22	59.8
298	+0.29
49
25	Connecticut
   9 seed, R64	BE	4	3–1
1–0	112.5
58	91.8
34	.9121
25	52.2
90	41.1
14	16.1
84	13.7
297	34.8
100	38.9
281	32.0
201	24.8
35	50.6
97	42.0
42	37.1
107	26.0
35	30.7
206	28.7
81	61.5
267	+0.8
21
Rk	Team	Conf	G	Rec	AdjOE	AdjDE	Barthag	Efg%	EfgD%	TOR	TORD	ORB	DRB	FTR	FTRD	2P%	2P%D	3P%	3P%D	3PR	3PRD	Adj T.	WAB
26	Stanford	P12	4	3–1
1–0	113.7
54	93.2
48	.9076
26	50.9
113	47.5
126	14.7
48	23.5
31	26.2
241	33.3
188	48.4
38	43.3
238	46.5
189	45.3
94	40.9
46	35.4
176	29.3
225	29.0
88	72.0
15	+0.07
66
27	UNLV
   6 seed, R64	MWC	4	2–2
1–1	107.6
113	88.3
11	.9073
27	46.9
201	47.3
119	17.4
122	20.8
84	21.9
291	24.6
42	38.2
120	35.3
152	43.7
245	48.8
177	35.1
141	29.9
90	36.3
103	37.7
253	69.4
42	-0.30
102
28	Kansas
   2 seed, Finals	B12	3	2–1
1–0	119.6
19	98.1
104	.9072
28	55.2
36	43.1
30	18.8
169	15.8
240	34.5
106	35.4
236	52.6
20	36.7
173	52.6
62	42.0
42	42.1
33	30.6
102	24.7
290	27.2
55	68.4
56	+0.32
47
29	UCLA	P12	4	3–1
2–0	103.3
159	85.0
7	.9043
29	49.3
150	40.3
9	17.9
135	21.7
62	28.9
199	27.3
80	25.4
273	39.3
203	46.7
182	39.7
21	37.7
98	27.7
62	26.8
261	31.6
136	66.8
101	+0.06
67
30	Saint Louis
   9 seed, R32	A10	3	2–1
1–0	115.6
38	95.9
81	.8960
30	53.0
70	53.7
246	19.6
192	18.6
147	30.9
164	18.8
8	33.3
186	34.0
135	51.5
79	49.5
189	37.1
107	42.2
269	37.6
81	30.0
114	64.2
177	+0.38
43
31	Syracuse
   1 seed, Elite Eight	BE	3	2–1
1–0	110.7
76	92.2
39	.8910
31	48.1
175	42.5
22	18.7
165	20.9
81	33.0
127	43.8
307	37.0
140	19.3
5	42.2
274	44.2
70	37.5
101	26.5
43	41.6
40	37.6
251	61.6
263	+0.7
26
32	Creighton
   8 seed, R32	MVC	3	3–0
0–0	120.9
14	100.9
144	.8893
32	58.6
10	45.7
77	14.1
32	8.8
323	30.4
171	18.3
6	40.8
96	30.3
85	58.3
12	46.1
113	39.3
67	29.8
88	36.1
105	30.8
123	65.9
122	+0.8
23
33	West Virginia
   10 seed, R64	BE	2	1–1
1–0	106.5
123	89.1
17	.8865
33	34.3
321	49.5
170	14.1
32	21.5
68	44.8
4	24.1
37	30.6
222	35.1
151	37.6
310	53.2
246	16.1
318	28.1
68	25.0
286	34.0
186	60.9
279	+0.21
55
34	Iowa St.
   8 seed, R32	B12	3	1–2
1–1	109.1
90	91.4
31	.8851
34	49.7
140	47.0
110	18.1
148	13.8
293	35.1
90	27.5
86	23.8
287	32.8
120	47.7
169	50.4
204	35.1
141	25.5
30	40.0
53	27.4
60	69.6
40	-0.11
82
35	Purdue
   10 seed, R32	B10	4	2–2
1–1	124.6
8	105.1
203	.8761
35	57.6
15	56.7
283	14.8
50	15.5
249	28.1
214	23.0
25	29.9
229	27.4
56	50.8
92	61.0
310	44.7
21	32.9
132	42.0
35	36.7
239	64.7
157	+0.05
69
36	Illinois St.	MVC	4	3–1
0–0	112.2
59	94.8
64	.8730
36	50.9
113	46.2
90	13.7
26	14.1
287	25.5
249	30.9
147	31.6
208	28.2
63	42.8
267	42.9
56	41.9
36	34.8
158	40.3
50	35.3
207	64.0
185	+0.6
28
37	Miami FL	ACC	5	3–2
1–1	111.0
72	94.2
56	.8680
37	48.5
165	48.6
145	14.5
44	20.6
88	34.4
109	26.9
75	24.0
286	34.5
144	46.0
200	49.3
185	34.7
149	31.7
120	41.3
44	41.3
294	63.5
208	-0.41
123
38	Tennessee	SEC	4	3–1
2–0	109.9
84	93.4
49	.8664
38	45.7
232	42.6
23	18.0
142	15.1
258	31.4
157	29.9
129	52.6
20	34.6
146	43.7
245	41.1
31	33.3
160	32.1
126	32.7
163	21.8
14	64.6
163	+0.46
38
39	Minnesota	B10	4	3–1
1–0	116.1
35	98.8
110	.8642
39	56.5
26	51.2
213	22.3
258	18.1
167	39.3
35	25.2
52	30.9
217	33.5
126	56.3
31	41.4
36	37.8
96	44.0
284	37.8
78	39.6
276	63.5
208	+0.18
59
40	Georgetown
   3 seed, R32	BE	3	1–2
0–1	107.8
112	91.8
35	.8641
40	48.5
165	43.6
37	20.1
209	15.7
244	34.6
104	30.8
145	43.3
65	49.1
274	51.2
86	52.1
232	26.8
261	16.7
2	25.0
286	31.6
136	63.1
226	-0.10
80
41	Kansas St.
   8 seed, R32	B12	2	1–1
1–0	117.7
27	100.4
138	.8613
41	55.3
34	57.9
290	18.3
150	25.2
12	38.7
45	36.2
245	31.0
215	24.1
30	58.2
13	58.9
301	32.4
181	37.1
213	30.1
217	32.4
155	65.0
146	-0.13
84
42	Houston	CUSA	3	2–1
2–0	113.7
52	97.6
98	.8536
42	51.9
95	46.4
94	15.8
72	16.8
217	35.2
89	24.3
40	24.1
285	34.9
149	52.8
57	45.4
95	33.3
160	33.3
136	32.1
176	21.7
13	65.3
138	-0.35
111
43	Princeton	Ivy	4	4–0
3–0	110.6
78	94.9
66	.8527
43	61.8
4	45.5
71	18.3
150	19.1
137	20.0
299	27.1
76	31.9
204	25.0
37	60.4
6	42.3
48	43.1
28	36.1
188	31.9
179	27.2
55	65.9
122	+0.27
52
44	St. Bonaventure
   14 seed, R64	A10	5	4–1
1–1	120.4
15	103.5
178	.8507
44	51.2
106	50.3
189	18.9
172	12.9
306	40.1
26	28.0
96	42.2
74	36.8
174	50.0
107	49.5
189	36.1
124	34.7
157	28.9
233	34.0
186	61.4
268	+1.3
11
45	Oregon St.	P12	6	5–1
2–0	114.1
46	98.1
106	.8498
45	54.5
47	53.2
242	20.7
229	20.4
97	35.1
90	28.3
106	43.7
61	36.3
165	53.0
53	49.1
180	39.5
60	41.8
264	24.4
295	29.9
112	71.5
22	+0.6
31
46	DePaul	BE	2	1–1
1–0	116.6
31	100.4
137	.8486
46	48.8
162	55.3
264	12.5
16	17.7
187	32.0
147	23.8
32	31.2
214	44.2
247	44.2
238	50.7
211	37.5
101	44.8
289	38.4
66	27.9
68	69.1
45	-0.17
88
47	Michigan
   4 seed, R64	B10	4	3–1
2–0	117.3
28	101.0
146	.8475
47	53.7
64	48.9
152	21.3
243	18.6
147	28.7
200	37.3
268	44.5
58	30.2
82	50.0
107	46.3
115	39.2
69	36.9
206	41.4
41	28.9
86	62.1
251	+1.3
12
48	Pittsburgh	BE	5	3–2
1–1	118.8
24	102.7
166	.8432
48	57.1
21	47.6
131	19.0
176	16.8
217	35.3
85	34.8
225	29.1
239	34.3
140	56.3
31	48.4
169	38.9
78	30.4
95	40.3
50	29.2
94	63.4
215	-0.10
81
49	South Dakota St.
   14 seed, R64	Sum	3	3–0
0–0	103.9
155	89.8
19	.8431
49	52.6
79	46.3
92	16.9
106	21.4
73	27.4
222	25.5
54	26.3
269	19.3
5	52.3
70	42.7
53	35.6
133	37.5
216	29.6
221	26.7
48	59.7
299	+0.41
41
50	UNC Asheville
   16 seed, R64	BSth	3	3–0
0–0	112.0
61	96.8
89	.8424
50	54.5
47	46.7
103	14.1
32	24.3
22	35.1
90	33.3
188	59.0
6	28.5
65	61.3
3	45.6
100	27.3
255	32.0
123	33.1
155	45.5
307	65.1
143	+0.18
58
Rk	Team	Conf	G	Rec	AdjOE	AdjDE	Barthag	Efg%	EfgD%	TOR	TORD	ORB	DRB	FTR	FTRD	2P%	2P%D	3P%	3P%D	3PR	3PRD	Adj T.	WAB
51	Seattle	ind	2	2–0
1–0	105.0
143	91.1
27	.8376
51	57.3
18	46.9
107	17.3
118	19.6
124	37.2
63	20.4
16	27.8
252	21.4
13	60.4
6	48.1
162	34.5
151	30.3
93	36.4
99	45.5
307	83.0
2	+0.08
65
52	Washington	P12	4	2–2
1–1	119.9
16	104.1
186	.8364
52	55.2
36	49.6
175	17.0
109	16.3
233	38.3
52	32.2
167	37.9
124	38.7
198	53.1
52	50.3
203	39.7
55	31.7
120	32.5
168	25.5
37	67.9
72	-0.8
210
53	Long Beach St.
   12 seed, R64	BW	5	4–1
1–1	108.5
99	94.5
58	.8307
53	51.4
104	45.8
83	15.9
73	24.8
20	39.9
29	33.1
187	34.2
179	23.1
21	48.9
133	41.2
32	36.9
111	36.0
185	37.6
81	36.1
230	63.5
208	-0.27
99
54	Bucknell	Pat	4	3–1
0–0	110.5
79	96.3
85	.8300
54	54.2
54	50.5
194	18.5
156	22.7
44	35.8
76	24.0
34	42.7
69	35.9
160	49.0
132	47.0
131	45.0
19	37.0
208	28.2
243	40.9
288	66.9
98	-0.7
180
55	La Salle	A10	5	3–2
2–0	107.1
119	93.6
51	.8239
55	53.9
61	50.6
196	20.2
212	23.4
33	22.2
289	33.3
188	35.4
161	32.7
117	52.4
67	53.8
258	38.6
86	28.9
76	27.2
255	30.9
126	70.0
34	+0.5
32
56	Mississippi	SEC	5	3–2
1–0	112.5
57	98.6
109	.8201
56	48.0
178	47.5
126	16.7
102	19.5
131	35.7
78	36.3
248	51.6
26	37.7
183	46.5
189	40.9
30	35.5
134	37.0
208	22.5
307	45.2
306	63.9
187	+0.9
20
57	Colorado St.
   11 seed, R64	MWC	4	3–1
2–0	118.0
26	103.5
180	.8190
57	53.9
61	50.9
202	15.0
57	17.0
211	29.6
187	29.8
127	34.3
175	31.2
101	52.7
60	47.0
131	37.9
94	38.3
231	30.6
208	37.7
253	62.4
245	+0.29
48
58	Marquette
   3 seed, Sweet Sixteen	BE	3	1–2
1–1	107.9
107	94.8
63	.8161
58	45.3
240	42.7
25	24.4
294	18.2
164	39.1
39	40.3
287	40.6
98	33.5
126	48.1
158	45.9
107	25.5
275	23.3
17	28.3
242	29.1
91	76.6
3	+0.02
73
59	Lehigh
   15 seed, R32	Pat	3	3–0
0–0	111.0
73	97.5
97	.8157
59	54.2
54	45.4
70	15.3
62	19.6
124	29.2
195	25.5
54	35.4
161	38.4
191	51.3
83	41.8
41	39.7
55	35.2
168	35.4
125	32.9
167	71.7
18	+0.6
29
60	Richmond	A10	2	1–1
1–0	122.2
10	107.6
234	.8119
60	50.9
113	55.0
262	16.8
103	16.0
237	36.2
71	31.1
153	39.5
108	31.5
105	50.7
95	51.4
219	34.1
156	41.0
259	36.0
109	35.1
205	64.7
157	-0.07
77
61	Northwestern	B10	4	2–2
1–1	119.2
21	105.1
201	.8093
61	52.0
94	54.6
258	12.1
13	23.5
31	26.6
233	46.0
318	29.8
232	26.0
47	45.8
205	55.8
282	40.2
48	35.0
163	42.5
30	35.2
206	61.0
275	-0.21
93
62	New Mexico St.
   13 seed, R64	WAC	5	4–1
1–1	108.0
105	95.3
74	.8068
62	49.2
151	46.4
94	20.1
209	18.6
147	44.8
4	27.3
80	41.5
85	30.6
95	48.7
138	48.3
165	33.8
157	27.9
63	25.6
279	29.6
107	68.3
59	+0.13
61
63	San Diego St.
   6 seed, R64	MWC	5	4–1
2–0	108.6
96	95.9
82	.8065
63	52.7
76	47.9
135	17.6
125	15.0
262	28.4
205	24.0
34	39.1
115	39.6
208	50.3
105	44.4
76	38.8
82	36.0
185	31.0
201	35.7
222	65.9
122	+0.9
17
64	Virginia
   10 seed, R64	ACC	3	1–2
1–1	106.8
121	94.5
59	.8037
64	48.3
171	54.1
252	19.0
176	20.5
94	25.3
253	27.4
83	49.3
33	36.3
165	48.3
154	50.5
207	32.4
181	41.7
261	22.7
306	30.6
120	62.5
242	-0.50
134
65	Iowa	B10	5	3–2
1–1	114.3
43	101.3
149	.8014
65	54.7
45	49.5
170	18.0
142	17.1
207	30.2
177	33.9
201	38.1
123	27.7
61	53.0
53	53.7
256	38.5
87	28.7
72	35.4
125	39.4
275	66.0
120	-0.17
89
66	Temple
   5 seed, R64	A10	3	2–1
2–0	111.9
63	99.3
120	.7979
66	50.5
118	52.9
235	20.9
234	20.4
97	34.9
97	27.1
76	37.8
127	20.2
7	48.5
144	46.8
126	37.3
105	46.9
301	27.6
252	26.1
41	66.1
117	-0.17
90
67	Saint Joseph's	A10	4	1–3
0–1	119.3
20	105.9
216	.7978
67	56.8
24	47.5
126	11.6
10	11.2
316	19.0
308	33.5
195	36.2
150	31.6
107	55.1
37	48.7
175	39.4
62	29.2
80	42.5
30	25.4
35	64.3
172	-0.7
172
68	Massachusetts	A10	6	4–2
1–1	113.9
49	101.2
148	.7953
68	51.6
99	50.6
196	15.7
68	18.9
142	34.7
102	32.9
183	31.7
207	35.5
154	44.8
228	48.0
160	43.5
26	36.9
206	32.9
161	35.5
218	73.3
9	+0.06
68
69	Villanova	BE	4	2–2
1–1	111.5
66	99.1
115	.7951
69	50.3
125	43.1
30	22.4
260	19.6
124	38.7
45	36.6
251	45.5
52	43.1
237	48.8
135	41.4
36	35.2
139	31.0
115	35.9
112	33.6
176	64.4
169	-0.34
110
70	Saint Mary's
   7 seed, R64	WCC	2	2–0
0–0	121.1
13	107.7
237	.7942
70	57.2
20	52.9
235	16.5
95	11.2
316	34.9
97	24.2
38	41.4
88	23.0
20	56.5
29	56.3
289	38.8
82	31.0
115	44.1
20	34.4
193	61.7
258	+0.8
22
71	Colorado
   11 seed, R32	P12	6	4–2
0–2	104.1
153	92.7
43	.7916
71	49.4
148	49.4
165	16.4
92	20.1
112	26.6
233	32.6
175	39.8
105	36.6
172	51.1
88	50.0
195	29.5
234	32.0
123	25.2
283	32.5
158	63.1
226	+0.7
27
72	Texas
   11 seed, R64	B12	4	2–2
1–1	107.1
118	95.5
76	.7897
72	43.6
271	52.0
221	16.0
80	19.4
135	37.3
61	32.8
179	30.9
217	28.8
72	46.1
198	49.7
194	24.6
289	39.0
242	27.7
249	26.1
41	66.3
115	+0.47
36
73	Rhode Island	A10	2	1–1
1–1	110.6
77	98.6
108	.7889
73	48.1
175	42.9
28	17.4
122	11.4
314	42.2
14	29.3
121	34.3
175	23.8
29	47.9
163	38.3
10	32.5
179	34.0
147	29.9
220	36.1
230	69.9
36	-0.38
115
74	Buffalo	MAC	4	3–1
2–0	114.6
41	102.3
161	.7877
74	54.4
51	47.0
110	18.9
172	15.1
258	39.0
42	33.6
197	29.5
235	22.3
16	57.0
22	44.4
76	32.9
173	35.0
163	33.5
151	31.9
145	66.9
98	+0.13
62
75	Murray St.
   6 seed, R32	OVC	2	2–0
0–0	98.6
212	88.4
13	.7786
75	51.5
102	46.6
98	18.5
156	28.5
3	25.0
259	32.8
179	44.4
59	23.3
23	57.1
21	49.3
185	27.8
250	26.7
44	36.4
99	29.1
91	63.5
208	+0.29
50
Rk	Team	Conf	G	Rec	AdjOE	AdjDE	Barthag	Efg%	EfgD%	TOR	TORD	ORB	DRB	FTR	FTRD	2P%	2P%D	3P%	3P%D	3PR	3PRD	Adj T.	WAB
76	Florida Gulf Coast	ASun	3	2–1
0–0	106.3
125	95.5
78	.7734
76	48.0
178	44.7
56	14.6
47	18.1
167	26.3
238	37.2
264	32.9
192	36.0
161	45.2
220	42.9
56	34.8
146	32.2
129	39.9
55	33.1
170	65.5
133	+0.28
51
77	Davidson
   13 seed, R64	SC	3	3–0
0–0	113.8
51	102.4
163	.7711
77	55.0
41	44.5
52	14.1
32	15.5
249	31.7
153	30.9
147	29.1
239	39.9
215	59.7
8	41.2
32	31.4
204	36.2
191	37.0
88	25.7
39	64.8
154	+0.32
46
78	Auburn	SEC	3	1–2
1–1	100.0
200	90.0
21	.7707
78	43.0
279	42.3
20	18.5
156	23.3
36	23.8
276	34.2
206	42.0
78	56.6
299	48.9
133	35.4
5	22.4
302	38.6
234	38.7
63	30.8
123	63.9
187	-0.7
168
79	VMI	BSth	3	2–1
0–0	111.2
71	100.2
131	.7669
79	58.3
11	47.9
135	20.9
234	21.4
73	25.3
253	37.9
275	41.3
90	37.7
183	57.3
20	51.6
224	39.7
55	24.4
24	45.3
14	24.6
28	67.3
83	-0.38
114
80	Butler	Horz	3	2–1
0–0	97.9
223	88.5
14	.7615
80	45.3
240	49.2
159	19.4
186	24.0
25	35.4
83	25.6
56	35.9
155	56.9
300	46.1
198	52.4
237	28.6
244	29.2
80	24.7
290	36.9
240	65.2
140	-0.32
106
81	San Diego	WCC	2	1–1
0–0	108.1
103	97.8
100	.7599
81	58.3
11	53.8
248	20.0
206	25.9
10	20.7
297	28.1
98	36.9
143	26.9
53	60.9
5	51.5
222	35.9
128	38.9
239	37.9
75	34.6
197	66.5
111	-0.49
133
82	Ohio
   13 seed, Sweet Sixteen	MAC	5	4–1
1–1	106.0
132	96.1
84	.7541
82	48.2
174	49.4
165	20.7
229	25.1
15	37.4
60	34.6
216	33.1
189	41.2
224	46.8
179	48.3
165	33.6
159	34.0
147	38.5
65	38.7
265	63.6
201	+0.48
35
83	Belmont
   14 seed, R64	ASun	3	3–0
0–0	110.3
82	100.4
136	.7467
83	52.5
83	46.6
98	15.5
64	15.0
262	32.0
147	23.4
28	50.0
31	23.7
28	47.9
163	47.5
145	39.4
62	29.8
88	40.7
48	32.2
151	66.1
117	+0.49
34
84	Dayton	A10	5	2–3
1–1	114.2
45	104.3
191	.7400
84	51.8
96	51.1
211	17.7
127	17.7
187	35.9
74	33.5
195	33.1
189	35.8
159	49.4
122	50.5
207	37.0
110	35.2
168	39.7
58	26.2
43	63.8
192	-0.9
241
85	Kent St.	MAC	4	2–2
1–1	103.6
158	94.6
60	.7390
85	50.0
129	49.3
164	20.3
218	22.9
41	27.8
219	28.1
98	46.4
46	40.2
218	52.4
67	48.9
178	29.7
230	33.3
136	30.9
204	37.9
257	67.7
77	-0.9
255
86	Harvard
   12 seed, R64	Ivy	2	2–0
2–0	117.2
30	107.1
230	.7380
86	62.6
3	51.4
215	21.6
247	14.4
280	23.9
275	25.0
47	40.7
97	25.5
41	57.7
17	47.4
141	46.2
13	40.6
253	42.9
27	29.1
91	59.0
309	+0.46
37
87	East Carolina	CUSA	4	3–1
2–0	105.7
135	96.7
88	.7378
87	53.9
61	49.5
170	19.4
186	19.7
120	26.8
230	26.7
71	29.7
233	39.2
202	50.4
104	51.7
227	39.5
60	29.5
86	39.3
60	28.8
84	63.1
226	+0.10
64
88	Xavier
   10 seed, Sweet Sixteen	A10	4	3–1
1–0	108.5
98	99.2
117	.7364
88	47.4
193	45.2
65	12.9
18	17.6
192	26.0
244	31.3
154	46.0
49	36.5
171	49.7
118	47.4
141	26.9
260	27.9
63	24.6
292	39.3
273	65.0
146	+0.8
25
89	Vermont
   16 seed, R64	AE	4	4–0
0–0	98.4
215	90.3
25	.7282
89	49.0
157	38.5
4	17.7
127	16.5
225	25.0
259	28.1
98	36.0
153	22.5
18	48.1
158	39.7
21	33.8
157	24.0
20	35.5
123	32.5
158	59.0
309	+0.43
40
90	Iona
   14 seed, R68	MAAC	3	1–2
0–0	111.5
67	102.4
164	.7268
90	54.4
51	55.4
269	17.9
135	22.0
53	23.8
276	27.7
91	30.9
217	29.1
76	58.0
16	55.6
276	30.0
223	36.7
201	27.6
252	28.0
69	71.3
23	-0.6
156
91	Maryland	ACC	4	1–3
0–2	107.8
109	99.1
114	.7248
91	47.5
190	48.5
141	18.6
162	13.8
293	32.5
137	28.3
106	36.1
151	45.2
255	45.8
205	47.7
151	34.2
154	33.8
146	31.1
195	27.2
55	68.4
56	-0.7
191
92	Texas A&M	B12	3	1–2
0–1	107.8
110	99.2
116	.7239
92	44.6
254	54.2
253	18.9
172	18.4
158	36.1
72	25.0
47	24.6
281	46.5
268	43.5
251	50.9
213	31.8
192	43.8
283	25.1
285	22.5
20	62.4
245	-0.31
105
93	LIU
   16 seed, R64	NEC	3	3–0
0–0	115.1
39	106.1
217	.7200
93	54.5
47	47.4
122	15.9
73	17.3
203	33.7
118	38.5
279	52.7
19	23.5
27	57.5
18	47.9
156	32.8
175	30.8
108	36.5
98	26.5
47	69.5
41	+0.33
44
94	Alabama
   9 seed, R64	SEC	4	2–2
1–1	100.6
192	92.8
45	.7169
94	44.1
261	47.3
119	20.0
206	17.1
207	31.0
160	24.8
46	48.9
35	35.3
152	45.4
216	50.9
213	26.7
263	28.2
69	24.2
296	42.3
297	61.2
269	-0.37
113
95	UC Santa Barbara	BW	6	4–2
2–0	115.9
37	107.0
228	.7152
95	57.4
16	48.6
145	14.3
40	18.4
158	36.9
66	31.6
159	27.1
262	24.8
35	51.4
80	42.5
51	45.2
16	38.9
239	36.9
92	38.7
265	63.1
226	-0.20
92
96	Western Carolina	SC	4	3–1
0–0	113.9
48	105.2
205	.7149
96	55.3
34	50.2
187	13.8
28	16.7
219	29.6
187	27.9
93	37.4
133	31.8
108	47.7
169	55.1
267	46.3
12	26.7
44	34.9
132	32.2
151	64.2
177	-0.32
108
97	Mississippi St.	SEC	4	2–2
2–0	113.8
50	105.1
202	.7144
97	50.2
126	49.8
179	17.7
127	14.8
274	34.5
106	34.6
216	29.5
235	20.9
10	52.0
73	47.3
138	31.5
202	36.2
191	37.7
79	35.7
222	61.7
258	-0.18
91
98	Middle Tennessee	SB	2	1–1
0–0	111.9
62	103.4
175	.7129
98	52.7
76	51.4
215	12.9
18	20.6
88	30.6
169	36.2
245	47.3
43	42.1
233	50.6
97	44.7
79	40.0
49	45.2
292	22.3
308	29.0
88	67.3
83	-0.9
230
99	Lamar
   16 seed, R68	Slnd	6	5–1
2–0	107.8
111	99.6
124	.7125
99	45.8
228	42.7
25	13.4
25	13.9
290	35.6
81	31.5
157	41.4
88	25.3
40	44.1
240	42.3
48	35.5
134	29.2
80	18.1
320	25.0
32	63.6
201	+0.6
30
100	Tennessee St.	OVC	3	1–2
0–0	92.9
265	85.9
9	.7122
100	49.0
157	44.1
44	27.4
318	22.8
43	23.3
282	27.4
83	27.2
260	31.4
103	51.1
88	40.6
29	30.2
219	33.3
136	36.1
105	37.3
246	68.0
70	-0.38
116
Rk	Team	Conf	G	Rec	AdjOE	AdjDE	Barthag	Efg%	EfgD%	TOR	TORD	ORB	DRB	FTR	FTRD	2P%	2P%D	3P%	3P%D	3PR	3PRD	Adj T.	WAB
101	Duke
   2 seed, R64	ACC	3	1–2
0–1	107.4
115	99.3
118	.7120
101	43.5
274	46.9
107	15.6
66	18.7
143	31.5
156	41.3
293	33.9
182	29.0
74	48.5
144	45.0
85	23.9
294	36.1
188	39.9
55	20.5
9	62.5
242	-0.30
103
102	Notre Dame
   7 seed, R64	BE	3	2–1
1–0	107.5
114	99.4
122	.7109
102	45.8
228	48.6
145	15.9
73	15.9
238	32.0
147	31.0
150	41.6
83	11.4
2	43.2
257	48.4
169	34.9
145	32.7
131	27.9
246	29.5
101	60.1
291	+0.38
42
103	Akron	MAC	5	2–3
1–1	110.3
81	102.1
156	.7086
103	50.2
126	52.2
224	22.0
254	18.6
147	39.1
39	34.1
204	37.0
140	30.2
82	47.8
168	51.4
219	36.8
112	35.9
183	31.9
179	33.5
174	63.6
201	-0.7
177
104	Marshall	CUSA	7	4–3
1–1	111.3
69	103.1
169	.7066
104	51.1
108	49.1
156	19.4
186	14.6
275	37.2
63	30.2
134	42.3
73	50.4
278	52.6
62	47.0
131	31.7
195	36.2
191	30.7
206	28.8
84	67.2
88	+0.33
45
105	Seton Hall	BE	4	2–2
0–1	99.6
204	92.4
41	.7050
105	51.0
109	45.0
63	21.2
240	17.8
181	20.5
298	29.3
121	40.0
102	38.6
194	51.6
78	46.2
114	33.3
160	28.9
76	35.4
125	40.9
288	65.2
140	-0.7
167
106	Idaho	WAC	4	3–1
2–0	111.6
65	103.5
179	.7040
106	57.1
21	48.2
138	16.9
106	10.9
318	25.6
248	29.8
127	51.7
25	28.7
67	52.9
56	45.1
87	43.5
26	38.1
229	33.7
148	25.5
37	65.1
143	-0.6
149
107	Loyola MD
   15 seed, R64	MAAC	3	3–0
0–0	107.9
108	100.1
128	.7023
107	54.5
47	43.0
29	20.2
212	15.8
240	32.5
137	31.7
160	41.0
95	30.3
85	49.6
119	40.3
23	48.4
8	34.1
149	21.5
311	24.8
30	61.1
273	+0.5
33
108	Arkansas St.	SB	3	2–1
0–0	115.9
36	107.6
236	.7015
108	49.7
140	51.0
205	18.3
150	15.0
262	41.2
21	26.3
65	43.3
65	30.1
81	44.3
236	45.1
87	42.9
29	44.2
285	26.8
261	27.6
62	59.7
299	-0.22
94
109	Drake	MVC	3	2–1
0–0	95.8
236	88.9
16	.7008
109	44.7
251	45.7
77	11.8
12	18.7
143	18.7
311	20.0
15	34.1
180	32.1
112	46.0
200	51.0
215	27.3
255	24.1
21	25.9
276	35.8
224	65.9
122	-0.39
118
110	Cal Poly	BW	4	3–1
2–0	109.0
92	101.3
150	.6994
110	51.0
109	45.3
68	17.1
112	14.4
280	38.5
49	22.4
20	32.2
199	32.1
112	49.3
124	50.4
204	36.8
112	23.9
19	28.6
239	35.3
207	57.4
321	-0.6
153
111	Southeastern Louisiana	Slnd	2	2–0
2–0	96.1
234	89.6
18	.6895
111	54.2
54	39.3
6	20.3
218	20.3
103	27.3
223	35.4
236	42.7
69	26.5
49	53.3
51	38.8
16	38.1
93	27.0
51	21.9
309	31.6
136	64.3
172	+0.10
63
112	Virginia Tech	ACC	4	1–3
0–2	101.8
177	95.3
71	.6825
112	43.7
270	48.2
138	17.0
109	20.2
107	30.3
173	34.7
219	33.0
191	42.7
235	38.2
306	55.4
271	36.6
119	23.2
16	33.0
158	34.7
199	62.0
253	-1.0
263
113	Duquesne	A10	3	1–2
1–1	117.2
29	109.9
255	.6783
113	56.6
25	57.4
289	17.9
135	21.6
65	21.5
294	35.1
231	25.4
273	37.6
181	56.7
27	51.8
228	37.7
98	45.0
291	39.9
55	35.3
207	68.7
52	-0.5
137
114	Oklahoma	B12	3	1–2
1–1	102.8
162	96.5
86	.6742
114	46.2
216	47.4
122	19.6
192	19.6
124	27.7
220	35.0
228	31.0
215	25.6
42	46.2
195	47.9
156	30.8
210	30.9
114	16.5
322	32.0
147	67.0
94	-0.9
235
115	Penn	Ivy	4	3–1
2–1	100.0
198	93.9
55	.6740
115	52.4
87	43.8
39	18.4
155	21.3
76	25.4
252	30.1
133	20.3
304	30.3
85	48.4
149	46.5
120	39.2
69	25.8
34	38.2
72	33.8
179	60.1
291	-0.41
124
116	Clemson	ACC	3	1–2
1–1	106.1
129	99.8
127	.6677
116	47.4
193	53.2
242	18.5
156	22.1
51	34.3
111	29.3
121	27.7
255	34.4
142	52.1
71	44.8
81	25.0
279	44.8
289	32.4
170	37.7
253	66.6
108	-0.6
158
117	San Francisco	WCC	4	2–2
0–0	113.6
55	107.0
227	.6658
117	53.4
65	54.9
260	14.4
41	19.5
131	28.7
200	27.5
86	37.5
131	34.7
147	49.3
124	52.6
241	39.6
59	39.2
244	41.4
41	36.6
236	68.0
70	-0.23
96
118	Northern Iowa	MVC	2	1–1
0–0	91.4
279	86.2
10	.6635
118	36.1
315	43.2
33	9.6
5	13.6
298	23.8
276	25.0
47	25.2
275	31.8
108	36.8
316	49.3
185	23.3
297	22.0
14	36.1
105	37.3
246	63.6
201	-0.7
170
119	Valparaiso	Horz	3	1–2
0–0	100.3
195	95.1
69	.6500
119	46.1
221	46.6
98	24.5
296	13.4
300	33.0
127	26.4
70	34.3
175	31.1
100	57.0
22	45.1
87	21.3
305	33.3
136	43.6
23	29.8
110	60.0
294	-0.7
164
120	Stephen F. Austin	Slnd	4	3–1
2–0	100.3
196	95.0
68	.6490
120	45.9
227	45.5
71	23.3
278	23.8
27	41.4
18	25.0
47	53.5
16	34.7
147	45.1
223	45.2
91	32.6
178	30.8
108	23.2
303	29.5
101	57.9
318	-0.5
141
121	Montana
   13 seed, R64	BSky	2	2–0
0–0	114.2
44	108.7
246	.6390
121	54.9
43	51.8
219	14.1
32	18.0
172	37.3
61	25.9
60	42.0
78	21.1
11	50.6
97	56.6
292	42.9
29	27.3
53	31.3
188	30.3
118	62.4
245	+0.22
54
122	Arizona	P12	5	2–3
0–1	102.0
175	97.1
91	.6374
122	47.9
184	46.9
107	19.7
196	17.8
181	25.5
249	28.0
96	48.6
37	34.3
140	42.7
268	42.7
53	37.6
100	40.0
248	38.3
67	24.0
25	65.1
143	-0.5
140
123	Nevada	WAC	5	4–1
2–0	100.8
189	96.0
83	.6365
123	49.8
139	45.2
65	22.1
255	15.6
247	39.2
36	26.2
63	32.9
192	25.1
38	45.5
214	42.1
44	40.5
47	35.4
176	28.5
240	28.2
72	64.2
177	-0.45
128
124	East Tennessee St.	ASun	2	1–1
0–0	103.9
156	99.0
113	.6343
124	51.0
109	52.9
235	19.8
198	16.6
222	30.0
181	27.9
93	39.2
112	38.5
192	48.2
155	53.2
246	42.1
33	35.1
166	18.6
319	54.8
322	62.2
250	-0.29
101
125	LSU	SEC	5	1–4
0–2	99.4
206	94.9
65	.6307
125	44.9
248	51.0
205	20.9
234	18.5
154	32.4
140	23.8
32	35.0
167	53.2
288	39.4
296	50.5
207	40.0
49	34.8
158	26.5
267	26.4
45	65.5
133	-1.1
267
Rk	Team	Conf	G	Rec	AdjOE	AdjDE	Barthag	Efg%	EfgD%	TOR	TORD	ORB	DRB	FTR	FTRD	2P%	2P%D	3P%	3P%D	3PR	3PRD	Adj T.	WAB
126	Robert Morris	NEC	4	3–1
0–0	109.1
87	104.3
193	.6256
126	48.3
171	49.2
159	17.8
132	17.4
199	41.4
18	28.1
98	41.3
90	65.6
314	43.6
248	53.5
254	37.4
104	27.3
53	37.9
75	33.8
179	64.4
169	-0.17
87
127	Georgia	SEC	4	2–2
1–1	99.1
209	94.8
62	.6247
127	43.1
277	50.0
180	16.0
80	16.4
229	27.0
227	29.3
121	38.7
117	25.2
39	46.6
186	47.5
145	24.7
288	35.4
176	35.8
113	44.0
303	62.0
253	+0.21
56
128	Fairfield	MAAC	4	3–1
0–0	95.8
237	91.6
32	.6240
128	49.0
157	45.7
77	20.2
212	20.2
107	32.3
144	24.0
34	40.5
99	43.9
244	50.3
105	43.4
62	30.5
216	34.5
156	28.1
245	27.8
66	63.8
192	-0.22
95
129	UTSA	Slnd	3	2–1
2–0	106.5
124	102.3
162	.6153
129	54.1
58	44.8
58	19.6
192	17.4
199	30.3
173	32.5
172	49.4
32	53.0
287	48.5
144	51.8
228	41.1
45	22.5
15	42.4
32	39.2
272	68.2
64	-0.7
175
130	UCF	CUSA	4	2–2
1–0	105.7
137	101.4
152	.6149
130	48.0
178	47.4
122	18.7
165	13.3
302	24.4
268	34.5
212	43.4
63	38.1
189	49.2
127	44.7
79	30.6
212	34.4
152	36.4
99	39.0
267	66.7
105	+0.20
57
131	SMU	CUSA	3	1–2
1–1	98.4
214	94.7
61	.6101
131	46.7
203	48.7
149	17.8
132	20.5
94	21.2
295	34.7
219	30.1
228	45.6
260	40.8
286	54.1
262	35.1
141	25.5
30	50.3
3	34.2
191	63.6
201	-0.9
258
132	Southern Miss
   9 seed, R64	CUSA	4	2–2
1–1	110.8
75	106.7
225	.6073
132	46.0
223	58.4
293	11.4
9	20.4
97	35.3
85	22.2
19	41.8
82	38.6
194	45.5
214	54.0
261	31.7
195	42.7
273	26.4
270	44.1
304	65.5
133	-0.8
219
133	Louisiana Tech	WAC	5	3–2
1–1	111.3
68	107.8
238	.5932
133	52.8
73	52.5
228	16.1
84	20.0
113	22.4
288	44.4
312	37.3
135	39.1
201	48.4
149	50.7
211	41.7
38	38.0
228	31.3
188	27.8
66	66.8
101	-0.35
112
134	Oakland	Sum	2	1–1
0–0	125.0
7	121.0
309	.5930
134	61.4
5	56.1
275	15.9
73	14.4
280	34.5
106	26.2
63	38.2
120	29.8
79	45.8
205	61.2
311	52.9
3	27.6
60	46.4
10	25.4
35	67.9
72	-0.9
245
135	Toledo	MAC	6	4–2
1–1	107.3
116	104.2
190	.5829
135	53.1
69	43.8
39	19.9
200	17.5
197	32.7
134	36.6
251	46.2
48	26.7
51	49.5
120	44.3
73	40.0
49	28.7
72	34.7
137	39.1
270	64.7
157	-1.3
273
136	Washington St.	P12	4	2–2
1–1	103.2
160	100.3
134	.5813
136	50.5
118	49.5
170	20.6
225	13.2
303	28.1
214	28.1
98	40.2
100	38.6
194	52.1
71	45.4
95	30.6
212	37.5
216	25.9
276	38.1
259	60.0
294	-0.8
210
137	South Carolina	SEC	3	0–3
0–2	101.8
178	99.3
119	.5704
137	46.7
203	46.6
98	20.6
225	19.5
131	31.1
159	34.7
219	20.4
303	52.3
284	42.4
271	49.1
180	35.3
137	26.8
49	40.7
48	27.5
61	63.3
221	-1.6
297
138	Cornell	Ivy	2	1–1
1–1	105.6
138	103.1
168	.5683
138	47.7
187	49.4
165	16.5
95	23.6
30	28.2
210	30.6
142	30.6
222	57.8
303	37.1
314	44.9
84	43.9
23	36.6
199	36.9
92	45.6
309	67.3
83	-0.6
159
139	Norfolk St.
   15 seed, R32	MEAC	4	4–0
1–0	103.8
157	101.4
151	.5667
139	52.5
83	45.3
68	20.4
220	19.6
124	39.1
39	34.5
212	47.5
41	28.7
67	51.8
76	39.0
18	36.1
124	40.6
253	30.2
215	28.7
81	62.8
235	+0.25
53
140	Evansville	MVC	3	1–2
0–0	118.6
25	116.0
289	.5629
140	53.4
65	62.8
315	13.9
29	14.9
272	25.0
259	32.5
172	46.6
45	41.5
228	52.8
57	62.1
315	36.8
112	42.6
272	23.6
300	37.2
245	68.4
56	-0.12
83
141	Wagner	NEC	2	1–1
0–0	107.9
106	105.7
213	.5609
141	48.6
164	40.4
10	20.7
229	22.1
51	38.6
48	48.1
321	62.3
4	60.0
306	47.9
163	35.5
6	33.3
160	33.3
136	31.1
195	33.9
181	70.2
29	-0.8
204
142	Western Illinois	Sum	5	3–2
0–0	92.2
270	90.3
24	.5590
142	52.6
79	47.8
134	20.6
225	21.5
68	17.1
316	29.7
126	15.9
318	25.9
46	46.8
179	47.0
131	43.6
25	32.9
132	31.1
195	33.9
181	58.1
317	-0.05
76
143	UNC Wilmington	CAA	2	1–1
0–0	99.8
203	97.9
101	.5559
143	41.2
290	46.6
98	19.7
196	15.4
252	38.0
54	33.8
199	39.2
112	38.2
190	38.5
302	51.5
222	33.3
160	25.0
26	23.5
301	35.3
207	60.4
290	-0.40
119
144	Northeastern	CAA	2	1–1
0–0	95.5
240	93.7
52	.5558
144	48.4
170	50.0
180	28.4
319	17.7
187	35.5
82	26.8
73	56.5
9	39.0
199	46.7
182	47.6
149	34.4
152	35.7
180	34.8
134	40.0
279	66.4
113	-0.41
122
145	Denver	SB	2	1–1
0–0	99.8
202	97.9
102	.5550
145	50.5
118	50.0
180	21.8
248	25.0
16	26.3
238	24.5
41	42.6
71	63.0
312	48.4
149	48.2
164	36.7
116	36.0
185	31.9
179	30.9
126	61.1
273	-0.7
190
146	Rider	MAAC	1	0–1
0–0	99.2
207	97.3
92	.5548
146	50.0
129	44.7
56	24.8
299	20.4
97	20.0
299	32.4
168	48.9
35	33.3
123	44.8
228	44.1
68	38.9
78	30.4
95	38.3
67	40.4
282	69.8
38	-0.7
174
147	Oklahoma St.	B12	3	1–2
0–1	108.8
95	106.8
226	.5530
147	55.4
33	57.3
287	17.9
135	19.9
116	16.7
317	38.4
278	24.7
280	30.3
85	53.0
53	63.3
318	39.7
55	30.4
95	36.7
94	33.9
181	65.0
146	-0.40
120
148	Rice	CUSA	4	2–2
1–1	100.7
190	98.9
112	.5511
148	51.7
98	46.8
106	19.8
198	16.5
225	19.7
304	27.8
92	37.3
135	33.6
129	51.3
83	41.6
40	35.2
139	37.2
215	25.5
280	36.6
236	69.2
43	-1.3
276
149	Western Kentucky
   16 seed, R64	SB	5	5–0
0–0	98.1
219	96.5
87	.5482
149	44.6
254	45.2
65	23.0
273	17.8
181	40.1
26	22.8
22	56.3
10	31.9
110	42.2
274	46.0
111	33.3
160	28.8
75	30.2
215	28.4
75	68.7
52	+0.9
19
150	Illinois	B10	3	0–3
0–2	101.9
176	100.3
133	.5465
150	45.3
240	51.0
205	16.2
90	14.0
288	25.2
257	28.4
108	20.7
302	46.3
266	48.2
155	46.7
124	26.3
268	38.6
234	33.7
148	38.3
261	65.3
138	-1.3
274
Rk	Team	Conf	G	Rec	AdjOE	AdjDE	Barthag	Efg%	EfgD%	TOR	TORD	ORB	DRB	FTR	FTRD	2P%	2P%D	3P%	3P%D	3PR	3PRD	Adj T.	WAB
151	Old Dominion	CAA	3	2–1
0–0	108.1
104	106.4
221	.5450
151	46.4
212	49.7
176	15.7
68	17.8
181	46.0
2	36.4
249	26.4
266	37.6
181	43.6
248	51.9
230	35.0
144	30.5
99	31.1
195	35.8
224	65.0
146	-0.30
104
152	Hartford	AE	2	1–1
0–0	96.9
229	95.5
77	.5434
152	49.5
144	45.5
71	20.5
223	22.0
53	24.6
266	35.1
231	34.3
175	35.5
154	49.1
129	49.2
182	33.3
160	26.7
44	45.7
12	40.9
288	60.8
280	-0.5
138
153	North Dakota St.	Sum	2	0–2
0–0	105.8
134	104.7
198	.5304
153	50.5
118	55.4
269	13.7
26	22.0
53	15.6
320	12.0
1	37.9
124	69.9
317	44.9
227	63.3
318	41.2
42	29.4
84	33.0
158	41.0
292	72.7
13	-0.8
218
154	Loyola Marymount	WCC	2	1–1
0–0	93.0
264	92.2
38	.5259
154	45.7
232	45.6
76	19.3
180	17.3
203	28.4
205	35.6
239	44.8
55	28.7
67	48.7
138	38.6
13	26.3
268	37.7
223	32.8
162	39.0
267	71.7
18	-0.8
206
155	Albany	AE	3	1–2
0–0	104.9
144	104.0
185	.5236
155	50.0
129	46.3
92	18.0
142	16.4
229	26.9
228	37.3
268	25.2
275	21.9
14	35.0
320	49.2
182	49.2
6	26.0
35	38.7
63	28.1
71	63.6
201	-0.7
192
156	Manhattan	MAAC	2	1–1
0–0	108.9
93	108.0
240	.5231
156	56.3
27	56.4
278	17.2
116	19.9
116	33.8
115	23.0
25	29.9
229	35.6
158	57.0
22	47.3
138	36.6
119	47.7
306	32.3
172	37.3
246	71.7
18	-0.9
243
157	California
   12 seed, R68	P12	4	1–3
0–1	106.2
127	105.4
208	.5229
157	46.7
203	52.5
228	21.1
239	15.1
258	31.6
154	24.6
42	40.2
100	30.5
91	47.2
175	51.6
224	30.2
219	36.5
198	24.8
288	28.6
77	67.1
91	-0.29
100
158	Boise St.	MWC	3	0–3
0–2	104.8
145	104.1
187	.5208
158	47.0
200	59.4
297	19.3
180	15.0
262	24.4
268	14.7
2	35.6
160	42.4
234	49.5
120	56.7
293	28.6
244	42.9
274	37.6
81	35.3
207	61.6
263	-1.5
288
159	Quinnipiac	NEC	3	1–2
0–0	105.7
136	105.1
200	.5188
159	49.0
157	49.2
159	14.8
50	14.4
280	35.9
74	27.9
93	26.3
269	41.2
224	45.6
211	43.7
65	40.0
49	37.8
224	23.2
303	41.8
295	67.0
94	-0.43
126
160	Appalachian St.	SC	2	1–1
0–0	104.1
152	103.4
176	.5185
160	49.2
151	44.9
61	21.9
252	10.6
319	39.2
36	34.5
212	30.3
226	29.9
80	50.0
107	45.5
98	31.3
205	28.9
76	26.2
271	27.7
64	67.3
83	-0.7
183
161	Lipscomb	ASun	1	0–1
0–0	95.7
238	95.3
72	.5130
161	35.0
319	47.0
110	13.1
20	26.3
8	32.6
135	42.4
302	26.7
264	34.0
135	38.5
302	45.5
98	19.0
313	32.1
126	35.0
129	56.0
323	61.8
257	-0.5
136
162	Cleveland St.	Horz	2	0–2
0–0	93.2
261	92.9
46	.5102
162	41.1
291	48.5
141	24.8
299	20.6
88	37.5
58	28.6
109	25.2
275	62.6
311	39.1
299	51.4
219	30.6
212	27.6
60	29.3
225	29.3
98	68.9
48	-0.7
187
163	Tulsa	CUSA	3	0–3
0–2	106.3
126	105.9
215	.5099
163	46.5
210	54.5
257	20.4
220	17.3
203	33.3
120	30.5
139	58.7
7	45.3
256	43.4
253	53.7
256	38.9
78	37.8
224	20.9
314	25.1
33	67.6
80	-1.7
299
164	North Florida	ASun	1	0–1
0–0	102.1
172	101.8
153	.5095
164	46.6
208	55.3
264	17.8
132	20.7
86	31.4
157	18.5
7	25.9
271	57.4
301	51.7
77	51.3
217	27.6
253	50.0
311	50.0
5	17.0
3	68.2
64	-0.7
194
165	Northwestern St.	Slnd	3	1–2
1–1	102.6
166	102.2
160	.5091
165	55.5
32	44.2
45	20.2
212	19.7
120	30.3
173	43.3
305	28.8
243	46.8
270	54.4
43	44.8
81	38.8
82	28.2
69	30.1
217	22.5
20	67.8
75	-1.4
282
166	Utah St.	WAC	4	3–1
2–0	105.5
140	105.2
204	.5086
166	54.1
58	48.8
151	19.0
176	18.6
147	35.1
90	31.8
162	52.3
23	35.5
154	57.0
22	47.6
149	32.3
184	34.3
151	33.7
148	31.3
131	62.0
253	-0.5
142
167	BYU
   14 seed, R64	WCC	3	2–1
0–0	92.9
267	92.6
42	.5085
167	52.1
93	53.7
246	22.4
260	21.9
58	22.9
284	21.4
18	34.5
171	24.2
32	53.9
47	58.3
300	32.1
187	30.2
92	31.5
185	35.4
215	72.6
14	-0.23
97
168	North Texas	SB	3	2–1
0–0	110.1
83	110.0
257	.5013
168	52.4
87	48.9
152	18.2
149	20.3
103	29.8
184	36.2
245	25.7
272	25.6
42	46.3
192	49.6
192	51.5
4	31.6
118	19.8
318	32.4
155	64.7
157	-0.6
154
169	Wyoming	MWC	3	1–2
0–1	93.1
263	93.2
47	.4978
169	47.5
190	51.3
214	23.4
281	20.0
113	18.9
309	20.6
17	54.9
11	45.5
257	48.8
135	49.5
189	30.6
212	36.7
201	43.7
22	31.8
144	67.0
94	-0.6
148
170	Portland St.	BSky	3	1–2
0–0	109.1
89	109.3
250	.4959
170	56.1
30	50.0
180	18.8
169	15.2
255	30.3
173	32.4
168	28.5
246	29.0
74	50.5
103	54.5
264	44.6
22	26.4
42	33.9
146	30.1
115	62.1
251	-1.5
285
171	South Alabama	SB	2	1–1
0–0	100.2
197	100.5
139	.4912
171	50.5
118	49.1
156	22.8
270	14.5
278	37.7
56	27.6
89	53.0
18	37.4
176	46.3
192	45.6
100	39.4
62	36.2
191	33.0
158	40.9
288	66.9
98	-0.5
135
172	Arizona St.	P12	2	1–1
1–0	119.8
17	120.3
307	.4878
172	54.9
43	57.0
284	17.9
135	17.9
178	29.5
190	35.0
228	52.0
24	49.5
275	49.3
124	46.3
115	45.2
16	50.0
311	30.4
212	37.4
250	66.8
101	-0.16
86
173	North Carolina Central	MEAC	3	2–1
1–0	92.0
271	92.4
40	.4868
173	50.4
124	41.4
17	25.2
306	30.1
2	32.6
135	39.6
285	42.1
77	31.0
99	46.2
195	42.9
56	38.8
82	25.5
30	35.0
129	32.4
155	60.7
284	-0.8
201
174	UAB	CUSA	4	2–2
1–1	104.6
149	105.4
209	.4781
174	46.2
216	47.6
131	16.1
84	17.7
187	35.0
96	34.3
208	42.0
78	30.7
96	44.6
232	48.1
162	32.9
173	30.8
108	34.4
139	28.9
86	63.8
192	-0.8
217
175	Bowling Green	MAC	4	1–3
1–1	101.7
181	102.6
165	.4729
175	46.0
223	54.3
254	15.2
61	18.1
167	33.8
115	29.3
121	19.9
305	34.0
135	49.1
129	48.4
169	25.4
276	43.5
280	27.9
246	35.0
202	59.1
308	-1.4
283
Rk	Team	Conf	G	Rec	AdjOE	AdjDE	Barthag	Efg%	EfgD%	TOR	TORD	ORB	DRB	FTR	FTRD	2P%	2P%D	3P%	3P%D	3PR	3PRD	Adj T.	WAB
176	Mercer	ASun	3	2–1
0–0	92.7
268	93.9
54	.4647
176	47.7
187	42.4
21	23.1
276	17.5
197	33.3
120	25.4
53	39.3
111	27.6
58	43.5
251	41.2
32	35.4
136	29.4
84	43.3
26	40.0
279	63.4
215	-0.9
224
177	Ball St.	MAC	3	2–1
2–0	102.5
167	103.9
183	.4623
177	51.3
105	44.3
46	21.8
248	20.7
86	36.6
68	39.3
283	36.7
144	30.2
82	48.4
149	39.6
20	37.3
105	35.8
181	39.3
60	33.3
171	60.8
280	-0.7
169
178	Morehead St.	OVC	2	1–1
0–0	96.1
233	97.5
96	.4598
178	45.8
228	50.6
196	22.7
267	27.6
6	32.8
132	23.5
29	44.8
55	56.3
297	43.9
243	69.8
324	33.3
160	18.9
5	31.3
188	46.3
312	62.5
242	-0.7
185
179	Charlotte	A10	3	0–3
0–2	104.7
146	106.2
218	.4595
179	47.6
189	58.8
295	18.8
169	15.0
262	28.7
200	23.6
31	22.3
294	39.6
208	46.7
182	61.3
312	32.8
175	36.2
191	34.8
134	35.4
215	67.9
72	-1.6
294
180	Oral Roberts	Sum	3	1–2
0–0	100.6
193	102.1
157	.4564
180	46.2
216	51.0
205	19.3
180	20.9
81	32.4
140	29.0
117	35.4
161	34.0
135	46.6
186	46.4
118	30.0
223	42.5
271	25.3
281	26.7
48	63.8
192	-0.8
196
181	Indiana St.	MVC	3	1–2
0–0	93.8
251	95.8
80	.4408
181	45.2
243	49.4
165	16.8
103	20.0
113	19.1
307	32.0
163	42.2
74	19.0
4	46.5
189	46.7
124	28.3
246	37.5
216	31.3
188	28.6
77	64.1
180	-0.14
85
182	Weber St.	BSky	3	2–1
0–0	110.9
74	113.3
277	.4382
182	56.2
28	58.6
294	14.8
50	20.6
88	19.8
303	34.5
212	19.9
305	22.8
19	54.9
39	50.0
195	39.0
75	50.0
311	36.6
95	34.6
197	62.9
234	-0.41
121
183	TCU	MWC	3	1–2
0–1	103.0
161	105.4
210	.4331
183	49.2
151	52.4
227	18.5
156	18.5
154	23.6
279	34.2
206	44.2
60	40.2
218	49.1
129	55.4
271	32.8
175	30.5
99	37.0
88	31.2
130	75.1
5	-1.4
278
184	Columbia	Ivy	2	1–1
1–1	113.7
53	116.5
291	.4315
184	55.0
41	52.8
231	14.5
44	20.4
97	31.0
160	28.8
114	30.7
220	50.0
276	50.0
107	56.1
287	44.8
20	29.2
80	28.7
237	26.7
48	58.6
312	-0.6
159
185	Elon	SC	2	1–1
0–0	104.4
151	107.0
229	.4276
185	50.0
129	50.9
202	18.0
142	12.5
310	28.3
207	32.8
179	42.2
74	37.5
178	52.0
73	56.8
294	29.6
233	26.3
39	26.5
267	33.9
181	62.7
239	-0.48
130
186	Purdue Fort Wayne	Sum	1	0–1
0–0	91.1
284	93.4
50	.4272
186	50.0
129	51.0
205	23.7
285	23.7
28	23.5
280	32.4
168	51.0
28	64.0
313	51.4
80	47.4
141	31.3
205	41.7
261	31.4
186	24.0
25	73.8
7	-0.7
173
187	George Mason	CAA	2	1–1
0–0	104.6
148	107.3
232	.4266
187	46.7
203	47.1
114	24.6
297	12.7
309	43.9
7	28.2
105	31.8
206	56.3
297	52.6
62	38.8
16	20.7
307	41.7
261	27.1
257	35.0
202	63.4
215	-0.09
79
188	Siena	MAAC	2	1–1
0–0	106.8
122	109.6
252	.4264
188	52.6
79	52.0
221	15.9
73	18.1
167	24.2
271	34.7
219	28.2
248	23.4
25	51.1
88	45.9
107	37.9
94	43.6
282	24.8
288	31.5
133	64.6
163	-0.5
143
189	Little Rock	SB	1	0–1
0–0	97.9
224	100.5
140	.4249
189	44.6
254	42.7
25	13.1
20	16.1
236	13.5
323	35.4
236	32.1
200	74.5
321	46.3
192	44.4
76	26.7
263	26.3
39	26.8
261	34.5
195	65.8
127	-0.9
220
190	St. John's	BE	3	0–3
0–2	101.7
179	104.5
196	.4221
190	42.9
281	55.9
274	20.2
212	22.3
47	38.0
54	42.2
300	29.9
229	45.8
262	42.6
269	56.0
286	29.3
239	37.1
213	23.2
303	40.5
284	66.5
111	-1.6
295
191	UT Arlington	Slnd	5	2–3
1–1	105.9
133	109.0
248	.4169
191	50.2
126	55.5
272	19.5
190	20.8
84	38.5
49	22.4
20	53.6
15	41.7
230	51.0
91	53.8
258	32.3
184	38.3
231	34.0
144	47.2
317	71.9
16	-1.6
293
192	Penn St.	B10	3	0–3
0–2	102.4
170	105.4
212	.4162
192	45.6
238	59.9
303	18.9
172	20.5
94	29.0
196	36.8
256	27.8
252	51.1
282	41.3
282	53.0
244	36.7
116	46.6
299	31.0
201	41.1
293	63.0
232	-1.1
266
193	Eastern Washington	BSky	2	1–1
0–0	108.5
97	111.9
267	.4125
193	55.1
38	47.9
135	20.0
206	17.0
211	29.3
193	34.7
219	32.4
197	33.3
123	56.6
28	43.2
60	34.4
152	37.0
208	29.6
221	38.3
261	68.3
59	-0.5
139
194	Southeast Missouri St.	OVC	2	1–1
0–0	107.2
117	110.6
261	.4091
194	52.7
76	54.0
250	19.9
200	14.6
275	41.7
16	24.2
38	43.4
63	24.1
30	50.0
107	50.0
195	39.4
62	43.3
278	29.2
227	26.8
51	65.8
127	-0.8
208
195	Bethune Cookman	MEAC	5	4–1
1–0	109.0
91	113.0
275	.3975
195	52.5
83	50.2
187	16.9
106	23.0
39	42.2
14	43.3
305	36.1
151	41.9
231	50.7
95	55.4
271	38.4
90	25.6
33	26.1
273	30.8
123	60.8
280	-0.6
161
196	Maine	AE	1	0–1
0–0	69.2
323	71.8
1	.3964
196	32.1
323	36.0
1	21.8
248	20.2
107	13.5
323	22.9
23	13.2
321	34.0
135	47.2
175	38.7
14	0.0
324	21.1
9	32.1
176	38.0
258	67.1
91	-0.7
193
197	Louisiana	SB	2	0–2
0–0	88.7
294	92.1
37	.3929
197	43.6
271	46.5
96	21.8
248	23.2
37	26.7
231	28.6
109	35.9
155	28.7
67	46.8
179	44.0
67	25.0
279	37.5
216	34.2
142	20.9
11	70.5
25	-0.8
214
198	Nebraska	B10	3	0–3
0–2	103.9
154	108.1
243	.3879
198	47.2
197	62.2
313	17.3
118	19.5
131	25.5
249	30.5
139	21.9
296	39.5
207	48.7
138	56.3
289	30.5
216	46.3
298	51.3
2	45.6
309	61.6
263	-1.5
287
199	Southern Utah	Sum	2	1–1
0–0	101.7
180	105.8
214	.3868
199	54.0
60	61.5
311	17.9
135	16.3
233	27.9
218	23.1
27	39.0
116	39.6
208	50.6
97	55.8
282	47.1
9	45.5
294	17.0
321	45.8
311	59.0
309	-0.33
109
200	Cal St. Bakersfield	ind	1	0–1
0–0	97.8
225	101.8
154	.3866
200	45.7
232	53.3
244	18.5
156	24.2
23	30.6
169	35.7
240	37.9
124	78.3
324	44.4
234	64.5
320	31.8
192	20.0
6	37.9
75	32.6
161	73.6
8	+0.00
74
Rk	Team	Conf	G	Rec	AdjOE	AdjDE	Barthag	Efg%	EfgD%	TOR	TORD	ORB	DRB	FTR	FTRD	2P%	2P%D	3P%	3P%D	3PR	3PRD	Adj T.	WAB
201	Jacksonville	ASun	1	0–1
0–0	91.2
280	95.1
70	.3841
201	44.9
248	44.8
58	17.2
116	15.7
244	16.2
318	40.5
289	22.0
295	53.4
289	45.2
220	41.5
39	29.4
235	35.3
172	28.8
234	29.3
98	68.1
67	-0.44
127
202	American	Pat	3	1–2
0–0	91.5
277	95.3
73	.3835
202	41.9
285	50.8
201	15.6
66	18.5
154	22.5
287	30.6
142	25.0
278	20.2
7	39.6
292	51.9
230	30.4
218	32.9
132	38.3
67	39.3
273	65.7
130	-0.45
129
203	North Dakota	GWC	4	3–1
1–0	92.9
266	97.5
95	.3662
203	46.8
202	43.9
41	20.1
209	20.9
81	30.4
171	30.0
130	38.2
120	32.7
117	50.0
107	42.5
51	26.8
261	31.7
120	32.7
163	27.3
58	67.7
77	+0.16
60
204	Lafayette	Pat	2	1–1
0–0	106.0
130	111.6
266	.3579
204	55.8
31	52.2
224	26.0
308	17.8
181	24.1
273	40.0
286	40.0
102	33.6
129	44.2
238	48.9
178	46.5
11	42.3
270	45.3
14	22.4
18	68.1
67	-0.32
107
205	Boston College	ACC	3	1–2
1–1	94.0
245	98.9
111	.3571
205	49.7
140	50.0
180	23.7
285	14.9
272	24.2
271	31.7
160	22.5
292	21.2
12	48.0
162	47.9
156	34.2
154	35.8
181	50.3
3	36.4
233	65.5
133	-0.7
176
206	Cal St. Fullerton	BW	4	2–2
2–0	102.6
165	108.0
241	.3565
206	45.7
232	48.7
149	17.7
127	17.0
211	37.0
65	32.1
164	36.7
144	47.2
271	41.8
280	48.0
160	34.7
149	33.3
136	38.3
67	35.4
215	69.7
39	-0.6
151
207	Niagara	MAAC	2	1–1
0–0	116.5
32	122.9
311	.3526
207	49.6
143	63.8
316	14.8
50	21.0
78	40.5
25	36.7
254	47.8
39	54.3
293	40.3
291	62.7
316	41.7
38	44.4
286	41.7
36	28.7
81	64.9
151	-0.7
184
208	Western Michigan	MAC	5	2–3
0–2	104.4
150	110.4
258	.3447
208	51.8
96	48.5
141	19.5
190	16.9
215	31.8
152	28.7
113	44.9
54	33.5
126	54.4
43	46.4
118	31.5
202	35.3
172	36.0
109	32.0
147	64.7
157	-2.5
321
209	Rutgers	BE	3	1–2
1–1	94.0
246	99.7
125	.3363
209	39.4
300	49.7
176	19.9
200	25.0
16	35.8
76	43.9
308	37.6
129	52.9
286	35.4
318	47.2
137	31.6
198	36.7
201	33.5
151	31.6
136	63.5
208	-1.2
271
210	Austin Peay	OVC	1	0–1
0–0	112.0
60	119.0
306	.3340
210	57.8
14	51.7
218	26.5
313	20.2
107	44.8
4	45.7
317	39.2
112	32.8
120	56.4
30	55.3
269	41.7
38	30.0
91	23.5
301	34.5
195	66.0
120	-0.9
232
211	UC Irvine	BW	4	1–3
0–2	93.8
252	99.7
126	.3315
211	47.1
198	45.9
85	23.4
281	18.2
164	29.9
183	34.7
219	27.4
258	37.5
178	42.2
274	45.9
107	35.8
130	30.7
107	42.6
29	32.3
153	64.8
154	-1.6
292
212	Savannah St.	MEAC	3	1–2
1–0	91.6
275	97.4
94	.3304
212	39.9
295	44.6
55	22.3
258	21.3
76	41.4
18	26.3
65	28.7
245	40.9
221	39.5
293	47.3
138	27.1
258	24.3
23	33.1
155	24.8
30	63.4
215	-0.9
244
213	Charleston Southern	BSth	2	1–1
0–0	106.2
128	113.0
274	.3285
213	54.7
45	53.0
238	19.4
186	18.0
172	33.3
120	36.5
250	28.0
249	36.4
168	48.5
144	55.1
267	42.0
35	32.5
130	42.4
32	33.9
181	68.3
59	-0.5
145
214	Central Connecticut	NEC	1	0–1
0–0	106.0
131	113.4
278	.3157
214	44.1
261	55.0
262	25.1
305	22.5
45	43.2
11	42.4
302	49.2
34	43.3
238	41.2
283	55.8
282	32.0
189	35.3
172	42.4
32	28.3
73	73.2
10	-0.5
144
215	McNeese St.	Slnd	6	2–4
0–2	102.5
168	109.7
254	.3142
215	46.2
216	50.6
196	16.1
84	15.3
253	34.6
104	31.0
150	29.3
238	45.6
260	42.3
272	47.7
151	37.1
107	39.3
245	28.8
234	25.7
39	63.7
196	-1.8
307
216	Hawaii	WAC	4	1–3
0–2	99.2
208	106.2
219	.3126
216	48.0
178	54.8
259	14.5
44	21.0
78	25.2
257	35.7
240	38.6
118	46.1
264	48.1
158	53.8
258	31.9
191	37.8
224	20.6
315	34.1
189	70.0
34	-2.2
317
217	Northern Illinois	MAC	4	2–2
1–1	99.6
205	106.6
222	.3125
217	50.5
118	47.4
122	22.6
263	18.3
162	26.5
236	34.6
216	29.7
233	39.3
203	44.0
242	48.6
173	39.0
75	30.6
102	45.1
16	43.4
300	59.5
302	-1.4
279
218	UC Riverside	BW	2	1–1
1–0	95.1
242	101.9
155	.3116
218	44.1
261	44.8
58	12.1
13	17.4
199	14.5
322	35.1
231	54.5
13	36.2
164	45.9
203	46.6
122	25.9
273	27.9
63	26.7
264	37.1
244	63.5
208	-0.8
199
219	Furman	SC	2	1–1
0–0	97.5
227	104.4
195	.3115
219	46.3
213	53.1
240	21.2
240	12.5
310	43.2
11	24.6
42	43.1
67	29.2
77	45.6
211	62.7
316	31.7
195	26.1
38	37.6
81	40.7
286	64.4
169	-0.48
132
220	Idaho St.	BSky	1	0–1
0–0	109.4
86	117.3
297	.3092
220	51.5
102	60.4
305	17.5
124	20.4
97	33.3
120	32.1
164	12.1
322	41.5
228	39.4
296	55.6
276	42.4
32	47.1
302	50.0
5	32.1
150	66.2
116	-0.8
209
221	Cal St. Northridge	BW	1	0–1
0–1	109.8
85	117.9
302	.3063
221	45.2
243	55.3
264	13.3
24	11.8
313	43.6
9	36.1
243	39.7
106	61.4
310	45.7
209	55.6
276	29.4
235	36.7
201	27.0
258	52.6
320	64.5
167	-0.7
182
222	Miami OH	MAC	3	0–3
0–2	93.9
249	101.1
147	.2996
222	47.9
184	46.5
96	23.1
276	19.1
137	26.4
237	40.6
290	19.4
308	28.0
62	56.3
31	48.7
175	25.0
279	27.3
53	44.4
17	28.0
69	57.7
320	-2.0
316
223	UTEP	CUSA	4	1–3
0–2	86.9
302	93.7
53	.2973
223	41.4
288	44.5
52	21.2
240	16.2
235	26.0
244	27.1
76	42.6
71	33.6
129	40.4
290	47.1
136	29.3
239	26.7
44	28.4
241	38.1
259	64.3
172	-1.6
296
224	Georgia Tech	ACC	3	1–2
1–1	90.3
285	97.4
93	.2952
224	43.8
269	47.2
116	19.3
180	17.6
192	30.0
181	26.1
62	17.3
315	34.5
144	43.1
262	45.1
87	30.0
223	33.3
136	37.0
88	42.3
297	59.4
304	-1.2
272
225	Stony Brook	AE	4	2–2
0–0	95.9
235	103.5
177	.2950
225	42.2
283	54.3
254	18.0
142	19.3
136	42.4
13	15.2
3	24.6
281	23.4
25	45.4
216	43.6
64	23.3
297	47.9
307	30.9
204	37.8
256	60.6
288	-0.7
178
Rk	Team	Conf	G	Rec	AdjOE	AdjDE	Barthag	Efg%	EfgD%	TOR	TORD	ORB	DRB	FTR	FTRD	2P%	2P%D	3P%	3P%D	3PR	3PRD	Adj T.	WAB
226	Morgan St.	MEAC	2	1–1
1–0	99.8
201	107.8
239	.2924
226	43.4
275	44.4
50	23.9
288	19.6
124	40.8
23	33.3
188	56.6
8	57.9
304	38.8
300	43.7
65	38.5
87	30.6
102	24.5
293	33.6
176	66.4
113	-0.9
234
227	SIU Edwardsville	OVC	1	1–0
0–0	101.3
184	109.6
253	.2872
227	59.6
7	41.3
15	22.7
267	17.4
199	28.1
214	33.3
188	35.1
165	24.6
33	48.7
138	47.7
151	55.6
1	20.0
6	31.6
183	36.2
232	69.9
36	+0.04
70
228	Utah Valley	GWC	3	0–3
0–1	96.3
231	104.3
192	.2868
228	43.4
275	52.8
231	19.9
200	16.9
215	36.0
73	26.3
65	32.0
201	23.3
23	44.5
233	49.6
192	27.4
254	39.3
245	34.3
140	34.7
199	65.8
127	-1.8
302
229	UNC Greensboro	SC	2	1–1
0–0	95.7
239	104.2
189	.2736
229	47.5
190	46.7
103	16.0
80	19.7
120	34.2
113	32.9
183	31.4
210	26.7
51	43.2
257	46.3
115	39.4
62	31.6
118	27.3
254	31.7
142	68.3
59	-0.8
213
230	Fresno St.	WAC	3	0–3
0–2	97.9
222	106.6
223	.2735
230	45.4
239	49.4
165	17.1
112	18.6
147	29.4
191	37.6
274	36.0
153	55.3
296	45.9
203	47.8
155	29.7
230	35.4
176	36.6
95	29.8
110	61.7
258	-2.3
318
231	Air Force	MWC	3	0–3
0–2	108.2
101	118.1
303	.2690
231	54.2
54	59.7
301	17.1
112	13.9
290	17.9
313	27.1
76	37.3
135	54.7
294	44.7
230	55.4
271	45.6
14	43.3
278	40.1
52	44.7
305	62.6
241	-1.3
275
232	Central Michigan	MAC	4	2–2
1–1	97.6
226	106.7
224	.2658
232	44.7
251	49.0
154	15.0
57	21.0
78	38.7
45	35.9
242	27.2
260	43.0
236	38.5
302	47.9
156	39.2
69	34.4
152	30.5
211	29.5
101	64.1
180	-1.1
268
233	Hampton	MEAC	4	2–2
0–1	91.9
272	100.5
141	.2639
233	45.7
232	42.6
23	23.3
278	26.3
8	28.6
204	44.8
316	54.0
14	40.1
217	47.9
163	38.3
10	27.9
249	34.2
150	36.4
99	32.9
167	66.7
105	-1.6
291
234	Marist	MAAC	2	1–1
0–0	98.2
218	107.6
233	.2600
234	49.1
154	53.9
249	16.1
84	18.4
158	24.6
266	33.9
201	32.4
197	27.2
54	47.5
172	59.3
303	35.7
131	21.7
12	25.9
276	20.2
8	63.7
196	-0.5
147
235	Yale	Ivy	3	0–3
0–2	91.4
278	100.2
130	.2588
235	36.8
313	56.4
278	19.9
200	18.3
162	30.7
166	17.3
5	37.1
139	44.3
248	37.5
311	58.0
299	23.1
299	35.0
163	24.5
293	28.6
77	65.6
132	-1.1
269
236	George Washington	A10	3	0–3
0–2	93.1
262	102.2
158	.2563
236	45.7
232	56.4
278	24.1
290	22.4
46	34.4
109	32.9
183	29.1
239	41.4
227	47.1
177	53.6
255	26.7
263	41.9
266	19.9
317	30.7
122	60.7
284	-1.5
286
237	Winthrop	BSth	2	1–1
0–0	93.9
248	103.3
172	.2500
237	43.0
279	54.4
256	18.3
150	21.5
68	39.2
36	19.2
10	33.9
182	44.4
249	42.3
272	53.4
253	29.7
230	37.5
216	32.2
175	35.6
220	58.2
315	-0.8
216
238	Missouri St.	MVC	1	0–1
0–0	98.8
210	108.7
247	.2500
238	47.1
198	49.0
154	12.8
17	17.6
192	21.9
291	44.4
312	43.1
67	58.0
305	51.4
80	51.3
217	25.0
279	27.3
53	31.4
186	22.0
17	61.2
269	-0.7
186
239	Texas Tech	B12	2	0–2
0–1	102.2
171	112.5
271	.2492
239	53.3
67	61.9
312	27.1
314	12.3
312	30.2
177	25.9
60	36.7
144	30.5
91	54.5
42	52.5
239	33.3
160	50.0
311	26.7
264	41.9
296	60.6
288	-1.1
265
240	Chattanooga	SC	1	0–1
0–0	101.0
187	111.2
264	.2488
240	39.6
297	50.9
202	22.8
270	12.8
308	39.5
31	23.5
29	66.0
2	43.9
244	42.9
263	50.0
195	22.2
303	34.8
158	34.0
144	40.4
282	70.1
31	-0.9
253
241	Delaware	CAA	3	1–2
0–0	105.1
141	116.0
288	.2444
241	48.3
171	46.2
90	16.5
95	16.5
225	25.3
253	46.6
320	63.9
3	33.2
122	52.5
65	41.3
35	26.1
272	40.8
257	31.3
188	24.6
28	70.1
31	-0.7
166
242	Arkansas Pine Bluff	SWAC	3	2–1
1–0	98.0
220	108.1
242	.2439
242	50.0
129	40.4
10	20.6
225	18.6
147	30.1
180	40.9
291	59.2
5	33.9
133	45.8
205	40.3
23	39.1
72	27.0
51	32.4
170	32.8
163	61.9
256	-0.9
227
243	Colgate	Pat	1	0–1
0–0	88.6
295	97.9
103	.2412
243	46.7
203	44.4
50	32.7
323	13.4
300	32.1
145	30.2
134	37.0
140	28.6
66	46.7
182	42.1
44	31.3
205	32.0
123	34.8
134	39.7
277	64.9
151	-0.48
131
244	FIU	SB	1	0–1
0–0	95.3
241	105.4
211	.2382
244	44.3
259	45.0
63	19.3
180	22.3
47	20.0
299	44.2
310	37.7
128	35.0
150	44.4
234	32.4
2	29.4
235	43.5
280	32.1
176	38.3
261	64.6
163	-0.9
220
245	Wake Forest	ACC	2	0–2
0–1	105.1
142	116.5
292	.2350
245	49.5
144	56.1
275	16.8
103	14.4
280	17.5
315	34.9
227	34.0
181	30.7
96	49.2
127	54.8
266	33.3
160	39.0
242	37.1
87	36.0
229	63.3
221	-1.4
281
246	Alcorn St.	SWAC	4	1–3
0–2	88.3
296	98.1
105	.2303
246	49.1
154	40.7
12	24.9
302	22.9
41	26.2
241	32.7
177	41.6
83	53.7
291	48.2
155	42.2
47	34.8
146	24.6
25	21.5
311	26.9
52	72.8
12	-2.9
324
247	Sacred Heart	NEC	1	0–1
0–0	101.2
185	112.5
272	.2275
247	52.8
73	59.8
302	26.0
308	15.3
253	43.3
10	28.1
98	27.8
252	32.1
112	51.2
86	60.7
308	38.5
87	39.3
245	24.1
297	50.0
319	58.2
315	-0.7
171
248	San Jose St.	WAC	3	0–3
0–2	91.6
273	102.2
159	.2224
248	40.7
293	56.6
281	15.7
68	17.9
178	33.3
120	19.2
10	18.0
312	43.8
243	42.1
277	55.7
280	25.0
279	38.8
238	29.2
227	35.8
224	63.7
196	-2.4
320
249	Arkansas	SEC	2	0–2
0–1	101.5
182	113.2
276	.2215
249	44.0
266	56.6
281	18.0
142	17.2
206	28.2
210	42.6
304	22.9
290	39.6
208	42.9
263	56.8
294	30.8
210	37.5
216	35.8
113	30.2
116	61.2
269	-1.0
264
250	St. Francis NY	NEC	1	0–1
0–0	98.8
211	110.4
259	.2173
250	46.5
210	47.0
110	16.6
100	15.2
255	28.2
210	44.4
312	52.6
20	46.3
266	34.5
321	40.4
25	39.3
67	46.7
300	49.1
7	22.4
18	71.9
16	-0.9
233
Rk	Team	Conf	G	Rec	AdjOE	AdjDE	Barthag	Efg%	EfgD%	TOR	TORD	ORB	DRB	FTR	FTRD	2P%	2P%D	3P%	3P%D	3PR	3PRD	Adj T.	WAB
251	NJIT	GWC	4	3–1
1–0	93.6
256	104.7
197	.2167
251	44.1
261	45.8
83	15.9
73	21.6
65	32.1
145	30.0
130	31.3
211	48.4
273	42.0
279	46.0
111	32.5
179	30.3
93	31.3
188	35.3
207	64.5
167	-0.8
197
252	Portland	WCC	2	1–1
0–0	100.7
191	113.0
273	.2103
252	55.1
38	50.4
191	22.6
263	10.6
319	29.3
193	32.9
183	24.3
284	32.0
111	48.5
144	44.3
73	43.9
23	43.2
277	38.3
67	29.6
107	64.7
157	-0.7
179
253	Jacksonville St.	OVC	2	1–1
0–0	102.0
174	114.5
284	.2096
253	48.5
165	54.9
260	21.9
252	21.9
58	38.5
49	37.5
272	45.0
53	60.4
308	59.3
9	55.9
285	22.0
304	34.8
158	41.0
46	25.3
34	62.8
235	-0.8
205
254	Coastal Carolina	BSth	2	0–2
0–0	105.5
139	118.5
304	.2089
254	52.8
73	57.0
284	22.5
262	17.9
178	35.1
90	41.8
295	30.2
227	31.3
102	54.7
40	47.7
151	32.3
184	46.0
296	29.2
227	43.5
301	61.0
275	-0.9
251
255	Southern	SWAC	2	2–0
2–0	101.4
183	114.3
283	.2008
255	51.6
99	44.3
46	22.8
270	20.3
103	32.8
132	42.1
297	41.9
81	39.6
208	50.8
92	38.7
14	35.3
137	38.7
237	36.6
95	29.2
94	57.2
324	+0.04
71
256	Providence	BE	2	0–2
0–1	98.4
216	111.0
262	.1997
256	37.0
312	58.1
291	12.4
15	15.5
249	30.7
166	32.7
177	23.6
289	41.0
222	40.7
288	52.6
241	19.5
311	48.3
308	32.3
172	27.6
62	66.8
101	-0.9
256
257	Texas A&M Corpus Chris	Slnd	2	1–1
1–1	93.3
260	105.3
207	.1992
257	57.4
16	44.3
46	27.3
316	15.8
240	23.3
282	36.8
256	41.1
93	43.4
241	57.4
19	50.6
210	38.2
91	18.2
3	35.8
113	27.0
54	63.7
196	-0.6
152
258	Binghamton	AE	2	1–1
0–0	98.3
217	111.1
263	.1969
258	52.3
89	44.9
61	20.9
234	15.1
258	29.7
185	37.2
264	31.5
209	39.4
206	48.1
158	48.3
165	41.2
42	25.0
26	30.6
208	31.5
133	65.7
130	-0.8
202
259	Florida A&M	MEAC	4	2–2
0–1	91.5
276	103.5
181	.1954
259	45.0
247	47.5
126	21.5
245	21.9
58	39.6
30	36.8
256	34.4
174	44.6
250	39.5
293	45.7
103	39.1
72	34.4
152	29.0
231	31.4
132	62.3
249	-1.6
298
260	Georgia Southern	SC	2	1–1
0–0	96.2
232	109.0
249	.1912
260	50.0
129	48.5
141	15.1
59	23.4
33	26.6
233	33.9
201	41.1
93	55.1
295	53.6
48	52.3
236	28.9
241	27.3
53	35.5
123	33.7
178	63.4
215	-0.8
215
261	Houston Christian	GWC	2	1–1
1–0	87.7
299	99.5
123	.1888
261	50.0
129	43.7
38	27.3
316	18.5
154	34.8
100	28.6
109	34.6
169	20.2
7	47.6
171	44.2
70	39.1
72	28.6
71	21.5
311	35.3
207	69.2
43	-0.9
250
262	Towson	CAA	1	0–1
0–0	93.5
258	106.3
220	.1857
262	36.0
316	43.3
34	19.1
179	8.8
323	49.0
1	22.9
23	33.8
184	73.1
320	34.5
321	46.9
127	30.0
223	25.0
26	14.7
324	38.5
264	66.1
117	-0.8
212
263	Mississippi Valley St.
   16 seed, R68	SWAC	5	3–2
0–1	94.4
244	107.6
235	.1809
263	43.9
267	49.2
159	17.6
125	28.2
4	34.7
102	40.3
287	34.8
168	50.8
280	47.9
163	44.8
81	24.8
287	38.6
234	37.0
88	33.5
174	68.2
64	-0.9
229
264	Tennessee Tech	OVC	3	1–2
0–0	90.0
288	102.7
167	.1802
264	44.9
248	57.3
287	23.9
288	22.0
53	26.7
231	31.5
157	26.5
265	36.0
161	48.7
138	55.5
275	24.5
291	40.7
256	31.9
179	32.9
167	70.1
31	-0.39
117
265	Dartmouth	Ivy	2	0–2
0–2	96.5
230	110.5
260	.1740
265	39.3
301	51.0
205	22.6
263	16.7
219	33.8
115	33.8
199	67.4
1	36.3
165	46.0
200	39.1
19	15.4
321	47.4
304	29.2
227	37.3
246	59.6
301	-1.5
289
266	USC Upstate	ASun	1	0–1
0–0	85.3
308	97.8
99	.1723
266	35.5
317	46.0
87	18.6
162	17.1
207	40.7
24	34.1
204	30.4
224	33.9
133	35.4
318	34.9
4	23.8
296	47.4
304	30.4
212	30.6
120	68.6
55	-0.9
226
267	Brown	Ivy	2	0–2
0–2	90.2
286	103.4
174	.1717
267	35.3
318	57.0
284	17.3
118	13.8
293	32.5
137	26.3
65	18.8
310	16.8
3	32.9
323	55.6
276	26.2
271	40.0
248	37.5
86	32.7
162	60.1
291	-1.1
269
268	UT Rio Grande Valley	GWC	2	0–2
0–1	87.3
300	100.1
129	.1701
268	48.5
165	48.6
145	26.1
311	21.6
65	19.7
304	30.4
138	27.0
263	31.5
105	45.3
219	53.2
246	36.1
124	24.1
21	36.0
109	26.9
52	63.4
215	-1.9
308
269	Coppin St.	MEAC	2	0–2
0–1	111.7
64	128.7
321	.1643
269	52.2
90	60.5
308	19.3
180	17.0
211	45.5
3	37.3
268	35.7
158	36.4
168	55.4
34	52.2
233	32.0
189	48.8
309	43.5
25	39.1
270	64.8
154	-1.8
306
270	Saint Peter's	MAAC	1	0–1
0–0	93.9
250	108.4
244	.1595
270	48.1
175	51.1
211	23.3
278	15.0
262	37.5
58	29.0
117	16.7
316	57.4
301	53.5
49	44.1
68	18.2
317	46.2
297	20.4
316	27.7
64	57.8
319	-0.9
246
271	Milwaukee	Horz	2	0–2
0–0	89.8
289	104.4
194	.1499
271	43.9
267	55.4
269	20.9
234	23.0
39	25.0
259	35.0
228	32.5
195	39.3
203	47.5
172	55.7
280	26.4
267	36.4
196	46.5
9	29.5
101	70.4
27	-0.7
181
272	Monmouth	NEC	1	0–1
0–0	101.1
186	117.7
300	.1490
272	46.2
216	67.3
321	17.1
112	24.2
23	18.8
310	41.2
292	47.2
44	45.5
257	58.8
10	50.0
195	15.8
319	55.2
321	35.8
113	52.7
321	72.9
11	-0.6
162
273	Howard	MEAC	2	1–1
0–0	90.1
287	105.0
199	.1470
273	44.6
254	47.7
133	29.3
321	20.3
103	41.5
17	32.8
179	30.7
220	67.0
315	37.0
315	42.9
56	42.9
29	40.0
248	27.7
249	28.4
75	59.2
307	-0.8
207
274	Texas Southern	SWAC	5	3–2
1–1	89.1
292	103.9
184	.1465
274	44.1
261	45.5
71	24.8
299	21.7
62	41.0
22	26.3
65	54.7
12	39.0
199	43.2
257	46.9
127	31.0
209	28.7
72	28.7
237	37.0
241	63.5
208	-1.8
304
275	Southern Illinois	MVC	1	0–1
0–0	89.3
291	104.2
188	.1460
275	39.0
307	53.0
238	25.8
307	14.5
278	32.4
140	17.2
4	28.0
249	36.0
161	39.5
293	51.2
216	25.0
279	42.9
274	24.0
299	14.0
1	63.1
226	-0.8
195
Rk	Team	Conf	G	Rec	AdjOE	AdjDE	Barthag	Efg%	EfgD%	TOR	TORD	ORB	DRB	FTR	FTRD	2P%	2P%D	3P%	3P%D	3PR	3PRD	Adj T.	WAB
276	Santa Clara	WCC	1	0–1
0–0	109.1
88	128.8
322	.1291
276	41.4
288	65.9
320	1.7
1	24.9
18	34.1
114	36.8
256	31.3
211	38.6
194	38.0
308	60.7
308	35.7
131	50.0
311	21.9
309	36.4
233	58.6
312	-0.9
254
277	Troy	SB	1	0–1
0–0	110.5
80	131.0
324	.1235
277	47.9
184	59.4
297	5.8
2	18.7
143	27.7
220	44.4
312	26.4
266	67.9
316	42.9
263	48.6
173	36.7
116	56.3
322	41.7
36	30.2
116	70.2
29	-0.9
236
278	High Point	BSth	1	0–1
0–0	98.0
221	116.2
290	.1234
278	43.6
271	52.8
231	18.3
150	10.6
319	32.4
140	38.2
277	34.5
171	75.9
322	48.4
149	61.8
314	25.0
279	25.0
26	43.6
23	37.0
241	62.7
239	-0.6
157
279	USC	P12	3	0–3
0–2	78.2
320	92.7
44	.1233
279	38.2
309	44.5
52	13.9
29	19.0
139	16.0
319	37.3
268	26.4
266	29.7
78	39.2
298	44.2
70	23.9
294	30.6
102	31.1
195	21.8
14	59.3
305	-2.0
315
280	Samford	SC	1	0–1
0–0	104.7
147	125.1
315	.1141
280	50.0
129	50.0
180	9.6
5	17.6
192	21.9
291	50.0
323	30.4
224	44.6
250	69.4
2	53.3
250	10.0
323	30.8
108	35.7
120	46.4
314	63.9
187	-0.9
239
281	Sam Houston St.	Slnd	3	1–2
1–1	91.6
274	109.5
251	.1137
281	46.3
213	52.3
226	26.0
308	23.7
28	31.6
154	32.5
172	41.5
85	47.7
272	45.1
223	48.3
165	32.1
187	40.0
248	39.3
60	34.1
189	61.2
269	-1.5
290
282	IU Indy	Sum	1	0–1
0–0	95.0
243	114.0
282	.1087
282	49.1
154	60.4
305	24.7
298	19.7
120	33.3
120	41.7
294	7.5
324	26.4
48	50.0
107	60.5
306	31.6
198	40.0
248	35.8
113	18.9
6	60.8
280	-0.6
150
283	Delaware St.	MEAC	2	1–1
1–0	97.2
228	116.8
293	.1077
283	47.3
196	47.1
114	15.7
68	18.0
172	35.7
78	44.3
311	38.4
119	30.3
85	48.6
143	45.8
104	30.0
223	34.8
158	35.7
120	19.3
7	57.3
322	-1.0
259
284	Alabama St.	SWAC	3	2–1
2–0	83.4
309	100.6
142	.1040
284	45.1
245	41.7
19	25.0
304	18.1
167	35.1
90	26.7
71	36.4
148	38.5
192	38.4
305	38.0
8	38.2
91	32.1
126	35.7
120	35.9
227	61.7
258	-1.0
260
285	Charleston	SC	1	0–1
0–0	102.5
169	123.7
314	.1036
285	47.4
193	59.4
297	7.9
3	22.3
47	28.3
207	48.6
322	22.4
293	37.5
178	51.9
75	53.1
245	25.0
279	53.3
318	31.6
183	23.4
23	76.0
4	-0.9
248
286	North Carolina A&T	MEAC	2	0–2
0–1	85.6
307	103.4
173	.1021
286	37.9
311	47.2
116	15.4
63	25.4
11	31.0
160	38.6
280	44.6
57	32.7
117	37.7
309	45.6
100	25.7
274	33.3
136	31.3
188	36.4
233	63.9
187	-1.9
311
287	Eastern Michigan	MAC	3	1–2
1–1	87.1
301	105.3
206	.1017
287	39.2
303	55.7
273	18.7
165	23.2
37	33.0
127	30.8
145	29.1
239	45.0
254	40.6
289	57.1
296	24.6
289	36.1
188	36.1
105	46.6
315	59.5
302	-1.4
284
288	Texas St.	Slnd	2	0–2
0–2	92.7
269	112.1
270	.1004
288	41.7
286	47.3
119	14.7
48	19.8
119	27.2
224	36.8
256	24.8
279	52.7
285	42.5
270	44.3
73	27.1
258	36.4
196	39.7
58	29.5
101	68.8
50	-1.8
305
289	Boston University	AE	1	0–1
0–0	79.6
318	96.9
90	.0936
289	34.9
320	46.7
103	23.0
273	24.7
21	39.0
42	25.8
59	39.6
107	40.0
216	41.2
283	52.2
233	15.8
319	27.3
53	35.8
113	48.9
318	61.0
275	-1.0
261
290	Pacific	BW	3	0–3
0–2	91.1
283	111.2
265	.0918
290	44.4
258	59.6
300	19.6
192	15.0
262	27.2
224	33.7
198	21.1
300	27.6
58	43.8
244	57.3
297	30.2
219	41.8
264	41.4
41	42.9
299	60.7
284	-2.0
314
291	Navy	Pat	1	0–1
0–0	107.0
120	130.7
323	.0916
291	65.0
1	70.6
323	35.0
324	22.3
47	38.1
53	50.0
323	40.0
102	37.3
175	61.1
4	66.7
323	45.5
15	53.3
318	55.0
1	29.4
100	64.6
163	-0.5
146
292	Youngstown St.	Horz	1	0–1
0–0	102.7
163	125.4
317	.0913
292	60.4
6	67.3
321	20.8
233	18.0
172	22.6
286	29.2
120	41.5
85	45.5
257	69.7
1	65.8
322	30.0
223	47.1
302	37.7
79	30.9
126	70.3
28	-0.7
187
293	William & Mary	CAA	1	0–1
0–0	80.0
316	98.2
107	.0863
293	45.8
228	39.4
7	19.9
200	19.9
116	15.2
321	38.9
281	20.8
301	70.2
318	50.0
107	35.5
6	27.3
255	31.3
117	45.8
11	34.0
186	61.7
258	-0.9
222
294	Canisius	MAAC	1	0–1
0–0	98.4
213	120.9
308	.0860
294	59.4
8	50.0
180	24.2
292	16.6
222	30.8
165	46.2
319	45.8
51	53.4
289	58.1
14	45.2
91	41.2
42	37.0
208	35.4
125	46.6
315	64.1
180	-0.9
247
295	Holy Cross	Pat	1	0–1
0–0	100.3
194	123.4
312	.0852
295	52.6
79	74.4
324	20.7
229	28.1
5	43.8
8	30.0
130	34.5
171	70.7
319	46.9
178	50.0
195	55.6
1	68.4
324	15.5
323	46.3
312	67.4
81	-0.9
257
296	Alabama A&M	SWAC	3	1–2
1–1	93.4
259	115.1
285	.0823
296	51.2
106	47.2
116	23.7
285	21.8
61	35.4
83	34.3
208	23.7
288	46.6
269	55.0
38	50.4
204	28.3
246	21.4
10	30.6
208	17.2
4	67.7
77	-1.9
313
297	Fordham	A10	2	0–2
0–2	88.1
297	108.6
245	.0821
297	42.5
282	52.0
221	16.1
84	14.6
275	24.7
265	36.6
251	14.2
320	34.4
142	47.4
174	52.2
233	18.8
315	34.4
152	25.2
283	26.2
43	67.0
94	-1.4
277
298	Central Arkansas	Slnd	2	0–2
0–2	86.9
303	107.2
231	.0818
298	39.3
301	53.5
245	16.4
92	26.4
7	31.0
160	36.9
262	32.5
195	54.0
292	43.4
253	61.7
313	20.9
306	27.5
59	34.1
143	40.0
279	69.1
45	-1.9
309
299	Wofford	SC	2	0–2
0–0	100.0
199	123.5
313	.0816
299	39.2
303	64.7
318	9.7
7	10.5
322	32.9
131	27.3
80	35.8
157	23.2
22	45.1
223	56.2
288	20.4
308	53.8
320	40.8
47	34.8
201	63.0
232	-0.9
237
300	Liberty	BSth	1	0–1
0–0	102.1
173	126.2
319	.0808
300	50.8
116	58.1
291	21.5
245	12.9
306	39.4
33	32.4
168	21.3
298	35.5
154	52.4
67	52.5
239	31.6
198	45.5
294	31.1
195	35.5
218	65.5
133	-0.9
225
Rk	Team	Conf	G	Rec	AdjOE	AdjDE	Barthag	Efg%	EfgD%	TOR	TORD	ORB	DRB	FTR	FTRD	2P%	2P%D	3P%	3P%D	3PR	3PRD	Adj T.	WAB
301	Utah	P12	3	0–3
0–2	81.7
313	101.0
145	.0806
301	44.3
259	55.3
264	24.1
290	16.4
229	17.7
314	30.5
139	37.6
129	41.3
226	45.7
209	55.3
269	27.7
252	36.8
205	33.3
153	35.6
220	62.8
235	-1.4
280
302	Tulane	CUSA	3	0–3
0–2	93.7
255	115.9
287	.0798
302	39.6
297	58.8
295	16.3
91	20.6
88	29.6
187	41.8
295	28.0
249	41.9
231	45.0
226	60.6
307	19.3
312	35.9
183	33.9
146	26.4
45	62.4
245	-2.3
319
303	South Carolina St.	MEAC	2	0–2
0–1	91.2
281	113.4
279	.0751
303	48.5
165	50.5
194	24.4
294	15.0
262	35.7
78	36.9
262	37.4
133	50.0
276	52.7
60	53.3
250	24.0
292	29.0
79	25.3
281	29.2
94	67.8
75	-1.8
300
304	Grambling St.	SWAC	2	1–1
1–1	93.7
253	117.2
296	.0714
304	46.6
208	50.4
191	15.5
64	21.5
68	22.7
285	37.2
264	31.9
204	28.2
63	48.8
135	47.5
145	27.8
250	37.8
224	31.0
201	31.6
136	63.2
225	-0.9
252
305	Eastern Kentucky	OVC	1	0–1
0–0	93.6
257	117.8
301	.0661
305	46.0
223	52.7
230	9.5
4	15.8
240	28.2
210	42.1
297	16.1
317	60.0
306	40.9
285	57.5
298	38.9
78	26.7
44	29.0
231	27.3
58	63.6
201	-0.9
242
306	James Madison	CAA	1	0–1
0–0	89.0
293	112.1
269	.0656
306	46.0
223	41.5
18	18.7
165	18.7
143	29.0
196	42.1
297	46.0
49	60.4
308	45.2
220	45.2
91	31.6
198	18.2
3	38.0
74	20.8
10	63.3
221	-0.9
240
307	Chicago St.	GWC	2	0–2
0–1	78.9
319	99.4
121	.0656
307	42.2
283	44.3
46	22.1
255	18.0
172	25.0
259	31.3
154	28.4
247	37.7
183	50.0
107	38.4
12	19.0
313	38.9
239	36.2
104	29.5
101	71.7
18	-1.9
310
308	The Citadel	SC	1	0–1
0–0	93.7
254	119.0
305	.0604
308	57.1
21	60.4
305	22.6
263	15.6
247	18.2
312	32.1
164	35.7
158	39.6
208	58.1
14	52.4
237	36.4
122	44.4
286	26.2
271	56.3
324	57.3
322	-0.9
237
309	Florida Atlantic	SB	1	0–1
0–0	87.9
298	113.7
281	.0492
309	39.8
296	43.9
41	13.1
20	11.4
314	26.3
238	35.1
231	15.3
319	77.6
323	38.1
307	40.5
26	29.4
235	42.9
274	28.8
234	14.3
2	64.3
172	-0.9
230
310	Bradley	MVC	1	0–1
0–0	79.8
317	103.8
182	.0468
310	38.0
310	49.1
156	20.2
212	14.0
288	19.4
306	18.8
8	32.0
201	27.3
55	43.3
255	50.0
195	20.0
309	30.8
108	40.0
53	23.6
24	63.7
196	-0.8
198
311	Nebraska Omaha	ind	1	0–1
0–0	89.5
290	116.9
295	.0439
311	39.5
299	60.3
304	16.0
80	17.6
192	21.1
296	25.0
47	10.5
323	5.2
1	37.5
311	59.0
302	28.0
248	42.1
267	43.9
21	32.8
163	70.5
25	-0.7
189
312	Montana St.	BSky	1	0–1
0–0	86.3
305	113.6
280	.0404
312	39.2
303	60.9
309	11.6
10	16.6
222	26.2
241	34.8
225	18.3
311	52.2
283	43.2
257	50.0
195	18.8
315	57.1
323	26.7
264	30.4
119	59.3
305	-0.8
200
313	New Hampshire	AE	1	0–1
0–0	71.0
322	95.0
67	.0339
313	32.5
322	43.1
30	13.1
20	16.4
229	25.0
259	36.8
256	22.8
291	27.6
58	28.9
324	33.3
3	26.3
268	42.1
267	33.3
153	32.8
163	61.0
275	-0.9
228
314	Pepperdine	WCC	1	0–1
0–0	86.8
304	117.5
299	.0297
314	46.1
221	64.6
317	28.5
320	14.3
285	34.3
111	19.2
10	27.5
257	45.8
262	43.3
255	59.4
304	33.3
160	50.0
311	41.2
45	33.3
171	62.8
235	-0.9
223
315	Hofstra	CAA	1	0–1
0–0	93.9
247	127.7
320	.0285
315	39.1
306	62.5
314	23.6
284	14.2
286	23.5
280	37.5
272	47.8
39	46.2
265	38.7
301	65.1
321	26.7
263	33.3
136	32.6
166	17.3
5	64.3
172	-0.6
163
316	Army	Pat	1	0–1
0–0	65.4
324	88.9
15	.0284
316	29.8
324	45.7
77	20.4
220	22.0
53	24.4
268	19.4
14	17.5
314	43.5
242	35.5
317	41.4
36	15.4
321	35.3
172	45.6
13	37.0
241	67.1
91	-0.7
165
317	Prairie View A&M	SWAC	3	1–2
1–1	86.2
306	117.4
298	.0280
317	45.1
245	55.3
264	22.1
255	25.2
12	34.9
97	33.3
188	47.5
41	44.1
246	43.2
257	53.3
250	33.3
160	41.0
259	27.9
246	24.2
27	74.1
6	-1.9
312
318	Jackson St.	SWAC	3	0–3
0–2	80.4
315	109.9
256	.0267
318	44.7
251	51.9
220	24.9
302	24.9
18	30.2
177	34.4
211	33.3
186	26.6
50	41.4
281	54.6
265	35.9
128	30.4
95	26.0
275	29.9
112	61.6
263	-2.8
323
319	Campbell	BSth	1	0–1
0–0	91.1
282	125.2
316	.0254
319	48.8
162	52.8
231	26.3
312	13.2
303	22.2
289	30.3
137	39.5
108	33.3
123	42.9
263	46.9
127	40.0
49	40.9
258	34.9
132	40.7
286	63.9
187	-0.9
249
320	Maryland Eastern Shore	MEAC	2	0–2
0–1	81.1
314	112.0
268	.0238
320	41.5
287	51.5
217	32.6
322	20.6
88	36.8
67	35.3
235	35.1
165	51.0
281	44.1
240	47.5
145	23.1
299	38.5
233	27.7
249	39.0
267	64.1
180	-1.8
303
321	UMBC	AE	1	0–1
0–0	82.9
310	115.2
286	.0224
321	38.7
308	45.9
85	14.8
50	20.2
107	35.3
85	39.5
284	21.3
298	41.0
222	40.8
286	45.8
104	23.1
299	30.8
108	34.7
137	21.3
12	66.6
108	-1.0
262
322	UC Davis	BW	3	0–3
0–2	82.0
312	116.8
294	.0167
322	41.1
291	56.1
275	27.1
314	13.8
293	25.7
247	43.9
308	19.9
305	36.4
168	43.6
248	49.2
182	24.0
292	49.0
310	33.1
155	28.3
73	65.0
146	-1.8
301
323	Nicholls St.	Slnd	3	0–3
0–2	82.1
311	125.9
318	.0073
323	36.5
314	65.3
319	24.3
293	21.5
68	28.0
217	33.3
188	36.3
149	50.6
279	42.1
277	59.4
304	19.7
310	50.9
317	44.4
17	34.4
193	68.9
48	-2.5
322
324	Longwood	ind	1	0–1
0–1	74.4
321	122.2
310	.0033
324	40.4
294	61.0
310	23.0
273	16.7
219	20.0
299	28.6
109	21.8
297	22.0
15	37.5
311	56.5
291	28.9
241	44.4
286	48.7
8	43.9
302	84.1
1	-0.8
203
