Rk	Team	Conf	G	Rec	AdjOE	AdjDE	Barthag	EFG%	EFGD%	TOR	TORD	ORB	DRB	FTR	FTRD	2P%	2P%D	3P%	3P%D	3PR	3PRD	Adj T.	WAB
1	Louisville
   4 seed, Sweet Sixteen	Amer	5	5–0
2–0	124.2
10	78.9
3	.9946
1	53.0
72	41.1
16	14.6
64	28.6
3	38.5
31	33.3
219	41.9
121	30.5
68	48.3
156	42.5
46	41.1
55	25.3
29	35.8
119	30.9
116	70.3
31	+2.3
3
2	Tennessee
   11 seed, Sweet Sixteen	SEC	5	4–1
2–0	114.7
50	78.8
2	.9867
2	50.0
128	40.5
12	16.5
121	15.6
241	33.5
104	20.6
15	36.5
203	26.7
34	55.1
36	41.1
27	26.7
281	26.0
36	33.8
154	29.4
90	59.9
309	+0.8
23
3	Florida
   1 seed, Final Four	SEC	4	4–0
1–0	112.5
84	80.3
5	.9796
3	57.3
18	42.2
21	17.7
161	22.0
37	24.4
271	23.3
39	41.9
121	42.2
189	48.5
151	45.5
97	50.0
4	21.3
10	33.3
166	24.5
27	64.9
165	+2.4
2
4	Michigan St.
   4 seed, Elite Eight	B10	5	4–1
1–1	131.6
2	94.1
43	.9794
4	57.3
18	47.9
131	19.3
221	15.8
232	39.3
26	30.2
157	33.6
235	38.8
146	53.8
49	45.9
114	43.0
36	34.4
170	32.1
191	34.6
196	63.8
202	+2.1
4
5	Butler	BE	3	2–1
2–0	107.9
129	79.5
4	.9713
5	52.5
83	39.9
11	15.0
73	20.3
67	29.7
172	23.6
42	35.4
212	21.4
15	54.1
47	46.7
131	33.3
161	17.3
2	39.1
63	32.7
156	62.4
257	-0.15
91
6	Arizona
   1 seed, Elite Eight	P12	5	3–2
1–1	112.8
80	83.6
7	.9690
6	51.7
102	42.0
19	15.5
88	19.0
111	30.9
152	27.4
96	35.2
216	39.5
154	50.8
95	36.2
7	35.6
133	40.3
265	32.2
188	23.8
21	62.0
267	+0.8
22
7	North Dakota St.
   12 seed, R32	Sum	2	2–0
0–0	123.2
12	91.6
20	.9679
7	57.4
17	44.7
48	9.9
5	17.9
145	29.6
174	30.8
173	33.3
236	32.6
87	52.7
59	49.2
193	46.4
16	23.3
15	27.5
267	31.6
129	58.6
318	+0.42
44
8	Wichita St.
   1 seed, R32	MVC	3	3–0
0–0	123.9
11	92.4
26	.9670
8	57.0
23	43.1
29	13.6
40	17.9
145	34.0
94	28.7
117	39.4
162	27.5
42	51.0
90	37.5
10	44.4
27	35.7
195	38.2
77	35.0
206	61.6
282	+0.6
34
9	Pittsburgh
   9 seed, R32	ACC	4	3–1
1–0	121.2
19	92.6
30	.9570
9	52.5
83	46.8
103	16.2
114	18.5
126	35.2
70	27.0
92	45.7
80	36.6
126	51.9
75	48.3
168	36.1
123	29.0
70	27.9
261	31.9
136	65.7
141	+1.3
9
10	Virginia
   1 seed, Sweet Sixteen	ACC	4	3–1
0–1	117.1
34	90.2
15	.9529
10	49.2
150	45.7
69	16.0
109	17.3
169	33.9
96	32.5
206	45.2
87	31.9
79	50.8
95	43.4
56	30.8
222	34.5
173	33.0
174	26.6
51	57.3
327	+1.7
6
11	Nebraska
   11 seed, R64	B10	3	2–1
2–0	120.9
20	93.6
39	.9504
11	49.7
138	46.8
103	12.6
26	18.2
136	24.0
278	33.6
224	38.8
167	38.6
144	47.0
185	47.3
151	37.5
95	30.5
96	29.1
239	34.5
194	66.4
113	+1.0
20
12	UCLA
   4 seed, Sweet Sixteen	P12	5	4–1
1–1	123.0
13	95.6
55	.9476
12	54.8
46	51.8
218	15.6
94	17.4
164	26.3
241	25.1
58	45.6
81	32.9
92	56.8
18	50.3
215	33.3
161	35.9
197	28.9
243	41.8
302	68.1
65	+1.7
5
13	San Diego St.
   4 seed, Sweet Sixteen	MWC	5	4–1
2–0	107.5
135	84.4
8	.9421
13	45.7
242	43.6
32	14.1
51	24.3
13	33.9
96	26.9
89	30.2
274	42.7
196	44.1
252	45.9
114	33.8
159	26.0
36	24.2
307	34.2
189	61.3
291	+1.2
11
14	VCU
   5 seed, R64	A10	5	4–1
2–0	107.5
137	84.8
9	.9384
14	49.0
156	44.9
51	17.8
169	23.8
18	33.3
105	26.0
71	29.5
279	30.9
72	45.7
220	43.0
50	36.4
118	32.9
132	36.3
106	29.8
96	68.3
57	+1.1
16
15	Gonzaga
   8 seed, R32	WCC	3	3–0
0–0	113.1
78	89.5
12	.9365
15	54.9
44	44.6
44	18.7
200	19.7
80	23.5
283	31.5
189	62.2
7	39.8
161	56.2
23	44.4
81	34.2
150	30.0
83	26.6
287	24.1
22	67.1
88	+1.1
15
16	Baylor
   6 seed, Sweet Sixteen	B12	5	4–1
1–0	131.3
3	103.9
150	.9365
16	54.1
56	50.2
180	15.5
88	14.8
266	38.5
31	38.5
295	47.0
66	28.2
48	50.8
95	45.7
102	40.4
63	39.2
248	33.2
171	33.9
185	61.6
282	+1.6
7
17	Creighton
   3 seed, R32	BE	4	3–1
1–0	133.3
1	105.6
182	.9357
17	66.6
1	47.8
126	15.5
88	11.0
324	27.7
209	32.4
201	31.7
258	33.6
101	66.7
2	50.3
215	44.3
28	28.4
62	48.0
5	32.3
149	61.9
270	+0.45
43
18	New Mexico
   7 seed, R64	MWC	5	4–1
1–1	113.5
71	90.1
14	.9347
18	53.1
71	42.8
25	20.8
266	15.6
241	33.1
112	28.0
107	52.7
32	33.9
103	57.9
11	43.6
62	30.1
235	27.5
54	38.0
80	36.0
224	66.8
100	+1.2
12
19	Oklahoma St.
   9 seed, R64	B12	3	1–2
0–1	116.1
39	92.3
24	.9334
19	49.4
145	49.7
168	11.6
11	19.4
92	18.9
315	30.7
170	50.9
44	43.5
205	45.2
229	52.4
243	37.3
102	28.3
61	39.2
62	27.1
59	65.4
152	-0.17
94
20	American
   15 seed, R64	Pat	3	3–0
0–0	97.5
241	78.0
1	.9285
20	54.5
50	39.3
7	22.0
285	20.3
67	18.1
318	24.5
48	40.7
142	20.0
6	52.3
64	44.0
70	40.0
65	20.0
6	28.5
249	33.3
173	58.7
317	+0.7
30
21	Iowa St.
   3 seed, Sweet Sixteen	B12	4	4–0
1–0	125.1
7	100.2
101	.9277
21	57.1
20	52.1
227	15.7
97	15.3
253	27.8
205	22.4
33	40.0
152	41.0
176	52.4
61	49.7
204	44.7
26	38.0
235	31.7
199	33.8
184	71.4
22	+2.4
1
22	Alabama	SEC	2	1–1
1–0	117.6
33	94.6
50	.9245
22	51.5
107	51.0
196	16.6
124	20.6
62	33.8
99	26.9
89	51.5
38	33.3
95	53.0
55	40.0
18	32.4
186	42.6
286	35.9
116	46.1
325	58.6
318	-0.18
96
23	Syracuse
   3 seed, R32	ACC	2	1–1
1–0	116.0
40	93.9
41	.9192
23	44.8
264	46.5
90	15.4
85	16.2
215	43.8
7	25.4
60	38.3
177	41.0
176	45.8
217	45.8
107	28.1
270	32.1
118	27.8
262	28.0
70	61.3
291	+0.13
69
24	Milwaukee
   15 seed, R64	Horz	3	3–0
0–0	117.8
31	95.8
58	.9151
24	46.7
214	47.3
112	16.4
119	19.4
92	35.5
65	16.9
7	40.8
141	39.7
158	41.8
291	49.5
198	37.3
102	28.6
63	34.9
133	33.6
181	63.2
228	+0.9
21
25	N.C. State
   12 seed, R64	ACC	5	4–1
1–0	122.1
16	99.9
96	.9091
25	52.7
80	47.9
131	13.1
33	16.4
207	35.4
67	36.9
276	36.7
198	40.5
171	54.5
42	51.1
227	31.3
214	26.7
42	24.2
307	29.0
85	63.1
235	+1.0
17
Rk	Team	Conf	G	Rec	AdjOE	AdjDE	Barthag	Efg%	EfgD%	TOR	TORD	ORB	DRB	FTR	FTRD	2P%	2P%D	3P%	3P%D	3PR	3PRD	Adj T.	WAB
26	Villanova
   2 seed, R32	BE	3	2–1
2–0	112.0
87	91.8
21	.9074
26	51.3
112	50.3
183	15.0
73	19.5
89	27.5
215	20.2
13	50.6
46	34.8
112	50.0
112	49.0
186	35.7
129	35.1
181	35.0
132	36.8
239	67.6
76	+0.31
55
27	Santa Clara	WCC	2	1–1
0–0	127.0
6	104.6
163	.9027
27	54.8
46	50.0
173	13.3
37	19.6
86	34.4
83	32.1
198	32.5
246	62.8
318	52.1
71	58.5
305	39.5
67	20.7
9	37.7
83	30.9
116	63.4
218	-0.13
87
28	Dayton
   11 seed, Elite Eight	A10	4	3–1
2–0	116.3
38	96.2
64	.8991
28	55.8
32	47.8
126	16.2
114	16.2
215	24.8
264	23.3
39	40.6
145	44.2
212	52.6
60	46.1
117	41.4
51	33.3
137	33.8
154	44.7
319	64.7
171	+0.6
36
29	Wisconsin
   2 seed, Final Four	B10	4	2–2
1–1	124.5
9	103.0
142	.8982
29	54.2
51	51.6
214	11.9
14	12.7
310	26.5
239	25.0
54	48.8
52	38.1
139	49.6
126	48.2
165	41.3
53	40.7
270	37.6
85	26.5
50	64.9
165	+0.15
67
30	Kentucky
   8 seed, Finals	SEC	4	2–2
0–1	118.3
28	98.1
83	.8957
30	50.2
127	53.6
257	17.3
150	16.2
215	31.9
134	22.0
25	52.9
28	50.8
273	45.5
225	49.6
199	42.6
42	40.9
271	26.0
291	33.5
178	66.3
115	+0.6
40
31	Maryland	ACC	2	1–1
1–0	115.8
41	96.1
62	.8955
31	50.0
128	47.7
124	18.0
178	20.3
67	25.4
254	35.2
250	52.5
33	44.0
210	50.8
95	48.7
177	32.5
185	30.3
90	40.4
51	30.3
107	65.3
155	+0.16
66
32	Illinois	B10	4	3–1
1–0	113.6
69	94.4
47	.8939
32	51.7
102	49.8
170	18.5
192	16.4
207	31.9
134	26.0
71	30.0
275	26.7
34	48.9
140	46.5
126	38.2
89	35.9
197	33.5
162	44.7
319	58.8
315	+1.0
19
33	Kansas
   2 seed, R32	B12	4	2–2
1–1	120.3
22	100.0
97	.8939
33	52.8
77	51.3
207	16.8
132	14.7
267	33.1
112	28.4
112	50.7
45	45.9
234	55.6
30	46.6
130	31.6
205	41.4
279	33.2
171	30.3
107	68.0
66	+0.14
68
34	North Carolina Central
   14 seed, R64	MEAC	4	4–0
1–0	117.0
35	97.5
72	.8909
34	56.9
24	42.4
24	15.1
80	22.3
28	37.0
49	30.5
167	60.5
10	42.6
193	51.5
81	36.0
6	45.9
19	37.7
230	31.3
210	31.0
120	62.8
246	+0.40
49
35	Duke
   3 seed, R64	ACC	5	3–2
1–1	131.2
4	109.6
239	.8884
35	50.9
118	54.3
265	15.0
73	15.6
241	44.0
6	36.6
269	35.2
216	49.8
266	50.8
95	56.4
287	34.0
153	32.3
121	32.8
177	25.7
39	62.7
250	+0.6
33
36	Louisiana Tech	CUSA	5	4–1
1–0	115.6
43	97.0
70	.8824
36	52.3
86	51.8
218	15.6
94	20.8
60	35.2
70	25.9
69	40.6
145	32.1
84	48.9
140	48.7
177	38.2
89	39.5
253	40.6
47	29.6
93	68.2
61	+0.04
74
37	Oklahoma
   5 seed, R64	B12	3	2–1
2–0	119.4
25	100.4
110	.8798
37	55.0
43	47.4
116	15.9
102	17.8
147	37.6
39	33.3
219	22.1
316	33.0
93	51.6
78	46.2
118	38.9
76	34.1
164	50.0
4	25.0
29	68.3
57	+0.16
65
38	Providence
   11 seed, R64	BE	4	3–1
0–1	119.8
24	101.1
116	.8762
38	48.6
167	54.0
261	14.2
53	12.7
310	32.4
123	26.3
78	51.1
42	33.5
98	46.3
204	57.7
296	35.7
129	32.2
120	32.0
192	39.6
282	65.5
147	+1.3
8
39	Albany
   16 seed, R64	AE	4	4–0
0–0	113.7
65	96.0
61	.8745
39	55.4
39	44.9
51	18.1
182	14.6
270	31.0
148	23.2
37	41.5
127	24.4
21	53.0
55	40.8
25	41.1
55	33.7
155	27.3
273	42.2
308	63.0
239	+0.6
32
40	Texas
   7 seed, R32	B12	4	2–2
1–1	107.4
139	91.2
17	.8677
40	44.0
278	40.5
12	17.2
144	16.0
224	42.7
11	36.3
265	27.4
293	38.9
148	45.1
231	35.6
5	27.3
277	34.8
177	27.4
271	29.2
88	64.1
191	-0.34
110
41	Tulsa
   13 seed, R64	CUSA	4	4–0
1–0	110.7
95	94.1
44	.8665
41	49.0
156	43.9
35	13.0
31	21.9
40	27.3
220	27.7
101	64.9
5	41.5
181	49.4
129	33.6
1	32.0
198	39.1
245	24.0
309	41.0
297	67.1
88	+1.2
13
42	Harvard
   12 seed, R32	Ivy	2	2–0
2–0	122.8
14	104.8
169	.8611
42	55.6
34	45.2
62	12.5
25	13.9
289	26.0
246	25.0
54	52.1
34	48.7
256	56.6
20	43.6
62	35.3
137	32.4
122	29.1
239	32.2
145	66.6
105	+0.6
37
43	Cincinnati
   5 seed, R64	Amer	4	3–1
2–0	114.2
59	97.5
75	.8603
43	50.9
118	48.4
141	14.3
57	19.7
80	33.3
105	32.8
212	40.3
148	35.6
119	48.4
155	46.7
131	38.3
88	34.2
165	27.1
278	36.6
233	63.7
207	+0.5
41
44	Eastern Kentucky
   15 seed, R64	OVC	3	3–0
0–0	122.8
15	105.0
174	.8580
44	63.8
3	55.3
281	17.7
161	21.2
54	20.5
307	37.0
278	57.9
17	55.6
301	62.7
4	55.8
282	43.5
34	36.5
212	42.8
27	49.0
331	65.2
159	+0.7
29
45	Michigan
   2 seed, Elite Eight	B10	4	3–1
1–0	127.3
5	109.0
232	.8560
45	52.0
94	55.4
283	14.4
59	18.5
126	28.2
201	35.8
257	38.7
169	26.9
37	51.3
83	61.0
318	35.2
139	29.6
76	44.6
14	33.5
178	61.3
291	+1.2
10
46	Clemson	ACC	4	2–2
0–1	116.5
37	99.8
92	.8555
46	51.7
102	44.7
48	16.0
109	12.9
306	30.9
152	36.9
276	43.1
110	31.7
78	54.0
48	42.3
44	31.4
210	33.8
158	33.5
162	28.0
70	61.2
295	-0.31
107
47	Oregon
   7 seed, R32	P12	3	2–1
1–0	116.9
36	100.4
111	.8520
47	56.3
28	57.0
298	18.9
203	22.0
37	29.6
174	28.9
123	36.1
207	53.1
288	48.5
151	56.4
287	45.9
19	39.4
250	38.6
68	23.1
15	64.6
173	+0.8
25
48	Georgia St.	SB	4	2–2
1–0	114.3
56	98.6
85	.8456
48	48.0
176	45.8
70	8.4
1	14.6
270	22.6
288	33.1
218	38.3
177	27.1
39	49.7
123	47.3
151	30.1
235	28.9
66	36.1
112	37.5
246	64.0
192	-0.40
118
49	Belmont	OVC	3	2–1
0–0	117.7
32	101.5
125	.8452
49	57.8
14	52.8
241	18.2
187	22.2
31	30.0
169	25.3
59	41.9
121	56.6
303	57.6
14	54.9
275	38.7
84	32.7
127	46.9
10	36.4
229	66.7
102	-0.6
148
50	Princeton	Ivy	4	4–0
3–0	108.7
117	93.9
40	.8438
50	57.6
15	45.2
62	16.0
109	18.3
133	21.6
299	24.5
48	38.5
173	24.2
19	54.9
38	46.8
136	41.0
59	28.2
58	40.5
49	35.6
220	65.5
147	+0.49
42
Rk	Team	Conf	G	Rec	AdjOE	AdjDE	Barthag	Efg%	EfgD%	TOR	TORD	ORB	DRB	FTR	FTRD	2P%	2P%D	3P%	3P%D	3PR	3PRD	Adj T.	WAB
51	Kansas St.
   9 seed, R64	B12	2	0–2
0–1	121.4
18	104.9
173	.8430
51	55.4
39	55.7
284	17.3
150	15.8
232	32.8
116	35.4
254	45.0
89	48.2
253	51.3
83	54.3
267	42.9
38	39.4
250	31.5
203	28.9
83	68.8
50	-0.9
232
52	Connecticut
   7 seed, CHAMPS	Amer	5	3–2
1–1	107.7
133	93.2
33	.8411
52	50.8
123	44.9
51	23.7
310	17.8
147	30.5
159	37.8
287	32.0
256	40.0
162	47.4
180	39.5
17	37.5
95	37.8
233	38.4
71	31.6
129	62.9
244	+1.0
18
53	Minnesota	B10	4	3–1
1–0	115.8
42	100.2
102	.8408
53	51.5
107	50.2
180	13.9
47	17.4
164	24.0
278	30.8
173	52.0
36	37.7
136	50.0
112	45.8
107	35.9
126	38.1
236	38.2
77	39.1
271	66.0
128	+0.40
47
54	Ohio St.
   6 seed, R64	B10	4	3–1
1–0	107.5
138	93.3
34	.8361
54	47.3
189	50.0
173	18.1
182	21.1
55	36.9
50	30.1
155	42.9
113	29.5
58	50.3
109	44.2
73	26.2
285	41.1
274	27.2
277	33.2
169	67.0
91	+1.2
14
55	Saint Joseph's
   10 seed, R64	A10	5	3–2
0–2	109.8
102	95.4
54	.8342
55	50.8
123	43.6
32	16.2
114	11.3
322	25.4
254	25.5
64	44.7
94	38.2
140	50.6
103	41.9
38	34.0
153	31.8
113	40.5
49	29.5
91	64.9
165	+0.35
53
56	South Carolina	SEC	4	3–1
1–0	107.6
134	93.5
38	.8335
56	44.3
272	46.5
90	22.1
287	20.1
71	46.3
2	26.4
82	44.3
99	53.2
289	33.3
329	48.9
183	47.6
13	26.5
40	28.8
246	26.1
46	62.0
267	+0.8
24
57	Georgia	SEC	5	4–1
2–0	108.5
121	94.4
48	.8320
57	49.8
135	46.2
78	20.7
261	17.5
161	31.8
137	29.8
145	57.5
19	38.5
143	47.7
177	52.1
240	35.9
126	23.7
17	33.5
162	35.5
217	61.7
278	+0.7
26
58	UCF	Amer	3	2–1
1–0	114.0
63	99.5
90	.8278
58	52.3
86	50.0
173	17.4
154	15.2
257	40.2
22	33.3
219	42.5
116	37.5
135	54.6
41	47.5
155	32.4
186	37.7
230	38.3
74	27.6
62	69.4
39	-0.07
81
59	Manhattan
   13 seed, R64	MAAC	3	3–0
0–0	108.1
125	94.3
46	.8271
59	53.4
67	48.6
145	19.2
214	21.1
55	34.7
78	24.0
46	49.1
49	49.7
262	50.9
93	50.5
222	39.2
74	28.9
66	31.3
210	25.9
44	67.0
91	+0.7
31
60	UC Irvine	BW	5	3–2
2–0	103.6
189	90.5
16	.8251
60	50.0
128	36.9
2	20.6
256	15.2
257	38.2
35	30.6
168	25.6
305	37.1
133	51.0
90	33.8
2	31.4
210	30.4
92	26.7
283	26.1
46	60.2
306	-0.6
149
61	Colorado
   8 seed, R64	P12	5	3–2
1–1	101.6
204	89.3
11	.8158
61	43.9
280	44.4
41	19.8
233	15.6
241	34.1
91	29.3
135	31.4
261	26.5
31	43.2
269	47.2
148	30.6
223	26.3
39	27.3
273	35.5
217	59.9
309	+0.7
28
62	Iona	MAAC	4	2–2
0–0	124.7
8	109.6
241	.8152
62	59.2
12	50.4
184	13.9
47	15.4
251	26.7
234	39.7
306	34.8
220	25.3
24	61.5
5	51.9
239	37.2
105	32.0
117	42.0
36	37.7
252	64.4
178	-0.27
103
63	Georgia Tech	ACC	3	2–1
1–0	109.4
108	96.5
65	.8093
63	46.5
223	43.7
34	15.7
97	15.7
236	35.6
64	30.9
176	35.1
219	42.4
192	46.2
209	44.1
71	31.5
208	28.6
63	31.6
200	35.4
216	62.7
250	-0.16
92
64	Texas A&M	SEC	4	1–3
0–2	105.4
169	93.1
31	.8076
64	48.9
159	43.1
29	19.0
212	22.9
24	28.3
198	37.9
290	29.8
276	58.4
308	48.1
160	45.1
90	33.3
161	26.7
42	39.9
58	38.1
262	61.7
278	-1.8
316
65	Southern Miss	CUSA	4	3–1
1–0	108.0
128	95.8
60	.7974
65	53.0
72	48.3
139	22.4
293	18.0
142	38.5
31	26.9
89	26.4
302	42.6
193	52.3
64	53.8
260	36.2
121	27.1
48	31.4
207	41.7
301	63.3
225	-0.03
78
66	George Washington
   9 seed, R64	A10	4	3–1
2–0	114.3
57	101.5
123	.7962
66	53.6
63	48.5
143	18.6
198	16.0
224	27.7
209	34.2
237	46.7
69	30.7
70	47.9
168	52.1
240	43.9
30	28.9
66	31.4
207	40.2
292	64.3
183	+0.7
27
67	Purdue Fort Wayne	Sum	4	3–1
0–0	113.6
67	101.1
117	.7927
67	57.1
20	52.1
227	15.5
88	18.6
122	30.3
162	18.4
9	30.8
268	25.7
27	53.3
52	56.8
290	43.2
35	27.4
52	33.0
174	29.5
91	65.4
152	-0.35
111
68	LSU	SEC	5	3–2
1–1	107.0
148	95.4
53	.7907
68	47.3
189	46.2
78	16.5
121	16.5
204	27.5
215	33.9
231	35.9
208	39.4
152	46.3
204	46.5
126	32.7
179	30.5
96	36.6
103	37.9
256	66.3
115	-0.27
102
69	Middle Tennessee	CUSA	3	2–1
1–0	104.6
176	93.3
37	.7879
69	51.7
102	44.0
37	26.5
324	17.5
161	35.2
70	27.6
98	40.3
148	43.7
207	48.5
151	44.6
85	39.5
67	28.2
58	29.9
232	25.8
41	62.4
257	-0.12
86
70	Stephen F. Austin
   12 seed, R32	Slnd	4	4–0
2–0	119.0
27	106.2
191	.7873
70	54.9
44	50.5
185	15.0
73	18.5
126	41.1
18	28.5
114	45.5
82	44.9
221	54.5
42	49.6
199	37.0
109	35.1
181	41.1
40	29.1
87	60.4
305	+0.40
48
71	Saint Louis
   5 seed, R32	A10	3	1–2
1–1	105.0
174	94.0
42	.7822
71	49.7
138	51.8
218	20.7
261	19.7
80	26.7
234	24.5
48	39.9
154	30.7
70	54.9
38	49.6
199	26.8
280	38.6
242	35.4
124	27.0
57	66.2
122	-0.7
157
72	SMU	Amer	4	1–3
0–2	103.9
184	93.2
32	.7782
72	45.4
250	51.1
201	21.2
275	24.1
15	30.9
152	35.7
255	41.2
133	34.4
109	40.7
299	44.3
77	40.8
60	42.0
284	22.7
313	36.7
235	67.4
78	-1.3
270
73	Stanford
   10 seed, Sweet Sixteen	P12	5	3–2
1–1	113.2
76	102.2
133	.7642
73	52.2
89	52.5
236	19.5
227	19.9
73	31.5
139	30.4
164	38.8
167	38.4
142	54.2
46	56.4
287	32.1
194	30.2
88	33.6
158	35.5
217	61.2
295	-0.03
79
74	Penn St.	B10	4	2–2
1–1	105.8
162	95.7
56	.7608
74	45.7
242	47.5
117	20.7
261	16.2
215	33.8
99	16.5
6	45.9
74	56.0
302	44.6
242	47.7
156	31.8
203	31.5
108	33.7
157	40.1
290	62.4
257	-0.37
114
75	Dartmouth	Ivy	2	2–0
2–0	110.8
94	100.4
108	.7576
75	49.1
152	44.9
51	11.9
14	19.4
92	19.2
314	32.4
201	51.4
40	45.8
232	43.5
266	42.9
48	39.5
67	32.4
122	35.5
122	34.6
196	65.9
132	+0.6
37
Rk	Team	Conf	G	Rec	AdjOE	AdjDE	Barthag	Efg%	EfgD%	TOR	TORD	ORB	DRB	FTR	FTRD	2P%	2P%D	3P%	3P%D	3PR	3PRD	Adj T.	WAB
76	Boise St.	MWC	5	2–3
0–2	107.2
145	97.2
71	.7561
76	48.4
169	43.0
28	14.9
70	17.6
158	30.3
162	31.1
182	45.4
83	45.3
225	49.1
135	44.9
88	31.7
204	26.5
40	43.3
20	36.7
235	64.5
175	-1.9
319
77	Southern Illinois	MVC	2	1–1
0–0	98.7
231	89.8
13	.7476
77	43.3
286	42.9
26	14.0
49	18.7
120	25.7
250	28.8
119	46.7
69	42.9
199	42.1
288	48.5
171	31.0
219	21.6
11	27.6
263	35.2
211	64.5
175	-0.38
115
78	Arkansas	SEC	4	2–2
1–1	112.2
86	102.5
136	.7393
78	51.4
110	45.9
72	14.6
64	19.7
80	27.7
209	39.2
303	39.8
156	47.3
248	44.3
248	44.3
77	43.0
36	32.9
132	35.2
130	31.3
124	73.3
11	-0.9
240
79	Iowa
   11 seed, R68	B10	4	0–4
0–2	120.1
23	109.7
243	.7392
79	45.9
237	58.3
306	14.3
57	19.9
73	34.7
78	32.4
201	26.5
299	40.5
171	46.5
198	55.8
282	29.9
242	41.3
277	32.9
176	40.0
285	64.0
192	-1.6
290
80	VMI	BSth	3	2–1
0–0	114.5
52	104.7
165	.7376
80	49.7
138	46.3
82	13.1
33	17.0
183	29.0
184	32.6
208	44.7
94	39.5
154	53.4
51	46.5
126	29.6
245	30.4
92	41.1
40	28.0
70	75.8
5	-0.8
175
81	North Carolina
   6 seed, R32	ACC	2	0–2
0–1	115.3
44	105.5
180	.7361
81	53.5
64	57.3
299	17.3
150	19.4
92	25.8
247	42.4
320	45.1
88	66.1
322	55.3
33	58.9
310	32.1
194	36.1
202	24.8
302	33.0
162	73.8
7	-0.41
119
82	Marquette	BE	2	0–2
0–1	113.5
70	103.9
148	.7357
82	55.3
41	54.3
265	19.8
233	16.4
207	26.7
234	28.2
108	40.7
142	45.7
230	52.4
61	51.1
227	41.9
47	42.9
288	27.4
271	24.1
22	64.2
184	-1.2
262
83	BYU
   10 seed, R64	WCC	3	2–1
0–0	109.5
107	100.3
105	.7327
83	43.0
290	48.6
145	16.8
132	16.8
190	40.7
20	30.7
170	48.4
54	44.9
221	47.0
185	46.7
131	17.1
326	35.2
184	18.8
327	30.7
113	67.9
69	+0.17
62
84	Wright St.	Horz	4	3–1
0–0	109.4
109	100.2
103	.7322
84	62.6
5	46.7
100	20.4
251	19.5
89	17.5
321	29.1
129	46.0
73	44.4
216	58.7
7	45.1
90	46.2
18	32.5
125	37.4
89	42.3
309	61.4
288	-0.43
123
85	Western Michigan
   14 seed, R64	MAC	3	3–0
1–0	114.0
62	104.7
166	.7273
85	61.6
6	46.4
87	17.6
160	13.5
299	37.7
38	33.6
224	36.3
205	27.9
45	58.7
7	43.8
67	45.1
23	33.8
158	31.9
193	38.8
266	61.8
274	+0.6
35
86	Mercer
   14 seed, R32	ASun	2	2–0
0–0	114.1
60	104.8
170	.7265
86	46.3
226	46.0
74	12.2
22	16.0
224	37.2
46	34.7
245	34.7
222	25.8
28	41.4
293	50.0
205	35.3
137	25.0
22	42.1
34	32.3
149	58.4
321	+0.36
52
87	Miami FL	ACC	3	2–1
1–0	114.8
49	105.5
181	.7251
87	52.2
89	50.7
188	21.3
278	9.7
330	40.7
20	21.7
21	38.7
169	31.3
74	58.3
9	43.0
50	28.3
264	44.7
304	38.7
65	32.0
138	55.0
331	-0.17
93
88	Saint Mary's	WCC	3	2–1
0–0	106.0
160	97.5
74	.7237
88	49.4
145	51.0
196	19.7
231	21.3
53	32.7
118	25.6
65	45.3
86	44.2
212	46.9
188	44.1
71	37.0
109	44.4
303	28.9
243	30.6
112	66.2
122	-0.15
90
89	La Salle	A10	3	1–2
1–1	111.4
92	102.5
135	.7223
89	47.1
199	46.5
90	13.7
43	16.4
207	25.8
247	38.9
301	42.0
120	34.3
106	46.7
192	47.0
143	32.0
198	30.0
83	31.8
196	23.3
18	63.0
239	-0.8
176
90	Rhode Island	A10	2	1–1
1–0	95.3
267	87.8
10	.7204
90	53.5
64	37.1
3	23.6
307	14.6
270	24.6
267	29.8
145	59.0
15	36.7
127	52.1
71	36.9
8	37.9
91	25.0
22	29.0
241	34.4
193	68.0
66	-0.47
127
91	Cal Poly
   16 seed, R64	BW	5	4–1
0–1	110.6
98	101.9
130	.7186
91	49.8
135	47.6
119	12.1
19	19.1
107	32.5
121	34.2
237	34.1
230	30.4
66	45.6
222	45.1
90	39.5
67	36.2
206	31.0
216	27.3
60	58.4
321	-0.09
83
92	Wake Forest	ACC	4	2–2
1–1	113.4
72	104.7
164	.7157
92	51.8
97	51.1
201	18.5
192	16.2
215	33.3
105	42.1
318	48.2
57	31.5
75	46.5
198	53.8
260	43.6
32	30.4
92	27.6
263	33.6
181	66.5
109	+0.30
56
93	Old Dominion	CUSA	4	3–1
1–0	107.4
140	99.2
87	.7141
93	52.2
89	47.3
112	17.9
172	21.7
46	29.3
182	32.4
201	30.4
272	36.1
121	50.0
112	46.2
118	37.3
102	32.9
132	36.2
109	34.7
201	59.9
309	-0.44
124
94	St. Bonaventure	A10	4	2–2
0–1	115.3
45	106.7
200	.7077
94	47.1
199	56.1
292	18.9
203	20.4
63	34.0
94	31.4
188	33.2
240	42.7
196	45.5
225	60.0
312	35.4
136	33.3
137	21.2
320	39.3
273	65.3
155	+0.18
61
95	Buffalo	MAC	2	1–1
1–0	121.9
17	112.9
271	.7068
95	51.3
112	47.8
126	12.0
17	16.5
204	30.7
158	26.8
88	34.2
229	29.6
60	42.3
283	46.8
136	42.9
38	33.3
137	40.8
43	31.3
124	67.5
77	-0.7
160
96	Washington	P12	3	1–2
1–1	114.5
53	106.1
189	.7064
96	48.9
159	50.9
192	15.9
102	16.9
188	30.1
166	34.7
245	39.7
158	45.3
225	49.2
133	49.2
193	32.1
194	37.5
224	32.2
188	23.5
19	67.1
88	-0.8
206
97	Washington St.	P12	3	1–2
1–1	109.8
103	101.9
129	.7025
97	44.8
264	52.0
224	12.7
27	16.8
190	27.7
209	21.1
17	39.9
154	44.7
220	44.0
255	58.1
300	30.5
224	28.1
57	47.4
8	38.0
259	62.9
244	-0.8
197
98	San Francisco	WCC	3	1–2
0–0	109.2
111	101.4
120	.7013
98	47.5
185	48.2
137	13.6
40	16.7
195	33.0
115	29.9
148	33.1
242	40.1
164	48.7
146	47.1
145	30.2
231	33.3
137	35.4
124	37.7
252	61.4
288	-0.28
104
99	Nebraska Omaha	Sum	1	1–0
0–0	107.8
131	100.2
104	.6995
99	57.5
16	45.8
70	20.8
266	14.3
281	26.8
230	21.8
23	45.0
89	18.3
5	68.2
1	41.5
32	18.8
320	38.9
243	26.7
283	25.4
34	73.5
9	+0.00
77
100	Indiana	B10	3	0–3
0–2	111.9
88	104.1
154	.6959
100	48.8
164	49.7
168	21.5
279	13.1
303	33.7
101	31.3
185	30.6
270	43.5
205	50.5
104	49.1
188	30.5
224	34.0
162	36.9
101	29.2
88	66.3
115	-1.4
276
Rk	Team	Conf	G	Rec	AdjOE	AdjDE	Barthag	Efg%	EfgD%	TOR	TORD	ORB	DRB	FTR	FTRD	2P%	2P%D	3P%	3P%D	3PR	3PRD	Adj T.	WAB
101	UNLV	MWC	4	1–3
0–2	108.2
122	100.8
113	.6933
101	46.6
216	48.9
153	18.5
192	13.9
289	31.0
148	30.3
162	33.2
240	25.8
28	42.2
285	45.7
102	36.8
112	37.5
224	34.1
145	30.5
111	68.0
66	-1.3
264
102	New Mexico St.
   13 seed, R64	WAC	4	4–0
1–0	112.7
81	105.0
175	.6927
102	54.7
48	42.1
20	17.0
137	12.2
317	38.8
30	28.9
123	48.0
60	26.4
30	52.2
68	43.6
62	42.2
44	25.7
32	22.3
316	29.8
96	61.5
285	+0.34
54
103	West Virginia	B12	4	1–3
1–1	108.8
115	101.4
121	.6911
103	47.2
196	52.6
238	18.5
192	17.0
183	35.1
73	34.1
236	34.3
226	49.1
259	44.4
246	50.4
219	35.7
129	37.1
221	30.4
228	41.6
299	64.4
178	-0.13
88
104	Davidson	SC	3	1–2
0–0	118.0
30	110.0
250	.6910
104	52.8
77	54.5
270	13.0
31	16.9
188	32.4
123	35.2
250	47.2
64	49.7
262	56.4
21	56.8
290	32.0
198	30.3
90	42.6
28	20.0
3	65.9
132	-0.9
219
105	Wofford
   15 seed, R64	SC	3	3–0
0–0	107.0
147	99.9
94	.6898
105	54.2
51	40.5
12	9.4
3	15.3
253	30.2
165	31.0
179	32.1
255	26.6
33	50.0
112	41.4
31	41.1
55	25.5
31	35.9
116	29.7
95	56.6
328	+0.17
63
106	UTEP	CUSA	4	2–2
1–0	101.4
206	94.7
51	.6870
106	46.9
208	45.0
56	17.9
172	19.1
107	34.3
84	37.3
282	42.3
117	20.1
8	50.0
112	41.8
36	26.6
283	33.7
155	30.8
222	36.0
224	61.7
278	-0.42
120
107	Boston University	Pat	4	2–2
0–0	107.4
141	100.3
107	.6860
107	56.7
26	51.0
196	15.2
81	25.2
10	25.2
258	31.9
196	16.9
326	29.7
61	58.3
9	50.8
225	35.8
128	34.2
165	36.0
115	37.4
243	64.0
192	-0.7
166
108	California	P12	4	2–2
1–1	104.6
177	97.8
80	.6852
108	47.3
189	45.0
56	13.3
37	14.4
279	22.5
290	29.9
148	28.9
285	29.1
57	48.3
156	44.2
73	30.3
228	31.1
103	33.8
154	32.2
145	63.5
213	-1.0
246
109	Coastal Carolina
   16 seed, R64	BSth	3	3–0
0–0	97.3
248	91.4
18	.6746
109	45.6
248	37.9
5	18.1
182	12.8
307	37.1
48	25.4
60	41.7
124	35.5
118	47.9
168	38.5
13	27.1
279	24.7
21	32.8
177	41.4
298	62.1
264	+0.37
51
110	Florida St.	ACC	4	2–2
0–1	104.0
183	97.7
76	.6730
110	46.6
216	49.8
170	24.3
313	21.5
51	31.7
138	36.2
262	41.2
133	28.8
53	45.6
222	50.4
219	33.3
161	32.5
125	23.2
311	36.3
227	64.4
178	-0.18
95
111	Nevada	MWC	3	2–1
2–0	107.5
136	101.0
115	.6723
111	47.2
196	47.6
119	12.8
29	17.5
161	22.3
292	36.7
271	32.8
244	39.1
151	45.1
231	41.5
32	34.5
147	37.2
223	32.2
188	42.4
313	65.8
135	+0.20
58
112	Sam Houston St.	Slnd	6	5–1
2–0	106.5
156	100.1
100	.6694
112	52.3
86	44.1
38	18.5
192	17.7
151	33.3
105	26.7
85	42.6
115	42.8
198	49.7
123	45.7
102	37.7
94	27.0
47	37.6
85	29.8
96	61.9
270	-0.30
106
113	Holy Cross	Pat	3	2–1
0–0	97.1
252	91.4
19	.6683
113	46.7
214	42.2
21	18.6
198	16.5
204	20.7
306	27.0
92	13.9
328	12.8
1	41.1
297	41.3
29	38.9
76	29.6
76	32.5
182	30.0
102	63.0
239	-0.6
140
114	Memphis
   8 seed, R32	Amer	3	1–2
1–1	109.0
112	102.6
140	.6675
114	46.2
232	54.1
262	21.0
273	16.7
195	33.9
96	30.4
164	45.0
89	34.5
110	45.8
217	51.2
230	31.3
214	41.3
277	37.4
89	26.9
56	72.0
17	-0.14
89
115	Seton Hall	BE	4	2–2
0–1	103.8
186	97.7
77	.6658
115	47.1
199	50.7
188	17.4
154	15.4
251	24.1
277	26.7
85	21.7
319	46.8
245	49.0
138	49.6
199	28.9
255	35.1
181	34.4
140	36.5
230	64.8
170	+0.04
73
116	Xavier
   12 seed, R68	BE	4	1–3
0–1	113.6
68	107.3
212	.6589
116	48.3
170	61.0
313	14.5
60	18.8
116	31.2
145	29.3
135	32.3
250	41.8
185	53.1
54	61.3
320	24.6
297	40.3
265	30.1
231	36.7
235	63.9
199	-0.29
105
117	USC	P12	3	1–2
1–1	104.6
178	98.8
86	.6576
117	48.3
170	45.0
56	16.4
119	14.5
275	25.2
258	29.5
140	34.3
226	36.3
122	49.6
126	49.1
188	30.2
231	25.4
30	30.8
222	37.4
243	69.8
33	-0.9
214
118	Charlotte	CUSA	3	2–1
1–0	107.0
146	101.5
124	.6484
118	51.8
97	50.0
173	20.7
261	15.6
241	30.1
166	31.0
179	45.0
89	34.9
114	50.5
104	50.0
205	36.2
121	33.3
137	34.3
142	37.5
246	69.3
42	-0.08
82
119	Ohio	MAC	5	4–1
1–0	108.6
118	103.1
143	.6472
119	54.2
51	48.9
153	20.9
270	17.4
164	26.3
241	25.4
60	33.9
231	33.7
102	51.6
78	53.2
253	38.6
86	26.9
45	42.1
34	33.3
173	66.5
109	-0.39
117
120	Hartford	AE	2	1–1
0–0	105.4
170	100.0
99	.6469
120	54.2
51	49.0
156	14.9
70	24.1
15	26.2
245	31.7
193	27.4
293	26.8
36	50.9
93	43.1
53	38.8
80	40.6
269	46.2
12	33.0
162	60.7
297	-0.8
192
121	Indiana St.	MVC	4	2–2
0–0	109.8
101	104.3
159	.6451
121	47.8
180	48.7
151	14.6
64	14.2
283	26.8
230	32.6
208	41.3
132	46.9
246	46.8
190	43.5
57	33.3
161	40.0
260	30.9
218	31.3
124	66.9
96	+0.05
72
122	Massachusetts
   6 seed, R64	A10	4	2–2
1–1	101.7
203	96.6
66	.6430
122	45.8
240	51.8
218	17.9
172	21.7
46	27.6
213	24.4
47	35.3
214	40.0
162	46.2
209	52.6
246	30.0
237	33.3
137	33.6
158	30.0
102	71.6
21	-0.5
137
123	South Alabama	SB	2	2–0
2–0	100.8
210	95.8
57	.6427
123	43.1
288	41.3
17	11.7
12	21.9
40	34.1
91	34.2
237	35.4
212	42.2
189	38.1
319	45.2
95	34.8
145	22.2
12	35.4
124	33.0
162	68.6
53	+0.11
70
124	Oregon St.	P12	4	1–3
1–1	120.5
21	114.5
281	.6426
124	57.1
20	57.7
303	21.6
280	13.2
301	36.8
51	31.9
196	52.8
30	40.9
173	55.5
31	51.7
235	41.7
50	45.3
309	22.6
314	36.6
233	65.3
155	-0.32
108
125	Georgetown	BE	3	1–2
0–1	107.9
130	102.6
139	.6410
125	50.0
128	52.0
224	20.0
237	16.8
190	32.3
127	29.3
135	47.2
64	51.4
279	47.9
168	53.8
260	36.0
124	32.7
127	34.7
136	37.2
241	60.5
302	-1.0
255
Rk	Team	Conf	G	Rec	AdjOE	AdjDE	Barthag	Efg%	EfgD%	TOR	TORD	ORB	DRB	FTR	FTRD	2P%	2P%D	3P%	3P%D	3PR	3PRD	Adj T.	WAB
126	Delaware
   13 seed, R64	CAA	3	3–0
0–0	112.7
82	107.2
209	.6399
126	55.6
34	50.8
190	12.0
17	19.6
86	24.2
275	36.7
271	45.0
89	32.0
81	55.4
32	50.4
219	37.5
95	34.5
173	28.4
251	32.0
138	71.1
25	+0.41
46
127	Duquesne	A10	3	1–2
1–1	115.3
47	109.7
244	.6386
127	53.4
67	50.9
192	15.5
88	13.0
305	29.4
178	24.8
51	28.2
289	39.0
149	52.3
64	46.7
131	36.9
111	38.5
241	37.4
89	37.8
254	66.0
128	-1.0
253
128	Utah	P12	5	2–3
1–1	100.7
213	95.8
59	.6385
128	45.4
250	49.4
164	22.0
285	19.1
107	28.9
185	30.2
157	38.7
169	40.3
167	43.1
272	49.1
188	33.8
159	33.3
137	29.8
233	30.8
114	62.5
254	+0.42
45
129	St. Francis NY	NEC	1	0–1
0–0	96.8
256	92.2
22	.6367
129	47.1
199	38.0
6	19.3
221	11.0
324	21.2
303	25.6
65	66.7
2	74.1
326	51.2
87	40.6
23	20.0
316	22.7
13	19.6
325	40.7
296	69.0
47	-0.8
185
130	Purdue	B10	3	0–3
0–2	106.8
152	101.8
126	.6352
130	43.4
285	44.6
44	19.2
214	12.3
315	34.8
77	30.1
155	29.3
282	53.9
293	46.8
190	44.4
81	21.4
309	30.0
83	23.2
311	29.9
100	70.8
28	-1.3
269
131	Fresno St.	MWC	4	3–1
1–0	106.1
159	101.2
118	.6339
131	46.6
216	46.4
87	13.8
45	17.2
176	24.5
269	27.9
106	40.7
142	46.9
246	46.6
196	50.7
224	31.1
216	24.6
19	40.7
46	31.1
122	66.3
115	-0.23
98
132	Louisiana
   14 seed, R64	SB	5	4–1
1–1	114.5
54	109.7
245	.6193
132	50.9
118	53.1
247	17.2
144	14.9
264	41.9
13	25.7
67	32.4
248	48.2
253	46.2
209	48.9
183	40.8
60	41.1
274	31.8
196	32.6
155	67.4
78	+0.26
57
133	USC Upstate	ASun	2	0–2
0–0	102.0
202	97.8
78	.6185
133	49.1
152	48.4
141	17.0
137	15.5
248	21.5
301	27.6
98	23.1
313	27.0
38	51.3
83	42.0
40	29.7
244	37.7
230	31.6
200	43.4
317	61.9
270	-0.5
130
134	William & Mary	CAA	3	2–1
0–0	114.4
55	109.9
248	.6139
134	60.0
7	48.6
145	15.9
102	13.8
294	24.7
266	33.0
216	34.8
220	27.6
43	55.7
28	47.9
160	44.8
24	33.3
137	37.4
89	32.8
160	62.6
253	-0.36
112
135	Cal St. Northridge	BW	4	3–1
1–0	113.3
74	108.9
229	.6119
135	48.6
167	51.3
207	16.8
132	15.8
232	35.9
61	30.3
162	54.1
24	40.2
166	49.2
133	53.6
258	31.1
216	31.9
114	20.3
323	40.2
292	68.9
48	-0.33
109
136	Boston College	ACC	2	0–2
0–1	111.5
91	107.3
213	.6087
136	46.3
226	48.6
145	12.1
19	15.9
230	22.4
291	38.2
293	45.4
83	50.9
274	47.3
182	48.8
180	29.4
247	32.1
118	31.5
203	25.5
36	62.3
261	-1.0
257
137	Toledo	MAC	4	2–2
1–0	111.7
89	107.5
216	.6085
137	47.3
189	51.1
201	9.7
4	17.8
147	28.3
198	31.1
182	29.3
282	36.5
125	46.1
214	48.2
165	32.9
177	37.5
224	35.6
121	36.5
230	65.8
135	-0.38
116
138	Columbia	Ivy	3	2–1
1–1	109.3
110	105.3
178	.6067
138	51.3
112	45.1
61	15.4
85	14.3
281	24.0
278	24.8
51	32.7
245	46.7
244	47.1
183	45.8
107	37.9
91	28.9
66	43.1
23	29.6
93	60.5
302	-0.7
173
139	Richmond	A10	4	1–3
0–2	96.8
258	93.3
36	.6043
139	44.3
272	46.5
90	20.5
253	17.7
151	22.6
288	32.9
214	35.3
214	25.4
25	41.4
293	43.0
50	32.9
177	35.4
191	36.3
106	34.6
196	61.3
291	-1.0
256
140	Evansville	MVC	2	1–1
0–0	108.6
120	104.9
172	.5972
140	47.4
186	56.5
296	18.4
189	16.8
190	31.1
146	27.7
101	45.9
74	32.7
88	46.5
198	45.7
102	33.3
161	51.4
325	27.6
263	34.6
196	64.2
184	-0.10
84
141	Siena	MAAC	2	1–1
0–0	105.4
171	101.9
127	.5966
141	49.5
142	49.0
156	17.4
154	24.8
12	31.3
143	34.2
237	38.1
183	32.0
81	48.1
160	44.4
81	35.7
129	37.5
224	26.7
283	38.8
266	60.5
302	-0.8
180
142	Air Force	MWC	3	1–2
1–1	95.3
266	92.4
25	.5901
142	45.4
250	46.7
100	20.9
270	14.7
267	24.5
269	28.2
108	38.2
180	43.0
203	50.0
112	47.1
145	25.8
288	30.8
98	40.8
43	47.3
326	63.5
213	-0.7
162
143	Weber St.
   16 seed, R64	BSky	4	3–1
1–1	105.7
166	102.4
134	.5892
143	55.6
34	44.9
51	19.7
231	12.1
318	27.8
205	26.6
84	38.2
180	41.1
178	52.3
64	50.3
215	40.5
62	17.6
3	38.2
77	22.8
13	62.8
246	-0.49
128
144	Northeastern	CAA	2	1–1
0–0	112.7
83	109.2
233	.5874
144	49.6
141	58.0
304	20.2
245	12.8
307	34.2
87	19.0
10	59.6
12	34.5
110	47.8
173	53.9
263	37.5
95	46.7
316	21.1
321	25.2
33	72.7
14	-0.5
132
145	Fordham	A10	4	1–3
0–2	110.2
100	106.9
204	.5872
145	40.3
320	54.9
274	12.3
23	15.6
241	37.5
41	29.2
130	29.4
281	51.2
278	42.8
278	50.3
215	24.3
299	43.8
297	38.3
74	30.0
102	67.4
78	-1.5
285
146	Mount St. Mary's
   16 seed, R68	NEC	4	3–1
0–0	113.6
66	110.5
254	.5788
146	51.8
97	50.2
180	13.7
43	18.9
113	27.0
227	30.2
157	43.0
111	43.0
203	54.3
45	53.0
250	32.3
192	27.1
48	43.0
24	22.4
9	67.9
69	+0.6
39
147	Missouri	SEC	5	3–2
1–1	105.7
165	103.5
145	.5613
147	43.5
283	50.5
185	21.7
283	15.7
236	33.1
112	32.1
198	62.5
6	27.2
40	50.3
109	48.4
169	18.3
323	35.9
197	29.6
236	38.9
268	65.5
147	+0.19
59
148	Akron	MAC	4	2–2
1–0	114.3
58	111.9
265	.5603
148	58.0
13	51.3
207	15.7
97	15.7
236	28.4
196	36.2
262	44.0
100	29.5
58	57.9
11	49.3
196	38.8
80	36.6
214	32.4
185	35.0
206	61.8
274	-0.46
126
149	San Diego	WCC	2	1–1
0–0	106.4
157	104.2
158	.5579
149	55.1
42	46.6
97	15.4
85	14.6
270	21.8
298	23.7
44	41.7
124	51.0
276	50.8
95	41.8
36	40.4
63	37.1
221	43.5
19	34.3
191	65.5
147	-0.7
152
150	Niagara	MAAC	2	1–1
0–0	105.8
163	104.0
152	.5477
150	54.1
56	54.9
274	17.9
172	15.9
230	17.9
319	25.4
60	54.5
23	54.5
296	57.5
15	51.3
232	30.0
237	41.7
281	27.3
273	32.1
143	73.8
7	-0.7
163
Rk	Team	Conf	G	Rec	AdjOE	AdjDE	Barthag	Efg%	EfgD%	TOR	TORD	ORB	DRB	FTR	FTRD	2P%	2P%D	3P%	3P%D	3PR	3PRD	Adj T.	WAB
151	Texas A&M Corpus Chris	Slnd	4	3–1
2–0	107.3
143	105.7
183	.5440
151	56.8
25	44.7
48	20.3
248	17.3
169	36.6
56	34.0
233	41.1
137	46.2
239	52.1
71	44.8
87	47.8
12	29.7
80	24.0
309	37.2
241	58.5
320	-0.8
198
152	Towson	CAA	3	2–1
0–0	108.7
116	107.1
208	.5438
152	52.8
77	51.6
214	16.2
114	18.3
133	26.9
229	26.7
85	66.7
2	40.9
173	46.7
192	54.5
271	42.3
43	30.9
99	36.1
112	35.7
221	65.0
163	-0.7
167
153	Northwestern	B10	4	2–2
1–1	97.5
242	96.1
63	.5421
153	47.0
206	45.4
66	17.4
154	16.6
202	19.7
311	38.4
294	41.1
137	27.9
45	43.7
261	44.4
81	34.1
152	31.6
109	44.3
16	33.2
169	58.8
315	+0.16
64
154	Stony Brook	AE	4	2–2
0–0	102.2
199	100.8
112	.5402
154	47.3
189	43.9
35	21.6
280	18.1
138	34.7
78	28.9
123	32.9
243	32.7
88	48.1
160	42.2
43	30.0
237	31.9
114	27.0
279	30.9
116	64.4
178	-0.8
181
155	Murray St.	OVC	2	1–1
0–0	110.6
99	109.6
242	.5243
155	49.5
142	55.8
288	20.5
253	16.7
195	37.5
41	21.6
20	46.8
68	27.7
44	52.4
61	63.2
324	30.4
226	29.5
74	42.2
33	39.3
273	66.7
102	-0.8
174
156	Mississippi St.	SEC	4	1–3
0–2	103.7
188	102.9
141	.5234
156	48.0
176	51.9
222	21.2
275	17.8
147	28.5
194	36.2
262	43.6
106	27.3
41	50.3
109	47.2
148	28.1
270	39.4
250	28.2
253	39.5
280	66.3
115	-1.7
302
157	UC Santa Barbara	BW	3	2–1
2–0	108.1
124	107.3
211	.5227
157	53.8
59	46.3
82	19.2
214	12.1
318	27.8
205	37.4
284	44.4
97	28.2
48	43.0
275	38.3
12	49.0
10	44.9
306	35.4
124	27.7
65	63.8
202	-0.49
129
158	Morgan St.	MEAC	4	3–1
1–0	102.7
195	101.9
128	.5212
158	45.7
242	46.8
103	22.1
287	19.2
103	43.4
8	30.7
170	37.8
186	46.3
240	47.5
178	42.1
42	27.5
275	36.8
219	28.0
258	35.2
211	66.9
96	-0.5
135
159	Northwestern St.	Slnd	4	3–1
2–0	115.3
46	114.5
279	.5206
159	55.5
38	52.6
238	16.0
109	16.6
202	36.4
58	35.3
252	53.5
25	32.8
90	52.8
58	54.2
265	41.8
48	33.3
137	27.3
273	39.4
276	76.6
3	-0.45
125
160	Utah Valley	WAC	4	2–2
1–0	109.5
106	108.8
228	.5175
160	53.9
58	52.3
233	15.0
73	12.7
310	24.3
272	22.7
35	36.7
198	32.3
85	55.2
35	49.4
197	34.2
150	39.7
256	35.3
129	29.0
85	63.4
218	-0.8
191
161	Northern Illinois	MAC	3	2–1
1–0	93.0
286	92.5
28	.5138
161	42.8
293	40.9
15	22.4
293	26.6
8	28.7
188	29.3
135	46.6
71	49.6
261	46.2
209	45.8
107	24.5
298	19.5
5	36.3
106	29.9
100	61.6
282	-0.7
156
162	East Tennessee St.	ASun	2	1–1
0–0	98.3
234	98.1
82	.5055
162	44.5
270	39.5
8	15.2
81	17.3
169	20.2
309	31.1
182	41.2
133	39.5
154	43.2
269	40.0
18	31.6
205	25.9
33	31.9
193	41.9
304	70.6
29	-0.7
172
163	High Point	BSth	2	0–2
0–0	114.9
48	115.1
285	.4973
163	51.4
110	54.4
267	17.7
161	14.5
275	33.3
105	33.9
231	35.2
216	45.6
228	44.8
238	54.3
267	42.1
45	36.4
208	36.2
109	32.0
138	63.0
239	-0.9
225
164	Robert Morris	NEC	4	3–1
0–0	104.5
179	105.0
177	.4850
164	53.0
72	49.4
164	18.9
203	16.3
212	24.6
267	28.2
108	41.6
126	26.5
31	48.1
160	46.7
131	41.1
55	35.4
191	36.1
112	42.3
309	65.6
144	-0.9
220
165	Portland	WCC	1	0–1
0–0	96.4
262	97.0
69	.4845
165	53.0
72	42.9
26	29.8
329	11.9
320	37.5
41	22.2
29	38.0
185	42.9
199	44.4
246	43.9
69	50.0
4	26.7
42	28.0
258	26.8
53	63.8
202	-0.8
210
166	Virginia Tech	ACC	2	0–2
0–1	103.8
187	104.4
161	.4819
166	45.9
237	51.1
201	12.9
30	14.7
267	24.2
275	29.4
139	26.5
299	32.3
85	42.9
276	57.1
293	33.3
161	29.5
74	42.9
25	47.3
326	58.2
326	-1.1
258
167	Mississippi	SEC	4	2–2
1–1	106.7
153	107.5
214	.4809
167	44.8
264	49.8
170	14.2
53	17.7
151	33.7
101	29.7
143	45.4
83	48.5
255	49.7
123	41.3
29	25.5
291	41.8
282	42.6
28	39.7
284	71.2
24	-0.7
151
168	UNC Asheville	BSth	2	1–1
0–0	118.2
29	119.2
307	.4772
168	63.7
4	59.7
311	21.6
280	15.8
232	39.2
27	30.0
150	52.0
36	31.9
79	55.9
25	58.2
302	52.9
2	42.9
288	33.3
166	23.5
19	69.1
45	-0.8
187
169	Cleveland St.	Horz	2	0–2
0–0	107.0
149	107.9
220	.4767
169	45.7
242	55.7
284	19.2
214	19.2
103	27.1
226	15.5
4	31.4
261	51.1
277	44.1
252	50.9
226	32.4
186	42.4
285	35.2
130	37.5
246	63.5
213	-0.8
182
170	Illinois St.	MVC	2	1–1
0–0	93.7
279	94.5
49	.4738
170	42.2
297	42.2
21	19.2
214	22.3
28	26.7
234	35.8
257	55.3
22	34.8
112	36.8
323	35.1
4	32.6
181	36.6
214	44.7
13	35.7
221	64.2
184	-0.8
195
171	Vanderbilt	SEC	3	0–3
0–2	97.4
246	98.4
84	.4713
171	45.2
257	46.0
74	21.2
275	13.7
297	26.6
238	28.8
119	26.7
297	48.8
258	46.0
215	49.1
188	29.5
246	26.0
36	47.3
9	30.9
116	63.2
228	-2.0
326
172	Loyola Marymount	WCC	2	1–1
0–0	101.0
208	102.0
131	.4711
172	41.5
312	49.1
161	17.2
144	20.7
61	34.6
81	41.9
317	45.8
78	47.8
250	43.5
266	51.7
235	24.2
300	26.9
45	28.0
258	22.6
11	66.4
113	-0.24
101
173	Colorado St.	MWC	3	1–2
1–1	112.9
79	114.1
278	.4697
173	47.4
186	53.8
259	13.6
40	15.1
261	35.8
62	26.3
78	48.3
56	30.6
69	47.5
178	43.7
65	31.5
208	46.3
314	31.4
207	39.4
276	69.6
36	-1.3
271
174	Hofstra	CAA	2	1–1
0–0	113.3
75	114.5
280	.4684
174	51.8
97	48.3
139	20.4
251	10.9
327	45.6
4	27.8
103	47.8
62	43.7
207	56.0
24	46.9
141	28.9
255	34.2
165	33.6
158	31.9
136	66.9
96	-0.7
153
175	Eastern Michigan	MAC	6	4–2
0–1	96.4
263	97.8
79	.4601
175	46.0
235	47.0
108	15.7
97	19.9
73	24.8
264	34.8
247	34.7
222	30.4
66	41.4
293	39.3
16	35.2
139	38.3
240	40.2
54	42.1
307	60.6
300	-0.9
223
Rk	Team	Conf	G	Rec	AdjOE	AdjDE	Barthag	Efg%	EfgD%	TOR	TORD	ORB	DRB	FTR	FTRD	2P%	2P%D	3P%	3P%D	3PR	3PRD	Adj T.	WAB
176	Texas Tech	B12	3	1–2
1–1	104.4
181	106.0
188	.4549
176	43.1
288	51.3
207	22.3
291	15.2
257	41.2
14	37.8
287	43.8
102	53.9
293	46.7
192	52.7
247	19.4
319	32.8
130	20.3
323	39.6
282	59.5
313	-0.11
85
177	Northern Colorado	BSky	4	2–2
1–0	109.0
114	110.7
256	.4547
177	55.7
33	52.2
230	16.9
135	22.2
31	28.6
190	33.6
224	26.7
297	29.9
63	54.5
42	47.8
158	39.3
72	40.9
271	26.7
283	32.4
152	61.5
285	-0.7
169
178	Western Kentucky	SB	3	1–2
1–1	99.1
227	100.9
114	.4505
178	48.1
174	47.2
110	17.8
169	17.3
169	29.7
172	38.6
298	48.4
54	41.8
185	49.0
138	47.9
160	30.9
220	30.4
92	34.6
137	31.6
129	65.4
152	-1.0
252
179	South Dakota St.	Sum	3	1–2
0–0	99.7
222	101.4
122	.4494
179	49.0
156	46.1
77	22.1
287	17.0
183	32.4
123	22.2
29	38.5
173	28.7
52	47.1
183	43.5
57	35.2
139	34.6
176	34.6
137	31.1
122	66.8
100	-0.7
164
180	Miami OH	MAC	3	1–2
0–1	98.5
233	100.3
106	.4464
180	45.5
249	51.9
222	17.9
172	22.2
31	27.2
225	27.6
98	38.9
165	33.3
95	50.4
106	51.1
227	23.1
306	35.3
185	31.1
213	42.0
306	66.5
109	-1.5
288
181	Radford	BSth	3	2–1
0–0	119.1
26	121.4
317	.4445
181	59.6
10	66.5
328	13.8
45	20.4
63	32.1
131	27.2
95	29.8
276	33.5
98	55.3
33	65.8
330	46.4
16	45.3
309	29.8
233	32.3
149	68.9
48	-0.9
212
182	Louisiana Monroe	SB	3	1–2
1–1	102.1
201	104.4
160	.4389
182	47.2
196	47.6
119	20.3
248	13.4
300	36.6
56	30.6
168	37.5
188	35.2
116	49.5
128	46.3
121	28.8
257	32.9
132	36.9
101	42.4
313	60.2
306	-1.4
278
183	Quinnipiac	MAAC	3	1–2
0–0	107.3
144	109.6
238	.4388
183	52.4
85	51.3
207	19.5
227	12.5
314	26.5
239	22.0
25	44.6
96	28.4
50	48.1
160	46.8
136	45.7
21	39.7
256	21.1
321	35.1
208	69.3
42	-0.5
136
184	Northern Arizona	BSky	3	2–1
2–0	97.3
249	99.6
91	.4320
184	50.9
118	44.2
39	22.3
291	18.2
136	45.7
3	20.0
12	23.4
312	41.5
181	51.4
82	40.2
21	33.3
161	34.9
178	32.3
186	33.1
167	59.3
314	-0.8
200
185	Wyoming	MWC	4	1–3
1–1	99.0
228	101.4
119	.4317
185	47.0
206	45.9
72	14.0
49	16.7
195	16.6
326	34.0
233	29.5
279	40.3
167	50.4
106	43.5
57	28.3
264	33.8
158	42.4
31	33.5
178	65.5
147	-1.1
260
186	Troy	SB	3	1–2
1–1	105.9
161	108.6
226	.4301
186	45.3
255	50.0
173	10.8
8	17.7
151	36.8
51	30.9
176	35.9
208	24.2
19	46.3
204	51.7
235	29.0
253	31.3
105	35.9
116	35.2
211	62.0
267	-1.8
309
187	Saint Francis	NEC	2	1–1
0–0	97.4
247	99.8
93	.4298
187	45.4
250	47.8
126	22.1
287	17.7
151	35.4
67	25.9
69	30.6
270	35.2
116	43.1
272	44.3
77	31.9
201	36.7
218	48.0
5	33.0
162	56.4
329	-0.5
134
188	Army	Pat	2	1–1
0–0	113.7
64	116.6
295	.4296
188	52.1
92	58.8
307	22.4
293	19.4
92	39.7
24	43.3
322	24.4
308	25.0
23	52.1
71	55.8
282	34.8
145	44.1
301	38.7
65	28.3
76	67.9
69	-0.24
100
189	Missouri St.	MVC	3	1–2
0–0	95.0
270	97.5
73	.4274
189	41.6
309	47.2
110	19.9
236	17.6
158	29.9
170	30.8
173	24.4
308	28.8
53	40.0
305	45.8
107	29.2
251	32.8
130	40.6
47	40.0
285	58.3
323	-0.06
80
190	Southeast Missouri St.	OVC	2	1–1
0–0	108.1
126	111.0
257	.4220
190	56.6
27	51.0
196	19.6
229	18.8
116	41.2
14	32.8
212	39.8
156	50.5
270	48.1
160	45.6
100	50.0
4	40.5
268	31.9
193	35.2
211	67.2
85	-0.7
161
191	Houston	Amer	3	1–2
0–1	111.6
90	114.8
282	.4191
191	47.9
178	56.3
293	18.9
203	13.2
301	38.5
31	35.1
248	29.3
282	39.7
158	44.2
249	54.3
267	37.1
106	39.7
256	32.5
182	37.0
240	69.4
39	-0.24
99
192	Wagner	NEC	2	1–1
0–0	102.9
193	106.0
187	.4149
192	42.3
296	46.6
97	10.2
6	20.4
63	43.2
9	32.9
214	40.1
151	28.8
53	42.2
285	47.4
153	28.6
259	30.0
83	25.5
296	33.9
185	65.1
161	-0.9
234
193	Kent St.	MAC	2	0–2
0–1	97.0
253	100.0
98	.4139
193	41.7
307	47.9
131	19.4
226	16.3
212	31.9
134	26.2
75	24.6
307	56.7
304	43.6
263	45.8
107	25.0
295	36.0
200	31.6
200	25.8
41	64.7
171	-1.4
280
194	Florida Gulf Coast	ASun	3	1–2
0–0	89.8
302	92.6
29	.4133
194	42.9
291	41.8
18	21.7
283	17.7
151	31.5
139	31.3
185	32.4
248	46.1
237	49.1
135	40.5
22	20.7
313	29.6
76	34.1
145	32.7
156	66.6
105	-0.7
171
195	Alabama A&M	SWAC	4	3–1
2–0	94.0
275	97.0
68	.4131
195	46.8
211	37.4
4	19.3
221	21.6
48	37.2
46	34.6
244	42.9
113	42.9
199	48.7
146	38.6
14	28.4
263	23.0
14	30.9
218	27.9
67	65.2
159	-0.9
229
196	St. John's	BE	3	1–2
1–0	105.7
167	109.0
231	.4119
196	49.3
147	52.1
227	12.1
19	15.1
261	28.5
194	26.3
78	28.6
286	47.6
249	43.2
269	45.0
89	41.8
48	43.3
294	31.5
203	35.8
223	72.5
15	+0.10
71
197	Temple	Amer	2	1–1
1–0	100.7
212	103.9
149	.4112
197	49.2
150	46.8
103	17.0
137	15.7
236	34.2
87	37.1
279	31.8
257	34.3
106	45.6
222	44.2
73	41.4
51	36.1
202	22.0
318	25.7
39	67.7
73	-0.6
144
198	Arizona St.
   10 seed, R64	P12	2	0–2
0–1	103.1
192	106.4
194	.4107
198	47.7
181	57.3
299	17.7
161	19.1
107	21.4
302	35.9
259	33.3
236	40.9
173	46.0
215	53.2
253	33.3
161	45.2
307	43.2
21	28.2
75	63.4
218	-1.0
254
199	South Florida	Amer	2	0–2
0–1	92.1
291	95.3
52	.4051
199	44.1
276	48.6
145	14.2
53	22.0
37	25.6
251	27.1
94	43.2
109	44.2
212	44.2
249	50.0
205	28.6
259	29.2
71	11.9
331	23.1
15	68.6
53	-1.7
307
200	Morehead St.	OVC	3	1–2
0–0	100.7
211	104.2
156	.4040
200	44.5
270	52.7
240	20.0
237	21.0
57	31.5
139	24.8
51	53.3
26	62.4
317	47.4
180	47.1
145	25.5
291	40.3
265	30.9
218	41.6
299	67.7
73	-0.6
142
Rk	Team	Conf	G	Rec	AdjOE	AdjDE	Barthag	Efg%	EfgD%	TOR	TORD	ORB	DRB	FTR	FTRD	2P%	2P%D	3P%	3P%D	3PR	3PRD	Adj T.	WAB
201	Western Carolina	SC	3	2–1
0–0	108.2
123	111.9
266	.4035
201	46.1
233	52.2
230	14.5
60	14.0
287	43.1
10	31.3
185	37.6
187	49.7
262	48.9
140	55.3
280	26.0
287	31.7
111	27.6
263	40.1
290	62.5
254	-0.43
121
202	Long Beach St.	BW	4	2–2
1–1	102.8
194	106.3
193	.4028
202	52.0
94	47.6
119	18.9
203	17.1
181	31.3
143	30.2
157	43.5
107	41.9
187	51.7
77	45.8
107	35.1
142	34.2
165	33.2
171	33.2
169	68.3
57	-1.6
293
203	Texas Southern
   16 seed, R68	SWAC	6	5–1
2–0	104.6
175	108.4
224	.3985
203	53.5
64	44.4
41	19.1
213	14.1
285	30.9
152	28.8
119	56.9
20	39.0
149	51.2
87	45.1
90	38.8
80	28.2
58	32.8
177	24.4
25	68.2
61	+0.38
50
204	Rutgers	Amer	4	1–3
0–2	96.8
255	100.4
109	.3978
204	43.5
283	52.4
234	24.6
316	16.3
212	27.3
220	28.6
115	30.4
272	41.3
179	41.1
297	50.0
205	32.4
186	38.2
237	31.8
196	33.0
162	70.0
32	-0.7
168
205	FIU	CUSA	1	1–0
1–0	106.2
158	110.3
253	.3931
205	56.3
28	50.9
192	23.9
311	29.8
2	33.3
105	46.9
331	50.0
48	21.1
12	50.0
112	45.9
114	50.0
4	40.0
260	25.0
300	35.1
208	68.8
50	+0.18
60
206	Pepperdine	WCC	1	0–1
0–0	114.1
61	118.6
306	.3896
206	50.9
118	58.0
304	14.2
53	14.2
283	28.6
190	41.2
313	33.9
231	42.9
199	40.5
302	54.3
267	47.4
14	42.9
288	33.9
151	37.5
246	66.7
102	-0.6
141
207	Charleston	CAA	1	0–1
0–0	96.0
265	99.9
95	.3881
207	41.9
302	53.2
248	11.4
10	13.1
303	32.5
121	22.6
34	16.1
327	61.7
315	43.6
263	45.7
102	26.1
286	50.0
322	37.1
98	25.5
36	62.7
250	-0.8
199
208	Cal St. Bakersfield	WAC	3	1–2
0–1	100.4
217	104.5
162	.3875
208	45.9
237	46.5
90	20.3
248	12.8
307	34.6
81	25.7
67	36.7
198	45.2
224	44.2
249	46.4
124	33.3
161	31.0
101	28.5
249	37.4
243	62.5
254	-1.4
277
209	Idaho	WAC	5	4–1
2–0	108.0
127	112.5
268	.3837
209	53.7
61	55.9
291	17.1
140	16.0
224	23.4
285	22.0
25	56.5
21	40.1
164	47.8
173	58.8
307	42.7
41	33.7
155	36.2
109	34.9
203	66.2
122	-0.21
97
210	Loyola Chicago	MVC	2	1–1
0–0	110.7
96	115.5
289	.3787
210	51.0
117	58.9
308	18.0
178	18.8
116	21.1
304	30.0
150	47.9
61	47.9
251	39.7
308	59.7
311	48.5
11	37.5
224	34.4
140	25.0
29	64.9
165	-0.6
146
211	Little Rock	SB	3	1–2
0–1	110.9
93	116.1
292	.3721
211	48.3
170	47.3
112	13.2
35	14.1
285	39.8
23	36.3
265	31.3
264	51.6
280	45.5
225	41.7
35	36.5
116	38.2
237	30.3
230	36.2
226	63.4
218	-1.7
301
212	Eastern Washington	BSky	2	1–1
1–1	105.1
173	110.0
251	.3707
212	49.1
152	46.4
87	15.8
101	17.3
169	30.9
152	39.5
305	49.1
49	38.7
145	49.3
131	45.5
97	32.6
181	31.9
114	38.4
71	37.9
256	71.9
18	-0.9
213
213	Saint Peter's	MAAC	2	1–1
0–0	99.3
226	104.0
151	.3689
213	44.3
272	46.9
107	23.6
307	19.0
111	33.3
105	26.2
75	48.5
53	59.2
311	42.0
290	47.9
160	37.5
95	29.6
76	16.5
330	27.6
62	60.7
297	-0.5
131
214	Arkansas St.	SB	4	2–2
1–1	102.7
196	107.6
217	.3677
214	47.1
199	49.0
156	15.9
102	17.2
176	32.7
118	39.0
302	45.9
74	38.8
146	41.4
293	48.5
171	37.8
93	33.3
137	37.2
96	32.9
161	64.2
184	-1.3
268
215	Canisius	MAAC	3	1–2
0–0	114.7
51	120.2
312	.3677
215	55.6
34	57.3
299	16.7
129	17.2
176	33.6
103	32.1
198	32.2
253	33.3
95	53.7
50	63.4
326	38.9
76	32.9
132	40.0
57	42.9
316	63.5
213	-0.43
122
216	Utah St.	MWC	3	2–1
1–0	98.8
230	104.1
155	.3537
216	43.2
287	48.1
136	16.9
135	8.7
331	31.4
142	26.2
75	38.1
183	20.6
10	39.1
310	52.5
245	35.6
133	25.9
33	29.0
241	32.2
145	63.9
199	+0.03
76
217	UT Arlington	SB	4	2–2
1–1	107.4
142	113.2
272	.3528
217	50.0
128	48.8
152	15.0
73	11.2
323	28.3
198	33.7
227	39.3
164	42.6
193	49.3
131	46.2
118	34.0
153	35.3
185	41.3
39	39.5
280	68.2
61	-1.3
265
218	Elon	SC	1	0–1
0–0	96.7
261	102.0
132	.3504
218	48.1
174	43.3
31	20.2
245	18.6
122	36.4
58	45.0
327	41.5
127	36.7
127	52.9
57	45.5
97	26.3
284	25.0
22	35.8
119	26.7
52	63.4
218	-0.9
237
219	Oral Roberts	Slnd	4	1–3
0–2	109.7
105	116.5
294	.3336
219	49.8
135	50.9
192	14.5
60	15.3
253	35.0
74	35.3
252	37.0
195	50.7
272	49.1
135	42.5
46	34.4
148	46.3
314	28.2
253	31.5
127	61.9
270	-2.0
325
220	Norfolk St.	MEAC	5	2–3
0–1	104.5
180	111.1
258	.3302
220	51.3
112	51.2
206	23.3
305	16.2
215	36.2
60	28.4
112	40.9
139	44.6
218	44.8
238	46.9
141	44.8
24	40.0
260	28.9
243	33.1
167	60.7
297	-1.4
275
221	Hampton	MEAC	3	1–2
1–0	100.3
219	107.0
205	.3242
221	48.9
159	49.3
163	16.0
109	21.0
57	25.2
258	29.8
145	53.1
27	80.6
329	45.1
231	45.6
100	37.1
106	37.0
220	35.4
124	37.5
246	72.4
16	-0.9
242
222	Vermont	AE	3	1–2
0–0	105.8
164	112.8
270	.3238
222	51.6
106	50.8
190	17.2
144	25.0
11	32.0
133	32.5
206	36.2
206	53.0
287	46.5
198	48.8
180	41.2
54	36.0
200	33.6
158	37.9
256	63.1
235	-0.8
190
223	Prairie View A&M	SWAC	6	3–3
0–2	99.4
223	106.1
190	.3209
223	46.5
223	45.2
62	17.4
154	20.2
70	32.7
118	38.0
292	50.6
46	41.6
183	43.8
258	46.3
121	36.4
118	28.6
63	24.7
303	31.6
129	64.2
184	-2.4
329
224	Montana	BSky	3	1–2
1–1	101.4
207	108.4
223	.3153
224	49.3
147	51.4
212	16.5
121	19.4
92	23.3
286	33.0
216	43.8
102	42.0
188	53.3
52	52.9
248	27.7
272	31.7
111	34.3
142	28.7
80	60.0
308	-1.6
297
225	Brown	Ivy	3	0–3
0–2	103.4
190	110.7
255	.3136
225	47.7
181	49.0
156	14.7
68	10.5
329	27.3
220	23.2
37	24.7
306	33.5
98	39.4
309	43.7
65	44.3
28	41.8
282	30.8
222	27.9
67	71.8
19	-1.5
286
Rk	Team	Conf	G	Rec	AdjOE	AdjDE	Barthag	Efg%	EfgD%	TOR	TORD	ORB	DRB	FTR	FTRD	2P%	2P%D	3P%	3P%D	3PR	3PRD	Adj T.	WAB
226	Campbell	BSth	1	0–1
0–0	113.1
77	121.1
316	.3130
226	59.4
11	55.3
281	12.7
27	12.7
310	12.5
332	37.1
279	45.8
78	43.9
209	39.1
310	60.0
312	52.0
3	33.3
137	52.1
2	47.4
328	62.3
261	-0.9
217
227	Marshall	CUSA	3	1–2
0–1	99.4
225	106.4
195	.3128
227	44.0
278	53.4
252	17.7
161	24.3
13	34.1
91	37.6
286	27.2
295	52.1
283	44.6
242	53.7
259	28.6
259	35.3
185	34.2
144	34.9
203	66.1
126	-1.6
295
228	TCU	B12	3	0–3
0–2	99.8
221	107.0
206	.3086
228	41.2
315	53.5
254	15.9
102	18.9
113	26.3
241	46.5
330	35.7
211	24.6
22	38.4
317	54.7
273	32.6
181	33.9
161	26.9
280	31.6
129	65.8
135	-1.2
263
229	Winthrop	BSth	4	3–1
0–0	105.6
168	113.4
274	.3078
229	52.1
92	52.9
244	16.6
124	15.1
261	28.8
187	28.2
108	37.4
190	36.4
123	48.9
140	49.0
186	38.9
76	42.6
286	34.1
145	25.8
41	63.0
239	-0.6
143
230	George Mason	A10	3	1–2
1–1	97.5
244	104.8
168	.3041
230	42.1
298	46.3
82	13.4
39	13.9
289	31.1
146	36.8
275	31.1
266	36.9
130	40.6
300	43.5
57	31.1
216	34.4
170	24.6
304	34.7
201	64.0
192	-1.3
267
231	Hawaii	BW	3	1–2
1–1	107.8
132	116.2
293	.2982
231	51.9
96	54.1
262	15.3
83	18.1
138	34.9
76	33.7
227	41.5
127	49.7
262	52.2
68	51.7
235	34.0
153	39.6
254	25.7
294	31.0
120	69.2
44	-1.4
279
232	Bucknell	Pat	1	0–1
0–0	100.1
220	107.8
219	.2970
232	52.6
82	57.5
302	25.3
318	19.4
92	48.5
1	27.8
103	33.3
236	15.0
2	43.9
256	48.6
175	50.0
4	47.8
320	28.1
256	38.3
264	64.9
165	-0.9
241
233	Auburn	SEC	3	1–2
1–1	108.6
119	117.1
300	.2960
233	46.3
226	53.5
254	17.7
161	17.2
176	27.3
220	38.7
299	39.5
159	41.7
184	42.3
283	45.3
96	36.0
124	44.3
302	34.0
149	39.1
271	62.1
264	-0.6
150
234	Grand Canyon	WAC	3	1–2
1–1	98.9
229	106.8
201	.2910
234	44.8
264	52.0
224	17.7
161	17.2
176	21.1
304	31.5
189	47.0
66	36.4
123	44.6
242	51.2
230	30.2
231	35.8
196	38.4
71	30.1
105	66.6
105	-0.36
113
235	UAB	CUSA	2	0–2
0–1	97.0
254	105.0
176	.2862
235	50.5
125	53.0
245	20.6
256	22.1
36	28.4
196	29.7
143	40.4
147	44.6
218	50.8
95	47.2
148	33.3
161	44.8
305	37.5
87	28.7
80	65.0
163	-1.6
291
236	Sacramento St.	BSky	3	1–2
1–1	106.6
155	115.5
288	.2852
236	53.3
69	54.9
274	16.6
124	15.5
248	36.8
51	22.7
35	28.6
286	36.8
129	51.3
83	55.0
277	38.8
80	36.5
212	29.2
238	34.2
189	63.3
225	-1.8
314
237	Penn	Ivy	3	1–2
1–2	97.6
240	105.9
185	.2819
237	47.4
186	51.0
196	20.1
242	16.0
224	26.8
230	29.2
130	43.0
111	48.7
256	50.0
112	43.2
54	27.7
272	39.7
256	31.1
213	47.4
328	67.2
85	-1.1
259
238	Rider	MAAC	2	1–1
0–0	106.7
154	115.8
290	.2799
238	49.5
142	63.2
322	20.0
237	22.3
28	39.1
29	30.4
164	40.0
152	44.2
212	46.4
203	64.6
328	36.6
115	40.0
260	37.3
93	31.6
129	62.3
261	-0.5
138
239	Chicago St.	WAC	3	1–2
1–1	91.4
297	99.4
88	.2754
239	46.4
225	47.6
119	18.4
189	28.3
4	28.9
185	34.0
233	44.4
97	61.1
314	48.2
159	41.6
34	28.8
257	38.2
237	34.9
133	38.2
263	70.5
30	-1.8
310
240	Savannah St.	MEAC	3	2–1
1–0	85.7
315	93.3
35	.2746
240	46.6
216	36.5
1	22.8
298	17.0
183	29.6
174	26.5
83	41.5
127	39.7
158	48.1
160	40.0
18	28.2
268	16.7
1	26.5
290	23.1
15	63.6
211	-0.9
215
241	UMKC	WAC	3	1–2
1–1	100.4
216	109.5
236	.2703
241	54.2
51	51.6
214	15.6
94	19.3
102	17.6
320	30.0
150	48.2
57	56.9
305	54.8
40	41.9
38	35.5
135	43.3
294	37.3
93	41.9
304	71.8
19	-1.8
312
242	Gardner Webb	BSth	2	1–1
0–0	100.4
218	109.6
237	.2676
242	46.3
226	51.6
214	18.0
178	11.8
321	41.2
14	22.2
29	52.8
30	35.0
115	46.7
192	53.4
257	30.3
228	31.4
107	26.8
282	28.5
78	66.9
96	-0.8
207
243	Lehigh	Pat	1	0–1
0–0	75.8
329	82.9
6	.2634
243	34.7
329	46.2
78	18.5
192	18.5
126	27.5
215	14.7
3	9.7
331	21.2
13	41.5
292	42.9
48	14.3
330	35.3
185	33.9
151	32.7
156	67.0
91	-0.7
155
244	North Texas	CUSA	3	1–2
0–1	97.5
243	106.6
197	.2632
244	41.8
304	50.0
173	15.9
102	13.9
289	22.0
296	23.9
45	40.2
150	60.1
312	38.7
315	42.0
40	32.1
194	43.4
296	32.3
186	34.6
196	65.7
141	-1.6
294
245	Fairfield	MAAC	1	0–1
0–0	97.7
239	106.8
202	.2628
245	47.1
199	39.8
10	15.5
88	18.5
126	12.9
331	40.5
310	30.8
268	50.0
267	48.6
148	37.8
11	29.4
247	33.3
137	32.7
180	16.7
2	61.5
285	-0.9
235
246	Incarnate Word	Slnd	1	1–0
1–0	84.3
319	92.4
27	.2581
246	47.3
189	44.2
39	27.8
327	30.9
1	41.2
14	37.5
285	20.0
323	21.2
13	46.5
198	42.4
45	33.3
161	31.6
109	21.8
319	36.5
230	66.5
109	+0.04
75
247	Fairleigh Dickinson	NEC	1	0–1
0–0	85.8
314	94.1
45	.2559
247	39.1
324	53.2
248	20.8
266	25.6
9	29.4
178	31.0
179	23.6
311	29.8
62	44.7
241	48.5
171	17.6
325	42.9
288	30.9
218	29.8
96	62.8
246	-0.7
170
248	Seattle	WAC	3	0–3
0–2	95.2
268	104.7
167	.2504
248	42.1
298	48.0
135	23.0
301	21.6
48	39.2
27	36.7
271	37.1
193	62.1
316	36.1
328	49.1
188	34.3
149	29.7
80	39.3
61	24.2
24	67.0
91	-2.4
330
249	Portland St.	BSky	5	3–2
2–0	96.8
257	106.5
196	.2492
249	47.1
199	49.1
161	17.1
140	19.5
89	22.9
287	33.3
219	51.2
41	46.4
242	47.8
173	50.0
205	30.3
228	30.9
99	29.7
235	24.6
28	68.2
61	-0.7
154
250	Central Michigan	MAC	2	0–2
0–1	112.3
85	123.6
321	.2489
250	47.7
181	67.5
330	18.9
203	19.8
77	32.3
127	29.2
130	22.0
317	22.0
16	46.3
204	60.0
312	32.7
179	52.5
326	50.5
3	40.0
285	61.4
288	-1.5
283
Rk	Team	Conf	G	Rec	AdjOE	AdjDE	Barthag	Efg%	EfgD%	TOR	TORD	ORB	DRB	FTR	FTRD	2P%	2P%D	3P%	3P%D	3PR	3PRD	Adj T.	WAB
251	Yale	Ivy	3	1–2
0–2	92.8
288	102.5
138	.2409
251	41.8
304	53.0
245	17.1
140	18.1
138	27.3
220	21.1
17	43.3
108	50.0
267	45.0
234	50.0
205	23.6
304	39.6
254	33.5
162	32.0
138	66.3
115	-1.5
286
252	UTSA	CUSA	2	0–2
0–1	99.4
224	110.1
252	.2362
252	46.6
216	55.7
284	20.7
261	19.9
73	44.3
5	34.5
242	27.1
296	53.6
291	40.6
300	48.2
165	36.7
114	43.9
298	41.5
38	42.3
309	64.2
184	-1.7
304
253	Notre Dame	ACC	1	0–1
0–0	109.0
113	120.8
314	.2357
253	45.0
258	69.5
331	9.1
2	22.9
24	25.0
261	30.0
150	31.7
258	78.0
327	45.0
234	58.1
300	30.0
237	70.0
332	33.3
166	24.4
25	64.0
192	-0.7
165
254	Charleston Southern	BSth	2	1–1
0–0	100.6
214	111.7
264	.2306
254	46.8
211	44.4
41	14.1
51	16.2
215	28.2
201	32.6
208	33.9
231	40.3
167	51.9
75	34.9
3	25.5
291	36.1
202	37.9
81	49.2
332	64.0
192	-0.8
209
255	Tennessee Tech	OVC	2	1–1
0–0	94.4
273	104.9
171	.2286
255	56.2
31	45.0
56	29.4
328	19.4
92	29.1
183	37.3
282	59.6
12	59.1
310	57.1
16	48.8
180	36.4
118	23.3
15	37.1
98	27.3
60	67.7
73	-0.8
196
256	New Hampshire	AE	1	0–1
0–0	113.4
73	126.3
328	.2243
256	53.2
70	54.9
274	17.4
154	15.7
236	17.2
323	53.3
332	27.7
290	52.9
286	40.0
305	55.9
285	45.5
22	35.3
185	46.8
11	33.3
173	59.9
309	-0.7
158
257	Pacific	WCC	2	1–1
0–0	102.2
200	114.0
277	.2208
257	50.0
128	56.4
295	18.9
203	19.7
80	29.4
178	27.8
103	38.5
173	42.2
189	56.9
17	46.4
124	25.6
289	45.7
312	37.5
87	45.1
321	63.9
199	-0.8
194
258	Georgia Southern	SC	3	2–1
0–0	92.8
287	103.6
147	.2207
258	46.3
226	47.9
131	16.6
124	19.8
77	27.4
218	26.0
71	31.3
264	37.7
136	50.4
106	55.1
278	23.3
305	24.6
19	26.9
280	39.0
269	63.4
218	-0.8
177
259	DePaul	BE	3	1–2
0–1	98.0
235	109.8
246	.2128
259	41.2
315	56.3
293	16.6
124	16.0
224	27.6
213	40.2
308	37.3
191	28.6
51	47.9
168	52.9
248	20.3
315	40.9
271	38.6
68	39.3
273	62.1
264	-0.6
147
260	The Citadel	SC	2	1–1
0–0	106.9
150	120.0
311	.2097
260	53.7
61	53.2
248	18.8
201	11.0
324	25.5
253	22.2
29	52.1
34	31.5
75	45.2
229	50.0
205	46.9
15	41.4
279	34.0
149	26.1
46	63.7
207	-0.8
203
261	UC Riverside	BW	3	1–2
1–1	94.2
274	105.9
186	.2064
261	45.8
240	50.6
187	18.9
203	18.4
131	29.8
171	30.2
157	27.5
292	30.3
64	45.0
234	49.6
199	31.9
201	36.1
202	28.1
256	21.8
6	65.6
144	-1.3
274
262	Maryland Eastern Shore	MEAC	2	1–1
1–0	110.6
97	124.5
323	.2047
262	59.8
9	58.9
308	20.8
266	23.9
17	38.0
37	38.5
295	51.5
38	54.7
297	60.7
6	63.1
323	39.0
75	33.3
137	42.3
32	31.6
129	69.8
33	-0.9
221
263	Rice	CUSA	2	0–2
0–1	93.5
281	105.4
179	.2009
263	47.9
178	46.3
82	16.7
129	16.7
195	19.4
312	31.5
189	42.3
117	39.4
152	36.2
327	47.0
143	43.6
32	30.2
88	40.2
54	39.4
276	55.9
330	-1.5
284
264	Central Arkansas	Slnd	2	0–2
0–2	104.1
182	117.5
301	.1999
264	56.3
28	61.1
314	21.1
274	17.4
164	24.3
272	38.5
295	31.0
267	53.2
289	55.8
27	58.8
307	38.7
84	43.9
298	24.6
304	32.5
153	76.5
4	-1.2
261
265	Bowling Green	MAC	2	0–2
0–1	88.0
309	99.4
89	.1964
265	46.3
226	49.6
167	27.0
326	14.9
264	25.8
247	23.6
42	22.0
317	34.2
104	50.0
112	53.1
252	24.1
301	27.8
55	26.6
287	30.8
114	67.4
78	-1.3
272
266	Florida Atlantic	CUSA	2	0–2
0–1	97.2
250	110.0
249	.1956
266	50.5
125	48.2
137	26.9
325	19.2
103	37.5
41	33.8
229	34.3
226	34.2
104	45.3
228	46.8
136	39.5
67	34.4
170	37.3
93	28.8
82	64.0
192	-1.8
315
267	Bradley	MVC	1	0–1
0–0	109.7
104	124.2
322	.1930
267	60.0
7	60.9
312	20.9
270	17.7
151	28.6
190	20.8
16	42.2
119	52.2
285	56.8
18	50.0
205	50.0
4	57.1
330	17.8
328	30.4
109	65.1
161	-0.9
228
268	Green Bay	Horz	2	0–2
0–0	90.5
300	102.5
137	.1927
268	44.9
262	53.4
252	22.9
299	18.8
116	25.0
261	27.5
97	43.9
101	31.6
77	48.8
144	55.2
279	22.2
308	34.0
162	25.2
299	42.7
315	65.9
132	-0.8
201
269	Lamar	Slnd	2	1–1
1–1	101.4
205	115.0
284	.1910
269	46.6
216	52.5
236	14.7
68	23.5
21	39.7
24	29.0
127	46.2
72	52.0
281	55.7
28	50.6
223	18.4
322	39.1
245	32.5
182	23.0
14	66.2
122	-1.0
247
270	North Dakota	BSky	5	2–3
0–1	103.2
191	117.1
299	.1904
270	44.7
268	55.1
280	13.2
35	18.6
122	31.0
148	26.1
74	43.8
102	54.9
298	47.8
173	55.3
280	23.7
303	36.2
206	25.0
300	26.8
53	69.4
39	-1.6
299
271	Tulane	CUSA	4	1–3
0–1	93.9
277	106.7
199	.1864
271	48.7
165	51.5
213	23.5
306	15.2
257	22.3
292	21.9
24	33.9
231	33.0
93	44.6
242	47.8
158	36.5
116	39.1
245	39.8
59	34.0
188	60.6
300	-1.3
266
272	Valparaiso	Horz	2	0–2
0–0	100.8
209	115.5
287	.1739
272	48.9
159	46.5
90	17.7
161	16.8
190	20.0
310	36.4
267	32.3
250	45.0
223	48.3
156	43.5
57	33.3
161	34.2
165	35.5
122	38.0
259	58.3
323	-0.8
201
273	Idaho St.	BSky	2	0–2
0–2	97.1
251	111.4
259	.1712
273	42.8
293	54.2
264	17.2
144	19.4
92	42.4
12	36.6
269	37.1
193	32.8
90	44.9
237	54.9
275	25.6
289	35.4
191	32.6
181	40.3
295	63.6
211	-1.7
303
274	James Madison	CAA	1	0–1
0–0	103.8
185	119.2
308	.1696
274	39.8
323	62.1
318	15.3
83	10.7
328	41.0
19	11.1
1	66.7
2	184.8
332	50.0
112	41.2
28	15.0
329	56.3
329	37.0
100	48.5
330	66.6
105	-0.8
188
275	Northern Iowa	MVC	1	0–1
0–0	80.2
325	92.3
23	.1668
275	38.6
326	44.6
44	24.5
314	17.3
169	35.7
63	21.1
17	38.6
172	35.7
120	45.7
220	41.0
26	18.2
324	35.3
185	38.6
68	30.4
109	73.1
12	-0.8
189
Rk	Team	Conf	G	Rec	AdjOE	AdjDE	Barthag	Efg%	EfgD%	TOR	TORD	ORB	DRB	FTR	FTRD	2P%	2P%D	3P%	3P%D	3PR	3PRD	Adj T.	WAB
276	Liberty	BSth	1	0–1
0–0	97.9
236	112.7
269	.1651
276	45.7
242	53.8
259	15.0
73	18.0
142	23.5
283	25.0
54	22.4
314	40.4
170	42.2
285	53.3
256	38.5
87	36.4
208	22.4
315	42.3
309	67.0
91	-0.9
225
277	Southeastern Louisiana	Slnd	3	1–2
1–1	94.8
272	109.8
247	.1549
277	46.9
208	46.2
78	18.1
182	14.5
275	18.3
316	36.7
271	51.0
43	37.2
134	46.2
209	47.7
156	32.4
186	29.2
71	25.9
292	37.8
254	64.2
184	-1.7
300
278	UNC Wilmington	CAA	1	0–1
0–0	97.7
238	113.3
273	.1543
278	43.9
280	55.7
284	11.8
13	19.2
103	28.6
190	45.2
328	21.2
320	58.5
309	40.5
302	61.1
319	33.3
161	29.4
73	36.4
105	32.1
143	68.8
50	-0.9
236
279	Coppin St.	MEAC	3	2–1
0–0	97.8
237	113.4
275	.1542
279	49.1
152	46.3
82	18.4
189	19.4
92	29.6
174	40.2
308	57.7
18	25.4
25	47.0
185	49.2
193	34.9
143	27.4
52	38.7
65	36.3
227	70.9
27	-0.8
178
280	Cal St. Fullerton	BW	3	0–3
0–2	93.9
276	109.0
230	.1536
280	41.7
307	54.4
267	16.3
118	17.3
169	32.2
130	28.9
123	26.3
303	46.6
243	39.8
307	57.7
296	29.9
242	29.7
80	38.3
74	25.0
29	63.2
228	-2.3
328
281	Drake	MVC	1	0–1
0–0	96.1
264	111.5
262	.1530
281	52.9
76	53.7
258	19.2
214	17.6
158	19.4
312	21.7
21	19.2
324	78.0
327	38.9
312	63.3
325	56.3
1	18.2
4	30.8
222	26.8
53	61.7
278	-0.8
211
282	Nicholls St.	Slnd	4	2–2
1–1	93.7
278	108.8
227	.1528
282	48.2
173	48.6
145	18.0
178	18.4
131	32.1
131	31.7
193	37.0
195	44.4
216	51.6
78	50.0
205	29.0
253	30.0
83	42.5
30	28.0
70	63.8
202	-1.6
292
283	Bryant	NEC	1	0–1
0–0	93.3
283	108.5
225	.1493
283	51.1
116	47.0
108	18.2
187	23.6
20	22.2
294	40.6
311	17.0
325	22.0
16	42.9
276	43.3
55	42.1
45	35.0
179	40.4
51	40.0
285	58.3
323	-1.0
250
284	Monmouth	MAAC	1	0–1
0–0	91.8
295	106.9
203	.1487
284	54.7
48	52.2
230	32.9
332	21.9
40	30.4
161	37.9
290	39.5
159	68.9
324	57.9
11	48.1
164	20.0
316	38.9
243	11.6
332	40.0
285	63.4
218	-0.9
227
285	Presbyterian	BSth	1	0–1
0–0	102.6
197	120.5
313	.1360
285	65.1
2	54.6
271	20.2
245	14.0
287	17.4
322	36.4
267	7.5
332	53.7
292	65.6
3	48.7
177	42.9
38	46.7
316	39.6
60	27.8
66	63.2
228	-0.9
230
286	Denver	Sum	2	1–1
0–0	106.9
151	125.6
327	.1356
286	52.7
80	63.2
322	16.7
129	16.7
195	35.5
65	37.8
287	38.3
177	49.4
260	55.9
25	57.6
295	31.4
210	50.0
322	37.2
96	32.2
145	54.7
332	-0.5
133
287	South Dakota	Sum	1	0–1
0–0	100.5
215	118.2
305	.1341
287	53.8
59	62.5
319	20.0
237	14.6
270	24.0
278	34.5
242	59.0
15	39.6
157	52.2
68	57.7
296	37.5
95	45.5
311	41.0
42	45.8
323	61.8
274	-0.8
193
288	Samford	SC	2	1–1
0–0	91.3
298	107.5
215	.1330
288	46.8
211	45.4
66	17.9
172	17.1
181	34.3
84	33.8
229	37.0
195	45.9
234	51.2
87	50.0
205	20.8
312	24.3
18	22.2
317	33.9
185	63.7
207	-0.7
159
289	Bethune Cookman	MEAC	2	1–1
1–0	95.0
269	112.0
267	.1312
289	48.7
165	47.8
126	17.3
150	23.1
23	25.4
254	41.8
316	32.5
246	44.0
210	50.7
102	46.8
136	30.2
231	33.3
137	37.7
83	33.6
181	65.7
141	-0.9
216
290	Chattanooga	SC	2	0–2
0–0	91.9
293	108.4
222	.1302
290	41.9
302	47.7
124	20.0
237	13.8
294	32.3
127	22.1
28	31.6
260	46.3
240	42.4
280	51.3
232	27.5
275	25.0
22	43.6
18	25.9
44	63.2
228	-0.9
244
291	Alcorn St.	SWAC	3	1–2
1–1	91.7
296	108.2
221	.1293
291	41.6
309	53.5
254	17.2
144	18.7
120	35.0
74	31.5
189	39.5
159	45.8
232	43.8
258	48.5
171	23.9
302	43.9
298	27.5
267	28.5
78	63.2
228	-1.9
320
292	Colgate	Pat	1	0–1
0–0	82.8
321	97.9
81	.1271
292	42.7
295	51.1
201	20.6
256	22.2
31	17.1
324	19.2
11	37.5
188	45.5
227	48.5
151	54.5
271	20.0
316	27.3
50	31.3
210	25.0
29	68.5
55	-0.6
145
293	Southern	SWAC	3	1–2
1–1	87.8
310	104.1
153	.1244
293	45.3
255	44.6
44	14.9
70	13.9
289	30.3
162	23.3
39	36.7
198	54.1
295	46.3
204	40.7
24	28.3
264	36.4
208	25.6
295	28.0
70	66.3
115	-1.9
322
294	Drexel	CAA	1	0–1
0–0	105.1
172	124.9
324	.1210
294	51.5
107	55.8
288	10.5
7	19.8
77	20.5
307	32.4
201	32.3
250	84.6
331	46.9
188	56.1
286	43.8
31	36.4
208	24.6
304	21.2
4	77.8
1	-0.9
218
295	Ball St.	MAC	2	0–2
0–1	97.4
245	115.9
291	.1196
295	46.9
208	54.6
271	26.1
323	20.0
72	32.8
116	29.0
127	43.8
102	55.1
300	56.3
22	58.5
305	18.8
320	33.3
137	33.3
166	45.9
324	67.3
83	-1.4
281
296	McNeese St.	Slnd	3	1–2
1–1	91.8
294	109.3
235	.1191
296	40.1
322	49.4
164	14.6
64	18.6
122	35.4
67	37.1
279	47.7
63	32.0
81	38.8
314	45.1
90	28.3
264	39.3
249	34.1
145	31.5
127	67.4
78	-1.6
296
297	East Carolina	CUSA	4	1–3
0–1	102.2
198	123.4
320	.1031
297	49.3
147	64.2
325	20.6
256	21.4
52	30.1
166	32.7
211	41.5
127	30.3
64	43.8
258	61.5
321	36.8
112	45.2
307	47.5
7	41.8
302	62.8
246	-1.3
273
298	Florida A&M	MEAC	3	1–2
0–1	88.1
308	106.3
192	.1028
298	44.9
262	46.7
100	20.1
242	22.9
24	34.2
87	35.1
248	38.2
180	52.1
283	43.1
272	43.8
67	32.3
192	37.8
233	34.8
135	22.4
9	74.3
6	-1.8
318
299	Alabama St.	SWAC	5	3–2
2–0	85.3
316	103.2
144	.1008
299	42.0
301	48.9
153	17.8
169	23.2
22	28.2
201	28.7
117	38.5
173	38.2
140	43.9
256	47.4
153	25.3
294	34.5
173	30.7
227	33.2
169	67.2
85	-0.8
208
300	Abilene Christian	Slnd	1	0–1
0–1	78.9
327	96.7
67	.0883
300	44.2
275	47.3
112	30.9
331	27.8
6	37.5
41	41.2
313	21.2
320	20.0
6	42.4
280	46.5
126	31.6
205	33.3
137	36.5
104	21.8
6	61.8
274	-1.0
248
Rk	Team	Conf	G	Rec	AdjOE	AdjDE	Barthag	Efg%	EfgD%	TOR	TORD	ORB	DRB	FTR	FTRD	2P%	2P%D	3P%	3P%D	3PR	3PRD	Adj T.	WAB
301	Oakland	Horz	1	0–1
0–0	96.8
259	119.4
309	.0821
301	48.9
159	64.0
324	18.8
201	20.4
63	15.6
327	18.2
8	61.4
9	58.1
306	55.0
37	58.3
304	29.2
251	47.4
318	54.5
1	44.2
318	65.3
155	-0.8
182
302	Western Illinois	Sum	1	0–1
0–0	83.9
320	103.6
146	.0812
302	40.2
321	49.0
156	23.2
303	17.0
183	22.2
294	39.3
304	31.4
261	63.3
319	42.1
288	48.4
169	23.1
306	33.3
137	25.5
296	36.7
235	63.7
207	-0.8
186
303	UT Rio Grande Valley	WAC	2	0–2
0–1	98.6
232	122.6
318	.0755
303	51.8
97	59.3
310	12.4
24	19.7
80	18.3
316	29.6
141	37.2
192	50.0
267	50.0
112	62.3
322	37.1
106	36.6
214	31.0
216	40.2
292	66.0
128	-1.8
317
304	North Carolina A&T	MEAC	2	0–2
0–1	89.1
305	111.5
261	.0704
304	36.4
328	46.6
97	22.5
296	13.8
294	36.8
51	26.3
78	69.9
1	71.6
325	32.8
330	37.3
9	28.2
268	42.9
288	37.9
81	34.3
191	65.8
135	-1.8
311
305	Howard	MEAC	3	1–2
0–1	82.8
322	104.2
157	.0662
305	37.5
327	45.3
65	20.1
242	21.6
48	28.7
188	43.0
321	61.8
8	60.8
313	31.3
331	44.3
77	33.3
161	31.1
103	33.3
166	38.6
265	63.8
202	-1.6
289
306	Arkansas Pine Bluff	SWAC	2	1–1
1–0	85.0
317	107.2
210	.0644
306	47.7
181	45.0
56	22.7
297	26.8
7	26.8
230	38.8
300	36.4
204	37.0
131	44.8
238	44.2
73	34.9
143	31.0
101	39.1
63	35.3
215	69.7
35	-0.9
243
307	Central Connecticut	NEC	1	0–1
0–0	91.2
299	115.2
286	.0639
307	38.7
325	39.5
8	20.6
256	5.5
332	25.6
251	42.1
318	24.2
310	46.1
237	36.6
325	38.9
15	28.6
259	27.3
50	33.9
151	28.9
83	71.0
26	-0.8
179
308	SIU Edwardsville	OVC	1	0–1
0–0	93.4
282	118.1
304	.0629
308	43.8
282	65.1
326	19.3
221	28.2
5	36.8
51	31.8
195	48.2
57	58.1
306	43.6
263	67.9
331	29.4
247	40.0
260	30.4
228	34.9
203	65.8
135	-0.9
238
309	Grambling St.	SWAC	4	1–3
0–2	92.2
290	116.8
296	.0617
309	45.7
242	53.2
248	22.9
299	18.9
113	34.2
87	36.0
260	45.9
74	37.8
138	43.7
261	53.2
253	33.9
158	35.4
191	28.2
253	34.5
194	69.5
38	-2.7
331
310	Southern Utah	BSky	2	1–1
1–1	84.7
318	107.6
218	.0596
310	47.3
189	50.0
173	23.2
303	17.4
164	22.0
296	28.8
119	60.2
11	48.1
252	49.4
129	54.2
265	25.0
295	27.8
55	17.2
329	33.3
173	68.5
55	-0.9
231
311	Delaware St.	MEAC	2	0–2
0–1	93.5
280	119.6
310	.0559
311	50.0
128	54.8
273	23.6
307	18.3
133	30.8
157	34.4
241	49.0
51	45.7
230	46.6
196	54.7
273	40.0
65	36.6
214	25.5
296	39.0
269	63.1
235	-1.9
323
312	Marist	MAAC	1	0–1
0–0	88.4
306	113.5
276	.0535
312	44.7
268	61.1
314	14.5
60	23.7
19	23.7
282	16.0
5	59.6
12	82.2
330	44.1
252	65.0
329	30.4
226	20.0
6	40.4
51	11.1
1	69.6
36	-0.9
239
313	San Jose St.	MWC	3	0–3
0–2	86.2
312	111.6
263	.0485
313	41.8
304	55.0
278	19.8
233	13.7
297	31.0
148	28.6
115	21.0
322	50.9
274	42.4
280	57.9
299	27.3
277	32.7
127	43.8
17	32.7
156	65.6
144	-2.1
327
314	UC Davis	BW	2	0–2
0–2	94.9
271	123.0
319	.0482
314	41.0
318	54.4
267	15.9
102	16.7
195	24.3
272	43.3
322	26.1
304	31.0
73	38.2
318	53.9
263	31.4
210	37.5
224	31.5
203	21.2
4	63.2
228	-1.4
282
315	Longwood	BSth	1	0–1
0–0	96.7
260	125.6
326	.0475
315	46.6
216	62.7
320	11.9
14	22.2
31	14.7
329	43.3
322	27.6
291	54.9
298	48.8
144	60.5
317	26.7
281	46.2
313	25.9
292	25.5
36	67.3
83	-0.9
222
316	Houston Christian	Slnd	2	0–2
0–2	89.9
301	117.8
303	.0426
316	45.0
258	55.0
278	18.9
203	16.1
223	30.5
159	20.3
14	36.7
198	67.0
323	43.4
268	58.8
307	32.4
186	31.3
105	30.8
222	32.0
138	71.3
23	-2.0
324
317	Jackson St.	SWAC	3	0–3
0–2	89.7
303	117.8
302	.0418
317	45.0
258	47.5
117	19.3
221	15.5
248	27.4
218	30.9
176	35.9
208	50.6
271	42.5
279	46.3
121	34.0
153	33.3
137	29.4
237	33.3
173	68.3
57	-2.8
332
318	Texas St.	SB	2	0–2
0–2	82.7
323	109.6
240	.0378
318	41.6
309	45.6
68	25.7
320	14.5
275	34.3
84	41.6
315	29.7
278	20.6
10	45.8
217	44.6
85	20.7
313	32.4
122	28.7
248	27.0
57	63.1
235	-1.6
298
319	Montana St.	BSky	2	0–2
0–2	88.1
307	116.8
298	.0376
319	45.0
258	52.8
241	20.5
253	15.6
241	16.9
325	43.5
326	38.9
165	17.1
4	38.7
315	53.0
250	39.3
72	35.0
179	31.1
213	32.5
153	63.3
225	-1.7
305
320	South Carolina St.	MEAC	2	0–2
0–1	80.7
324	107.1
207	.0373
320	32.1
332	48.5
143	18.1
182	21.9
40	25.0
261	29.2
130	39.4
162	52.0
281	36.3
326	52.1
240	13.8
332	25.9
33	26.6
287	27.6
62	67.9
69	-1.8
313
321	Eastern Illinois	OVC	1	0–1
0–0	86.1
313	114.8
283	.0350
321	41.5
312	56.5
296	19.6
229	19.6
86	38.1
36	45.7
329	32.2
253	29.0
56	40.5
302	47.9
160	29.4
247	57.1
330	28.8
246	22.6
11	62.4
257	-0.9
224
322	Lafayette	Pat	1	0–1
0–0	93.1
285	125.3
325	.0316
322	42.9
291	75.0
332	25.6
319	18.1
138	27.0
227	30.0
150	12.5
329	16.1
3	37.5
321	77.1
332	33.3
161	47.6
319	42.9
25	37.5
246	66.0
128	-0.5
139
323	Cornell	Ivy	2	0–2
0–2	93.1
284	127.5
329	.0261
323	42.1
298	66.7
329	17.1
140	21.8
44	25.3
257	29.2
130	34.6
224	34.3
106	37.5
321	60.0
312	32.6
181	51.3
324	40.2
54	39.4
276	63.5
213	-1.7
308
324	Appalachian St.	SC	1	0–1
0–0	79.6
326	109.3
234	.0257
324	41.2
315	46.5
90	23.0
301	12.3
315	29.4
178	36.1
261	41.2
133	45.6
228	48.6
148	52.4
243	14.3
330	20.0
6	27.5
267	26.3
49	64.5
175	-1.0
249
325	Mississippi Valley St.	SWAC	2	0–2
0–1	87.0
311	120.8
315	.0223
325	41.3
314	55.8
288	23.9
311	21.8
44	37.6
39	33.3
219	26.5
299	65.0
320	37.7
320	48.6
175	30.9
220	48.4
321	41.7
37	30.1
105	72.9
13	-1.9
321
Rk	Team	Conf	G	Rec	AdjOE	AdjDE	Barthag	Efg%	EfgD%	TOR	TORD	ORB	DRB	FTR	FTRD	2P%	2P%D	3P%	3P%D	3PR	3PRD	Adj T.	WAB
326	UNC Greensboro	SC	1	0–1
0–0	92.7
289	130.3
331	.0195
326	46.0
235	62.0
316	11.1
9	18.0
142	21.6
299	25.0
54	33.3
236	66.0
321	51.0
90	51.6
234	16.7
327	52.6
327	19.0
326	38.0
259	73.5
9	-1.0
251
327	New Orleans	Slnd	2	0–2
0–2	89.6
304	127.5
330	.0169
327	46.1
233	52.4
234	25.0
317	16.4
207	32.4
123	43.4
325	52.9
28	37.0
131	47.9
168	58.2
302	27.6
274	25.0
22	28.4
251	28.3
76	69.1
45	-1.7
306
328	Furman	SC	1	0–1
0–0	71.7
330	105.8
184	.0112
328	40.9
319	52.8
241	25.8
321	22.8
27	13.3
330	29.6
141	40.9
139	20.4
9	48.0
167	57.1
293	21.1
311	25.0
22	43.2
21	22.2
8	65.8
135	-0.9
244
329	UMBC	AE	1	0–1
0–0	92.0
292	138.3
332	.0091
329	45.4
250	65.8
327	19.2
214	14.4
279	27.8
205	35.7
255	22.2
315	28.1
47	36.7
324	56.8
290	37.5
95	55.0
328	44.4
15	35.1
208	66.1
126	-0.8
204
330	IU Indy	Sum	1	0–1
0–0	77.7
328	116.8
297	.0090
330	44.1
276	63.1
321	24.5
314	15.3
253	15.6
327	40.0
307	11.8
330	23.0
18	48.6
148	63.6
327	21.4
309	41.2
276	27.5
267	27.9
67	64.4
178	-0.8
184
331	Maine	AE	1	0–1
0–0	69.0
332	106.7
198	.0067
331	33.6
331	46.0
74	30.1
330	20.9
59	28.2
201	41.0
312	34.5
225	46.0
236	38.9
312	48.9
183	15.8
328	25.0
22	34.5
139	25.4
34	77.0
2	-0.8
205
332	Binghamton	AE	1	0–1
0–0	69.5
331	111.5
260	.0044
332	34.7
329	62.0
316	25.9
322	16.2
215	26.3
241	12.5
2	28.6
286	41.3
179	27.6
332	60.0
312	30.0
237	42.9
288	40.8
43	45.7
322	64.6
173	-0.9
233