	
D-I Avg:	
103.7	
0.4963	Eff. FG%
49.2	Turnover%
17.8	Rebound%
30.8	FT Rate
36.2	2-Pt %
47.6	3-Pt %
34.9	3P Rate
34.2	
64.4	
Rk	Team	Conf	G	Rec	AdjOE	AdjDE	Barthag	EFG%	EFGD%	TOR	TORD	ORB	DRB	FTR	FTRD	2P%	2P%D	3P%	3P%D	3PR	3PRD	Adj T.	WAB
1	Duke
   1 seed, CHAMPS	ACC	4	3–1
2–0	130.9
3	87.4
7	.9905
1	57.6
24	48.4
135	15.1
74	20.9
62	37.8
41	32.0
192	29.9
240	27.6
66	58.3
15	47.8
167	37.5
106	33.3
116	34.6
155	27.6
49	62.7
213	+1.3
11
2	Villanova
   1 seed, R32	BE	4	4–0
1–0	130.1
4	88.4
10	.9884
2	60.5
9	43.4
34	14.6
57	21.3
57	33.1
103	34.5
243	31.4
213	25.8
46	59.5
12	45.5
114	41.1
51	26.3
30	48.0
18	34.4
167	62.8
209	+1.9
5
3	Arizona
   2 seed, Elite Eight	P12	5	5–0
2–0	121.5
17	85.6
6	.9825
3	56.3
33	43.0
26	14.0
39	19.8
86	31.7
139	20.3
21	44.8
65	28.6
74	54.6
37	39.0
15	40.5
56	36.8
205	27.6
269	24.9
22	67.3
76	+1.8
6
4	Notre Dame
   3 seed, Elite Eight	ACC	5	5–0
2–0	133.7
1	94.4
56	.9820
4	59.2
15	47.6
110	15.6
85	16.8
195	23.0
292	38.4
300	53.1
19	26.6
52	60.5
6	53.2
261	37.9
100	24.0
15	36.4
118	32.3
125	63.7
183	+3.3
1
5	Kentucky
   1 seed, Final Four	SEC	4	4–0
1–0	126.5
8	89.8
15	.9811
5	52.2
79	43.9
42	15.2
76	19.3
98	40.4
21	29.9
148	51.5
28	29.6
85	48.2
145	43.0
59	45.2
21	30.9
75	20.4
327	25.8
26	61.5
254	+1.8
7
6	Wisconsin
   1 seed, Finals	B10	5	5–0
2–0	133.0
2	94.4
55	.9810
6	57.1
28	48.1
125	12.0
14	15.1
257	34.0
88	26.1
76	22.8
308	14.8
4	53.6
51	44.9
103	41.7
45	37.8
223	39.1
77	27.4
45	57.1
327	+3.1
2
7	North Carolina
   4 seed, Sweet Sixteen	ACC	5	3–2
0–1	123.6
11	94.4
54	.9570
7	54.8
45	49.1
157	19.7
230	16.4
212	35.5
65	28.7
125	27.6
266	43.6
241	52.1
68	49.1
195	41.6
48	32.7
109	26.6
284	37.8
234	69.6
31	+1.4
9
8	Michigan	B10	3	2–1
1–0	127.6
7	97.9
97	.9545
8	58.6
16	49.7
172	11.0
9	16.0
229	17.6
323	35.1
250	11.9
332	22.2
22	54.2
42	53.7
268	44.3
27	26.1
29	36.3
120	27.5
47	61.9
242	+0.40
39
9	Butler
   6 seed, R32	BE	2	1–1
1–0	107.4
115	84.5
3	.9403
9	46.3
223	46.4
84	20.7
252	16.3
218	29.6
193	20.3
21	36.4
145	36.9
164	41.5
276	48.7
188	35.7
149	27.3
39	39.3
71	29.7
85	63.0
204	+0.36
42
10	Oklahoma
   3 seed, Sweet Sixteen	B12	3	2–1
1–0	111.2
75	87.6
9	.9399
10	43.2
282	43.7
37	14.8
65	15.3
250	36.4
55	27.4
102	30.1
236	29.7
89	41.3
279	45.0
105	31.6
209	27.3
39	31.1
222	31.4
112	63.5
186	+0.7
20
11	Kansas
   2 seed, R32	B12	4	2–2
0–1	106.3
135	84.3
2	.9347
11	44.6
263	41.5
17	21.5
270	17.1
183	31.6
141	32.1
196	49.1
38	37.0
166	45.5
214	45.1
108	27.7
271	21.0
6	22.2
318	26.4
31	67.9
59	+0.7
25
12	Gonzaga
   2 seed, Elite Eight	WCC	3	3–0
0–0	122.4
15	97.3
91	.9330
12	59.8
11	44.2
49	15.2
76	16.7
201	28.3
217	32.3
202	47.6
51	28.9
80	55.9
29	43.5
70	46.0
18	30.8
71	29.8
245	27.4
45	67.9
59	+1.0
14
13	Michigan St.
   7 seed, Final Four	B10	5	4–1
2–0	119.6
25	95.4
70	.9313
13	52.1
83	52.6
235	15.2
76	19.0
108	34.3
82	28.5
121	34.3
170	32.1
115	54.0
45	44.5
94	32.7
196	42.7
291	37.1
100	41.5
280	62.3
226	+2.1
4
14	Northern Iowa
   5 seed, R32	MVC	3	3–0
0–0	121.2
19	96.8
83	.9301
14	53.9
58	47.8
119	10.7
5	18.4
126	28.7
207	17.4
11	48.9
41	26.1
49	51.2
78	45.0
105	38.6
87	34.5
147	40.4
58	42.0
284	58.0
321	+0.7
19
15	Alabama	SEC	3	2–1
1–0	123.1
14	98.7
109	.9267
15	56.0
36	45.1
58	16.6
117	15.5
244	21.4
304	35.2
255	43.3
79	31.7
112	57.1
20	43.2
62	36.0
142	31.6
90	35.5
140	46.3
314	60.8
272	+0.16
60
16	Texas
   11 seed, R64	B12	3	2–1
1–0	116.8
34	93.7
48	.9263
16	48.2
181	46.6
86	17.2
144	13.8
286	40.8
19	27.3
98	30.1
236	20.0
10	48.5
136	40.2
18	31.7
207	44.7
305	36.8
109	23.8
16	58.1
319	+0.07
69
17	Cleveland St.	Horz	3	2–1
0–0	108.9
99	87.5
8	.9249
17	57.5
25	41.4
15	20.5
251	20.0
79	27.2
243	28.4
116	28.1
261	37.6
177	50.5
91	44.1
80	47.3
14	25.0
20	34.4
158	40.8
276	64.2
171	-0.46
117
18	South Dakota St.	Sum	4	3–1
0–0	113.1
51	91.3
30	.9215
18	51.3
99	43.2
28	14.7
62	18.0
149	30.0
180	26.8
92	34.0
176	42.7
234	44.9
222	44.9
103	40.0
62	26.8
36	42.0
44	37.3
225	67.5
70	-0.7
164
19	UCLA
   11 seed, Sweet Sixteen	P12	3	2–1
1–0	128.9
6	104.5
191	.9185
19	58.5
18	54.0
266	16.3
108	21.7
50	30.1
178	34.7
244	27.1
276	38.5
188	50.4
95	48.5
181	54.3
5	41.9
284	26.0
291	38.5
243	64.5
160	+0.14
62
20	Santa Clara	WCC	2	1–1
0–0	117.4
31	95.1
63	.9182
20	58.4
19	44.1
46	13.6
36	18.2
139	30.6
167	27.1
96	22.7
309	57.4
315	51.3
76	43.1
61	48.7
10	31.0
78	32.8
189	28.7
71	64.2
171	-0.36
105
21	Providence
   6 seed, R64	BE	4	2–2
1–1	113.6
49	92.2
34	.9165
21	44.8
256	46.7
88	16.9
130	18.4
126	37.7
43	26.1
76	40.2
107	34.3
139	42.5
264	41.4
34	33.9
177	36.5
199	27.1
275	39.9
263	64.6
153	+0.5
32
22	Virginia
   2 seed, R32	ACC	3	1–2
0–1	111.3
71	90.4
19	.9164
22	52.2
79	50.0
175	22.3
290	22.9
27	26.8
247	28.6
122	39.0
117	38.7
191	50.5
91	48.9
191	37.2
110	34.9
161	31.6
215	31.4
112	57.5
325	-0.09
81
23	Louisville
   4 seed, Elite Eight	ACC	3	1–2
1–1	110.1
92	89.5
12	.9154
23	44.8
256	53.4
253	18.7
193	19.2
104	33.0
106	25.3
58	29.3
246	37.0
166	47.8
152	51.5
241	25.5
295	38.3
231	31.1
222	32.2
124	63.1
201	+0.11
66
24	Iowa St.
   3 seed, R64	B12	4	4–0
1–0	123.2
12	100.2
129	.9152
24	52.4
76	47.4
107	10.7
5	20.0
79	25.4
264	35.7
260	33.6
182	30.8
106	49.4
119	43.5
70	39.4
76	36.3
193	31.0
224	35.2
181	64.7
149	+2.7
3
25	Cincinnati
   8 seed, R32	Amer	3	2–1
2–0	118.5
27	96.4
78	.9147
25	52.8
69	46.9
93	21.7
277	12.3
316	40.2
22	28.0
112	39.0
117	21.6
19	50.0
105	43.0
59	39.5
72	35.5
179	30.5
234	38.3
241	57.1
327	+0.06
71
Rk	Team	Conf	G	Rec	AdjOE	AdjDE	Barthag	Efg%	EfgD%	TOR	TORD	ORB	DRB	FTR	FTRD	2P%	2P%D	3P%	3P%D	3PR	3PRD	Adj T.	WAB
26	West Virginia
   5 seed, Sweet Sixteen	B12	2	1–1
1–0	129.7
5	106.7
213	.9043
26	54.8
45	60.3
323	21.2
262	19.6
91	42.2
7	32.0
192	45.7
60	46.4
270	52.5
62	58.1
312	38.6
87	42.9
292	41.9
47	36.1
205	65.8
117	+0.05
72
27	Arkansas
   5 seed, R32	SEC	5	3–2
1–1	118.9
26	97.9
96	.9034
27	47.1
209	49.5
170	17.6
155	20.3
73	38.5
35	39.2
310	37.6
134	44.2
252	48.8
130	44.3
86	28.9
255	41.3
276	30.5
234	29.2
81	67.1
80	+0.7
23
28	Florida	SEC	3	1–2
0–1	112.1
65	93.1
39	.8946
28	46.8
216	46.0
76	19.8
232	13.6
294	32.3
124	31.5
182	24.7
292	44.4
255	46.6
185	46.3
140	31.4
215	30.0
63	33.1
182	19.9
3	60.6
277	+0.29
49
29	Maryland
   4 seed, R32	B10	3	2–1
1–0	112.5
60	93.8
49	.8901
29	48.3
176	40.4
9	21.9
284	14.4
280	35.5
65	39.3
312	48.6
43	46.2
267	44.7
226	41.7
37	36.5
125	25.0
20	35.6
137	32.7
130	62.6
216	+0.6
28
30	Indiana
   10 seed, R64	B10	3	1–2
0–1	119.7
24	100.0
120	.8878
30	48.3
176	49.7
172	16.4
111	14.8
266	39.1
29	31.0
173	29.1
250	43.4
239	46.5
188	49.5
205	33.8
178	33.3
116	44.7
32	34.0
156	65.0
143	-0.6
147
31	George Washington	A10	5	4–1
2–0	111.2
74	93.1
41	.8850
31	48.9
161	44.0
43	14.4
50	17.3
173	35.0
72	30.3
159	39.9
110	37.2
171	43.8
246	40.3
19	40.5
56	35.0
164	30.2
237	30.1
94	62.1
232	-0.10
85
32	Vanderbilt	SEC	4	3–1
2–0	117.8
29	99.2
115	.8783
32	58.3
21	46.2
79	18.2
177	16.2
223	31.6
141	32.4
203	32.9
195	34.8
147	59.8
10	46.9
153	37.3
108	29.7
60	39.5
70	33.5
143	64.5
160	-0.01
79
33	Miami FL	ACC	5	4–1
2–0	117.1
32	98.8
112	.8756
33	51.0
104	53.3
247	14.1
40	16.8
195	32.9
109	24.8
55	40.2
107	30.1
96	42.6
261	53.2
261	44.8
23	35.6
181	34.0
167	36.6
211	61.6
252	+0.8
18
34	Stephen F. Austin
   12 seed, R64	Slnd	4	4–0
2–0	112.8
57	95.2
65	.8748
34	57.1
28	45.7
68	19.3
217	20.7
67	37.4
46	29.6
140	49.5
36	43.9
247	54.4
40	46.6
146	42.0
41	29.3
55	31.7
213	33.6
146	66.1
108	+0.7
21
35	Davidson
   10 seed, R64	A10	4	3–1
2–0	124.8
9	105.4
202	.8741
35	59.3
13	52.6
235	14.1
40	17.8
157	30.1
178	31.7
187	29.9
240	33.5
133	55.1
34	52.7
254	42.3
38	35.0
164	51.0
7	34.8
174	65.8
117	+0.33
46
36	Georgia St.
   14 seed, R32	SB	4	4–0
2–0	110.1
90	93.6
47	.8670
36	46.1
227	42.4
23	16.2
103	23.0
26	38.9
31	40.1
313	39.8
112	36.9
164	48.6
134	43.5
70	27.3
275	27.3
39	32.0
208	43.3
303	58.4
316	+0.8
15
37	Wyoming
   12 seed, R64	MWC	5	4–1
1–1	107.5
114	91.3
31	.8665
37	50.4
122	45.7
68	16.3
108	17.3
173	20.0
313	25.6
63	32.7
200	23.3
31	50.0
105	44.6
95	34.1
173	31.7
92	37.1
100	39.1
251	58.8
312	+0.8
17
38	Illinois St.	MVC	4	3–1
0–0	112.4
61	95.7
71	.8640
38	49.3
146	45.1
58	18.5
188	14.6
275	27.9
227	30.6
164	43.3
79	33.0
126	44.6
227	47.7
165	38.4
95	26.7
34	36.0
128	33.5
143	65.1
138	+0.7
24
39	Penn St.	B10	5	3–2
1–1	113.0
52	96.4
77	.8612
39	47.2
207	41.4
15	13.4
28	16.1
226	25.0
268	38.3
297	34.4
168	54.3
307	42.7
260	38.2
11	37.6
105	32.2
100	32.6
193	31.3
110	65.2
134	+0.6
30
40	Xavier
   6 seed, Sweet Sixteen	BE	4	3–1
1–0	110.5
82	94.4
53	.8595
40	49.0
157	51.8
217	18.8
200	18.4
126	28.8
206	25.8
69	45.0
62	45.2
261	51.1
80	52.1
249	29.5
246	34.1
138	30.2
237	41.2
278	62.9
207	+1.6
8
41	Iowa
   7 seed, R32	B10	2	1–1
1–0	106.0
138	90.8
26	.8547
41	38.9
317	45.9
74	14.2
46	18.2
139	40.7
20	15.4
7	40.2
107	38.8
192	37.7
317	38.1
9	27.5
273	40.0
260	34.2
163	35.7
194	65.1
138	-0.48
120
42	Belmont
   15 seed, R64	OVC	3	3–0
0–0	121.4
18	104.4
189	.8498
42	60.1
10	53.7
259	18.4
186	16.9
190	41.8
11	23.1
38	19.0
321	22.8
25	57.0
21	54.8
285	41.9
43	34.8
158	52.0
5	42.6
292	63.4
191	+0.7
22
43	SMU
   6 seed, R64	Amer	4	4–0
1–0	110.4
83	95.0
61	.8494
43	45.8
235	43.8
39	17.2
144	16.4
212	37.8
41	24.0
48	50.5
32	28.9
80	46.6
185	37.0
6	27.8
266	33.6
134	17.0
332	50.5
328	65.1
138	+1.3
13
44	Ohio	MAC	2	1–1
1–0	116.7
36	100.6
135	.8463
44	61.4
5	47.7
113	17.5
153	11.9
320	20.3
311	22.8
35	30.7
220	26.6
52	59.6
11	34.6
2	42.1
40	46.8
321	50.0
11	36.7
215	70.9
17	-0.7
155
45	San Diego St.
   8 seed, R32	MWC	5	4–1
2–0	103.9
163	89.6
14	.8453
45	46.4
222	43.6
36	10.9
7	19.3
98	28.3
217	26.3
82	26.2
282	25.5
41	43.6
250	37.6
8	36.1
139	38.4
232	27.0
277	30.0
91	57.4
326	+0.6
29
46	Creighton	BE	3	1–2
0–1	115.7
38	100.1
124	.8402
46	55.2
41	50.3
188	18.6
190	20.2
76	34.9
73	35.9
266	48.6
43	47.6
279	52.2
67	51.1
233	40.4
59	32.7
109	36.1
127	37.4
227	60.0
288	-0.7
165
47	Purdue
   9 seed, R64	B10	4	2–2
1–1	112.7
58	98.1
99	.8328
47	48.2
181	46.3
82	21.8
280	11.7
324	32.5
118	32.2
200	38.1
126	39.4
201	41.3
279	42.3
48	39.7
65	35.4
175	37.6
94	36.6
211	60.8
272	+0.38
41
48	Boise St.
   11 seed, R68	MWC	5	3–2
2–0	107.5
113	93.5
46	.8321
48	51.7
92	47.7
113	18.4
186	21.5
52	32.7
116	21.5
28	33.1
189	40.8
216	50.4
95	48.4
178	35.4
155	30.9
75	48.3
15	34.0
156	64.6
153	-0.5
129
49	Georgetown
   4 seed, R32	BE	3	2–1
1–0	107.9
107	93.9
51	.8311
49	47.9
185	52.7
238	17.2
144	23.6
17	28.6
208	33.3
218	60.7
8	38.1
184	47.8
152	49.0
194	32.0
205	40.4
270	35.7
133	32.0
118	62.1
232	+0.22
56
50	Wichita St.
   7 seed, Sweet Sixteen	MVC	2	1–1
0–0	106.6
128	92.9
38	.8300
50	47.2
207	44.1
46	14.5
55	25.6
7	32.3
124	35.0
248	24.1
295	34.0
135	52.7
57	40.6
23	23.5
307	36.0
189	31.5
217	26.6
36	59.5
300	-0.43
111
Rk	Team	Conf	G	Rec	AdjOE	AdjDE	Barthag	Efg%	EfgD%	TOR	TORD	ORB	DRB	FTR	FTRD	2P%	2P%D	3P%	3P%D	3PR	3PRD	Adj T.	WAB
51	Florida St.	ACC	3	2–1
1–0	103.4
170	90.2
18	.8268
51	50.4
122	45.0
57	25.8
320	20.0
79	29.1
198	32.0
192	54.6
17	31.4
110	49.4
119	43.4
68	34.9
158	32.6
108	33.1
182	28.9
77	67.9
59	+0.50
36
52	South Carolina	SEC	5	3–2
1–1	108.6
104	94.8
60	.8261
52	48.8
165	45.4
62	19.6
229	21.8
48	30.9
159	40.9
318	43.5
76	39.3
199	45.9
202	43.3
63	36.0
142	32.7
109	36.2
123	37.4
227	62.1
232	-0.10
83
53	N.C. State
   8 seed, Sweet Sixteen	ACC	3	2–1
1–0	116.8
35	102.0
156	.8251
53	48.8
165	48.5
139	13.0
22	13.0
306	33.0
106	32.1
196	32.7
200	33.3
130	48.1
147	47.9
169	33.3
181	33.3
116	35.7
133	30.4
96	61.9
242	+0.6
26
54	BYU
   11 seed, R68	WCC	4	2–2
0–0	117.8
30	102.9
163	.8247
54	54.5
49	52.7
238	17.6
155	12.1
317	27.5
237	25.9
71	43.3
79	41.4
222	47.7
155	50.0
209	45.0
22	39.7
255	34.6
155	27.9
60	73.0
7	+0.21
57
55	Utah
   5 seed, Sweet Sixteen	P12	4	2–2
1–1	114.5
43	100.2
128	.8230
55	55.5
39	50.2
186	19.3
217	14.8
266	35.7
61	23.0
37	37.8
130	35.1
149	49.2
122	46.0
133	43.2
33	39.7
255	40.3
60	31.2
108	59.4
303	-0.34
102
56	Arizona St.	P12	4	3–1
2–0	108.7
101	95.4
69	.8187
56	48.7
167	50.7
196	18.8
200	21.1
58	32.9
109	29.5
137	37.1
142	23.0
27	50.9
84	47.5
161	28.6
256	39.1
244	28.1
264	28.8
72	65.7
123	-0.31
98
57	Rhode Island	A10	4	3–1
1–0	102.6
186	90.0
17	.8186
57	47.5
196	42.8
25	17.6
155	18.7
116	26.7
249	27.5
103	47.7
49	41.7
226	44.4
232	47.5
161	37.1
111	21.4
7	27.9
265	30.4
96	70.6
21	-0.04
80
58	San Francisco	WCC	2	1–1
0–0	103.2
172	90.6
25	.8171
58	46.1
227	50.9
201	19.0
207	24.9
8	31.6
141	32.8
210	35.7
151	35.8
156	50.7
88	54.1
276	25.0
297	31.1
80	34.8
153	42.5
291	69.8
27	-0.10
84
59	Valparaiso
   13 seed, R64	Horz	2	2–0
0–0	102.0
194	89.6
13	.8166
59	42.9
285	37.5
1	14.1
40	16.7
201	30.8
163	32.4
203	40.8
102	28.8
79	42.9
254	40.5
21	28.6
256	20.0
4	35.7
133	28.8
72	58.2
318	+0.5
34
60	Akron	MAC	5	3–2
0–1	106.9
126	93.9
50	.8165
60	52.0
85	39.8
7	17.1
137	13.5
298	25.5
263	32.8
210	34.9
163	46.8
273	48.2
145	41.7
37	36.6
121	23.3
12	56.3
1	27.5
47	61.4
258	-0.7
169
61	Richmond	A10	4	3–1
2–0	107.6
111	94.7
59	.8135
61	54.3
52	45.7
68	15.7
89	21.4
55	21.2
305	32.4
203	35.7
151	28.6
74	57.2
19	46.0
133	31.0
222	30.0
63	27.6
269	31.8
116	64.5
160	-0.09
82
62	Boston College	ACC	3	2–1
1–0	114.1
45	100.6
136	.8098
62	52.9
65	47.6
110	12.8
20	14.3
283	15.6
329	35.1
250	40.9
100	26.6
52	51.1
80	48.9
191	37.1
111	28.9
54	40.3
60	24.5
19	62.6
216	+0.31
48
63	Oklahoma St.
   9 seed, R64	B12	3	1–2
1–1	120.4
23	106.2
209	.8090
63	53.1
63	48.1
125	16.5
115	16.0
229	26.0
258	38.2
294	30.2
235	50.3
299	47.0
176	44.3
86	42.4
37	38.6
235	37.1
100	27.7
55	61.0
268	-0.26
92
64	Kent St.	MAC	3	2–1
1–0	120.5
22	106.5
211	.8059
64	47.8
188	48.4
135	9.3
1	12.8
310	34.0
88	29.8
145	42.9
84	41.4
222	45.8
207	41.8
40	34.7
162	37.0
211	31.4
218	48.0
320	58.9
310	-0.5
127
65	Texas Tech	B12	2	0–2
0–1	123.2
13	109.6
247	.7942
65	58.1
22	55.9
286	19.1
210	18.2
139	33.3
96	43.6
323	29.3
246	37.6
177	47.3
169	59.7
321	60.0
1	33.3
116	25.3
299	38.6
244	60.1
284	-0.6
131
66	Oregon
   8 seed, R32	P12	4	3–1
1–0	117.0
33	104.1
182	.7917
66	50.7
117	53.3
247	16.4
111	18.3
135	24.0
280	35.1
250	33.5
183	32.2
116	50.4
95	54.1
276	34.2
170	34.6
153	35.3
143	35.7
194	67.0
84	+1.4
10
67	St. Bonaventure	A10	4	3–1
2–0	104.0
161	92.9
37	.7866
67	50.8
113	40.2
8	21.0
260	18.2
139	31.1
152	27.3
98	39.5
114	39.2
197	53.1
55	42.3
48	29.8
243	23.9
14	28.5
262	32.1
121	63.8
179	-0.17
87
68	Ohio St.
   10 seed, R32	B10	4	2–2
1–1	108.6
103	97.6
93	.7740
68	46.3
223	51.9
221	16.9
130	15.8
235	30.5
170	30.1
156	44.7
67	25.1
38	47.0
176	55.1
289	30.0
237	30.4
69	32.0
208	33.6
146	67.1
80	+0.5
35
69	Marquette	BE	4	2–2
1–1	100.3
211	90.4
20	.7689
69	47.8
188	48.9
150	23.0
297	18.2
139	33.1
103	30.8
168	38.2
124	20.4
13	44.6
227	41.3
33	34.9
158	40.2
267	40.7
56	40.0
265	61.8
246	-0.32
100
70	Colorado	P12	5	3–2
1–1	115.8
37	104.4
187	.7687
70	52.9
65	52.7
238	18.5
188	14.5
277	41.4
15	25.7
66	31.4
213	30.3
99	57.9
17	50.8
223	26.2
286	37.2
213	26.9
281	37.7
233	67.5
70	-0.5
128
71	VCU
   7 seed, R64	A10	6	5–1
1–1	107.1
121	96.5
82	.7670
71	47.3
204	53.4
253	18.3
181	21.1
58	34.1
86	27.0
95	42.6
85	35.2
150	42.9
254	52.5
252	36.1
139	36.8
205	39.3
71	34.2
163	66.2
105	+1.3
12
72	Auburn	SEC	5	3–2
0–1	107.4
116	97.0
86	.7627
72	45.4
247	51.9
221	15.9
92	22.8
29	23.2
289	26.4
85	61.5
7	58.3
316	39.4
300	51.8
244	36.2
135	34.7
156	40.4
58	30.0
91	67.4
73	+0.42
38
73	Georgia
   10 seed, R64	SEC	3	2–1
1–0	106.3
134	96.0
74	.7625
73	47.8
188	44.5
52	19.5
223	15.7
238	31.4
146	28.4
116	52.9
21	32.3
117	43.7
248	42.2
47	40.0
62	32.3
101	25.4
298	37.8
234	59.1
306	+0.36
43
74	Vermont	AE	3	2–1
0–0	111.4
69	100.7
142	.7616
74	56.2
34	44.3
50	14.6
57	18.4
126	23.4
286	28.4
116	43.8
71	33.0
126	53.7
50	45.8
123	40.7
54	27.6
46	33.3
175	33.0
135	67.3
76	-0.9
218
75	La Salle	A10	4	2–2
1–1	100.2
215	90.6
23	.7605
75	46.9
213	43.5
35	19.9
234	16.8
195	31.2
151	30.9
171	32.9
195	32.9
124	42.0
268	39.1
16	37.3
108	33.3
116	35.2
146	40.3
273	63.3
196	-0.7
154
Rk	Team	Conf	G	Rec	AdjOE	AdjDE	Barthag	Efg%	EfgD%	TOR	TORD	ORB	DRB	FTR	FTRD	2P%	2P%D	3P%	3P%D	3PR	3PRD	Adj T.	WAB
76	Loyola Chicago	MVC	3	2–1
0–0	104.6
155	94.6
58	.7596
76	56.9
31	48.9
150	20.9
258	19.3
98	17.9
320	21.5
28	37.7
132	42.6
232	54.9
35	45.8
123	40.4
59	34.8
158	34.1
166	48.9
323	63.5
186	-0.14
86
77	Old Dominion	CUSA	4	3–1
2–0	102.7
183	93.2
42	.7540
77	49.1
150	47.0
98	17.1
137	26.1
5	37.0
47	28.0
112	23.3
304	39.0
195	48.4
141	41.2
32	33.8
178	36.3
193	30.6
229	44.0
308	60.2
282	-0.7
162
78	Evansville	MVC	2	1–1
0–0	110.3
86	100.2
127	.7507
78	52.8
69	55.6
283	16.4
111	18.6
119	24.2
277	18.2
13	42.2
88	41.1
219	47.5
165	50.8
223	44.8
23	41.3
276	26.6
284	43.0
296	69.7
28	-0.6
133
79	Yale	Ivy	3	1–2
1–1	105.5
143	95.9
73	.7491
79	48.9
161	42.2
21	22.7
294	15.7
238	35.7
61	30.8
168	37.5
135	27.5
62	47.3
169	46.4
142	34.9
158	22.0
9	31.6
215	31.3
110	59.8
295	-1.0
257
80	Temple	Amer	5	4–1
2–0	110.4
84	100.5
133	.7453
80	44.7
260	46.6
86	11.1
13	16.6
208	31.6
141	33.5
225	40.4
103	31.5
111	44.5
229	45.7
120	30.0
237	32.3
101	37.7
93	31.8
116	66.0
111	+0.33
45
81	Buffalo
   12 seed, R64	MAC	3	3–0
1–0	109.7
94	100.0
122	.7432
81	48.9
161	50.0
175	14.7
62	17.5
168	34.1
86	25.2
57	50.3
34	37.1
169	44.3
234	50.5
219	39.0
81	32.8
114	32.6
193	39.4
256	71.4
12	+0.8
16
82	TCU	B12	4	1–3
0–2	114.1
46	104.1
181	.7420
82	47.5
196	53.0
242	19.1
210	16.8
195	36.8
48	35.2
255	43.4
77	48.1
283	46.5
188	48.5
181	34.0
174	46.7
319	21.5
321	21.0
6	64.4
168	-0.8
197
83	Saint Peter's	MAAC	3	2–1
0–0	98.5
236	89.9
16	.7410
83	48.9
161	38.5
4	23.5
300	21.9
41	33.7
93	32.1
196	51.5
28	40.1
210	44.8
225	38.3
13	39.5
72	25.9
26	28.4
263	38.2
239	61.0
268	-0.6
135
84	St. John's
   9 seed, R64	BE	3	1–2
1–1	107.8
108	98.5
106	.7380
84	44.8
256	50.5
193	18.7
193	15.7
238	29.1
198	38.6
304	30.5
226	37.2
171	39.3
301	49.2
197	35.8
148	35.4
175	38.5
85	35.5
188	67.8
67	-0.19
89
85	Texas A&M	SEC	3	1–2
0–1	103.2
176	94.5
57	.7328
85	54.3
52	48.1
125	21.0
260	15.9
233	22.5
293	22.7
34	32.9
195	38.4
187	56.0
27	46.2
137	34.4
166	33.3
116	40.1
62	50.9
329	65.6
126	-1.5
284
86	Baylor
   3 seed, R64	B12	3	2–1
1–0	113.9
47	104.4
190	.7312
86	51.3
99	54.2
268	20.0
235	22.6
32	33.7
93	36.5
276	49.0
39	41.3
220	54.7
36	51.0
232	30.4
231	40.0
260	37.1
100	35.5
188	63.8
179	+0.39
40
87	Murray St.	OVC	3	2–1
0–0	120.9
20	110.9
255	.7295
87	55.1
43	51.7
215	15.7
89	14.7
269	36.6
49	33.9
231	29.6
242	35.8
156	56.8
23	45.8
123	34.4
166	40.3
268	32.8
189	40.2
270	66.9
90	-0.6
139
88	James Madison	CAA	2	1–1
0–0	122.0
16	111.9
265	.7289
88	63.8
3	53.0
242	18.3
181	15.1
257	30.9
159	37.1
284	27.6
266	29.9
92	50.8
86	54.2
278	54.5
4	34.5
147	41.9
47	49.6
327	61.4
258	+0.25
54
89	Northeastern
   14 seed, R64	CAA	3	3–0
0–0	112.3
63	103.1
167	.7277
89	62.7
4	50.9
201	21.2
262	16.4
212	24.6
272	25.3
58	35.2
156	19.2
7	52.6
61	45.6
115	55.3
3	41.5
280	33.1
182	31.7
115	61.9
242	+0.5
33
90	Tulsa	Amer	5	2–3
0–2	98.5
237	90.6
24	.7225
90	44.6
263	44.6
53	18.8
200	19.5
94	34.6
77	33.7
228	23.2
305	26.1
49	38.7
308	41.7
37	37.8
102	33.0
115	33.2
178	37.3
225	61.3
263	-1.3
273
91	Princeton	Ivy	3	3–0
3–0	114.9
41	105.8
205	.7209
91	61.2
6	48.1
125	19.7
230	16.0
229	26.0
258	24.5
52	74.4
2	25.9
48	60.0
7	43.3
63	41.8
44	37.9
224	44.0
36	35.8
199	64.4
168	+0.29
50
92	California	P12	4	1–3
0–2	104.8
151	96.5
81	.7208
92	47.5
196	51.5
212	16.8
125	11.8
321	24.0
280	21.7
30	23.2
305	39.3
199	43.7
248	51.3
237	41.2
50	34.9
161	21.2
323	18.4
1	68.0
56	-0.5
125
93	Texas A&M Corpus Chris	Slnd	5	4–1
2–0	105.9
139	97.6
92	.7197
93	51.8
89	40.5
11	15.9
92	18.1
146	26.3
256	32.6
206	51.6
27	43.0
238	54.2
42	41.5
35	31.3
217	26.0
28	32.5
197	39.5
258	62.2
230	-0.6
141
94	Stanford	P12	5	2–3
0–2	113.6
48	104.7
195	.7194
94	49.4
145	56.5
296	19.4
220	17.2
178	33.1
103	30.0
151	32.5
204	31.9
114	47.0
176	48.6
184	36.4
127	47.4
326	32.5
197	35.2
181	64.3
170	-0.5
121
95	UNLV	MWC	4	2–2
1–1	111.3
73	102.6
160	.7181
95	51.7
92	43.8
39	13.5
33	17.2
178	24.6
272	32.6
206	35.1
158	30.0
94	48.7
132	38.8
14	39.7
65	36.9
210	27.9
265	30.0
91	63.1
201	-1.1
264
96	New Mexico St.
   15 seed, R64	WAC	4	4–0
2–0	106.9
125	98.7
108	.7154
96	52.9
65	42.1
19	23.6
303	22.3
35	41.1
17	32.6
206	49.2
37	30.0
94	50.3
102	40.8
28	40.9
52	30.4
69	23.5
311	27.6
49	62.4
224	+0.25
53
97	Morehead St.	OVC	3	2–1
0–0	110.1
91	101.7
153	.7135
97	52.7
72	49.1
157	13.1
24	21.9
41	27.6
235	33.7
228	43.8
71	47.8
280	50.4
95	49.1
195	38.5
91	32.7
109	30.8
228	34.2
163	68.2
52	-0.29
94
98	Wofford
   12 seed, R64	SC	3	3–0
0–0	111.3
70	103.0
164	.7111
98	55.8
37	45.5
65	16.7
123	15.0
261	30.9
159	28.7
125	55.5
14	21.7
20	55.2
30	43.4
68	38.0
99	34.1
138	36.5
116	26.5
33	59.8
295	+0.26
52
99	UC Santa Barbara	BW	5	3–2
2–0	114.4
44	105.9
207	.7067
99	50.5
119	51.3
207	14.4
50	12.6
314	29.8
188	24.5
52	42.5
86	41.7
226	49.2
122	50.6
220	35.9
147	35.2
172	28.6
259	33.6
146	65.0
143	+0.08
67
100	Manhattan
   16 seed, R68	MAAC	4	3–1
0–0	98.8
229	91.6
32	.7043
100	46.9
213	44.1
46	20.2
240	19.5
94	31.9
136	23.8
46	44.8
65	49.8
296	45.4
219	46.8
151	32.9
193	24.6
18	36.8
109	27.0
39	68.7
44	+0.45
37
Rk	Team	Conf	G	Rec	AdjOE	AdjDE	Barthag	Efg%	EfgD%	TOR	TORD	ORB	DRB	FTR	FTRD	2P%	2P%D	3P%	3P%D	3PR	3PRD	Adj T.	WAB
101	Washington	P12	3	1–2
1–1	111.5
67	103.4
169	.7043
101	52.8
69	51.8
217	17.4
151	16.3
218	28.0
222	33.0
215	21.7
313	26.7
56	41.7
272	58.9
318	48.3
11	25.9
26	36.0
128	35.2
181	62.5
221	-0.7
157
102	Dayton
   11 seed, R32	A10	5	3–2
0–1	104.6
154	97.1
88	.7024
102	48.6
171	50.8
199	17.7
161	24.1
13	21.9
300	31.6
184	41.3
95	29.3
82	50.9
84	44.4
89	29.1
252	41.6
282	32.6
193	35.7
194	61.7
250	-0.40
108
103	North Dakota St.
   15 seed, R64	Sum	3	3–0
0–0	91.8
290	85.3
5	.6998
103	46.9
213	37.7
2	14.9
68	12.8
310	20.2
312	15.5
8	51.0
31	39.0
195	50.5
91	41.8
40	26.1
289	18.2
3	32.2
203	28.6
68	64.5
160	+0.6
31
104	Coastal Carolina
   16 seed, R64	BSth	3	3–0
0–0	103.3
171	96.1
75	.6969
104	53.5
62	43.1
27	18.7
193	16.3
218	32.0
133	24.1
49	38.2
124	45.2
261	51.3
76	45.1
108	38.6
87	26.6
33	33.5
173	38.6
244	66.7
95	+0.28
51
105	Hawaii	BW	5	3–2
1–1	111.5
68	103.8
176	.6955
105	54.1
54	49.3
165	17.8
166	20.7
67	32.5
118	36.7
278	42.1
89	49.3
290	56.0
27	48.6
184	34.0
174	33.7
135	37.1
100	32.7
130	69.2
37	-0.9
225
106	UTEP	CUSA	5	3–2
2–0	110.8
78	103.1
168	.6953
106	54.4
50	47.9
120	19.5
223	18.3
135	32.2
129	35.0
248	52.1
24	29.5
84	49.4
119	44.7
97	43.4
32	36.1
190	31.7
213	34.0
156	64.1
175	-0.6
144
107	Tennessee	SEC	4	2–2
1–1	112.9
54	105.1
199	.6946
107	47.6
195	50.8
199	15.6
85	19.3
98	39.2
27	30.4
161	30.7
220	49.5
291	46.3
195	56.5
302	33.0
192	28.8
53	41.2
51	42.6
292	58.8
312	+0.00
77
108	American	Pat	3	2–1
0–0	110.6
81	103.0
165	.6943
108	60.9
7	59.4
320	14.6
57	24.1
13	16.7
326	29.6
140	33.1
189	29.7
89	54.4
40	66.7
332	48.1
12	31.4
86	36.6
114	37.0
220	60.0
288	-0.29
96
109	Rice	CUSA	4	2–2
1–1	107.6
112	100.3
131	.6923
109	54.4
50	43.7
37	20.4
245	13.6
294	29.9
182	32.1
196	29.4
245	38.0
181	50.4
95	46.6
146	39.4
76	25.0
20	45.4
28	32.1
121	65.0
143	-0.9
237
110	Lafayette
   16 seed, R64	Pat	3	3–0
0–0	123.9
10	115.6
296	.6890
110	71.0
2	51.5
212	15.2
76	14.7
269	22.4
294	33.3
218	25.9
283	28.0
69	66.3
2	44.3
86	51.7
8	43.1
296	42.0
44	35.4
185	61.8
246	+0.33
44
111	North Carolina Central	MEAC	4	2–2
1–0	109.3
95	102.0
155	.6876
111	59.3
13	47.7
113	17.9
169	19.9
84	30.8
163	25.6
63	31.9
211	36.6
161	58.5
14	41.6
36	40.5
56	39.1
244	36.3
120	35.6
191	59.8
295	-0.9
233
112	Georgia Tech	ACC	1	0–1
0–0	111.3
72	103.9
178	.6871
112	43.7
276	53.2
246	15.0
71	13.3
302	47.5
1	17.2
10	23.8
298	44.7
259	47.9
150	48.1
170	20.0
322	40.0
260	23.8
309	42.6
292	61.1
267	-0.6
152
113	Quinnipiac	MAAC	1	1–0
0–0	99.1
225	92.6
36	.6867
113	49.0
157	46.2
79	21.6
274	18.5
121	30.3
173	13.5
2	38.5
123	21.2
17	38.5
310	36.0
4	53.8
6	37.0
211	25.0
301	51.9
332	64.5
160	+0.05
73
114	Connecticut	Amer	7	3–4
0–2	105.6
140	98.9
114	.6791
114	47.1
209	43.2
28	15.7
89	17.2
178	26.3
256	37.4
287	27.1
276	29.6
85	42.0
268	42.7
55	36.4
127	29.5
58	40.9
55	28.8
72	57.6
324	-1.0
260
115	Radford	BSth	2	1–1
0–0	99.3
224	93.1
40	.6773
115	50.0
126	41.1
14	19.5
223	16.6
208	36.6
49	25.3
58	40.9
100	33.1
128	56.2
26	38.1
9	26.2
286	32.4
103	36.5
116	28.8
72	67.2
79	-0.8
205
116	Minnesota	B10	4	1–3
0–2	114.6
42	107.5
219	.6762
116	51.9
88	54.3
270	16.1
100	17.9
151	29.9
182	34.4
238	27.7
264	27.8
68	50.3
102	52.6
253	36.8
116	38.5
233	32.3
201	33.3
139	67.7
68	-1.2
268
117	Memphis	Amer	3	1–2
1–1	111.1
76	104.3
184	.6753
117	47.3
204	46.8
90	14.6
57	15.1
257	31.5
145	34.0
233	16.8
327	51.0
300	49.2
122	45.0
105	28.3
263	33.3
116	28.6
259	36.3
207	66.0
111	-0.41
110
118	Robert Morris
   16 seed, R64	NEC	4	4–0
0–0	106.6
129	100.1
126	.6728
118	54.1
54	48.4
135	16.8
125	26.1
5	30.8
163	40.1
313	42.1
89	37.2
171	50.0
105	45.9
129	41.3
49	35.0
164	33.9
168	37.2
223	66.0
111	+0.32
47
119	Mississippi St.	SEC	3	1–2
1–1	95.0
272	89.3
11	.6711
119	49.6
143	50.7
196	23.5
300	23.5
19	16.0
328	31.6
184	43.3
79	42.8
235	49.5
117	43.8
75	33.3
181	42.9
292	24.6
306	33.8
152	63.9
178	-1.1
261
120	Mercer	SC	3	2–1
0–0	102.4
187	96.4
80	.6664
120	48.6
171	41.0
13	14.2
46	18.2
139	29.0
202	36.0
269	32.8
198	33.1
128	47.7
155	41.8
40	33.3
181	26.5
32	36.2
123	38.2
239	62.8
209	-0.9
226
121	Green Bay	Horz	3	1–2
0–0	95.5
270	90.5
21	.6519
121	42.0
293	42.1
19	19.0
207	18.5
121	30.3
173	27.3
98	30.7
220	50.0
297	45.6
210	42.0
43	22.4
313	28.3
52	30.1
241	31.5
114	63.3
196	-0.37
106
122	Kansas St.	B12	2	0–2
0–1	103.9
164	98.5
107	.6472
122	39.4
313	47.7
113	18.1
174	16.4
212	41.7
14	39.1
307	29.2
249	37.3
174	41.2
283	48.1
170	18.8
326	31.0
78	14.2
334	26.4
31	62.2
230	-0.8
188
123	Houston	Amer	4	3–1
2–0	104.6
156	99.2
116	.6468
123	51.5
98	47.0
98	23.5
300	18.2
139	34.4
81	29.9
148	33.5
183	26.7
56	50.5
91	42.6
54	35.2
156	36.8
205	45.5
25	35.0
177	61.4
258	-0.29
95
124	Louisiana	SB	5	4–1
2–0	104.9
148	99.9
119	.6377
124	49.3
146	45.2
60	19.1
210	16.2
223	40.0
24	25.4
61	41.6
93	32.5
120	46.4
191	42.3
48	36.2
135	34.1
138	36.7
113	32.5
127	67.1
80	-0.32
99
125	Mississippi
   11 seed, R64	SEC	3	1–2
0–1	106.4
132	101.3
148	.6374
125	45.1
253	54.4
272	15.6
85	18.4
126	34.7
75	26.2
79	37.8
130	43.8
243	44.2
236	42.3
48	31.3
217	47.2
325	33.2
178	42.6
292	70.8
19	-1.2
269
Rk	Team	Conf	G	Rec	AdjOE	AdjDE	Barthag	Efg%	EfgD%	TOR	TORD	ORB	DRB	FTR	FTRD	2P%	2P%D	3P%	3P%D	3PR	3PRD	Adj T.	WAB
126	Nebraska	B10	3	0–3
0–2	103.2
174	98.2
102	.6373
126	37.6
323	48.7
144	15.9
92	19.5
94	38.3
38	28.4
116	41.0
99	46.4
270	37.7
317	44.2
84	25.0
297	37.5
220	27.0
277	37.1
221	64.6
153	-1.6
299
127	LSU
   9 seed, R64	SEC	3	1–2
1–1	109.1
96	104.0
180	.6346
127	49.7
140	50.0
175	20.4
245	15.0
261	35.8
59	37.4
287	47.6
51	35.5
153	44.9
222	48.4
178	39.0
81	35.5
179	35.5
140	33.3
139	64.6
153	-0.9
238
128	Colorado St.	MWC	5	3–2
2–0	105.5
142	100.7
140	.6305
128	45.8
235	49.1
157	14.2
46	16.1
226	32.3
124	25.6
63	36.1
148	30.9
107	46.5
188	44.4
89	29.6
244	39.3
248	33.1
182	32.0
118	66.6
97	+0.20
59
129	Louisiana Tech	CUSA	4	3–1
1–0	101.4
201	96.9
85	.6283
129	48.3
176	49.3
165	13.1
24	21.9
41	28.5
214	28.8
129	25.1
291	29.6
85	52.4
64	49.7
208	27.0
279	32.4
103	34.4
158	30.9
102	70.2
25	-0.6
148
130	Southern Illinois	MVC	2	1–1
0–0	88.9
307	85.1
4	.6246
130	39.0
315	43.2
28	20.4
245	20.4
71	30.3
173	21.7
30	28.0
262	46.6
272	38.5
310	44.1
80	27.3
275	27.6
46	22.0
319	33.0
135	61.5
254	-0.21
90
131	Oregon St.	P12	2	0–2
0–1	105.1
145	100.6
138	.6239
131	48.7
167	48.5
139	15.9
92	24.3
12	28.4
215	39.1
307	28.9
256	48.5
286	45.2
220	49.2
197	36.6
121	31.6
90	36.0
128	36.9
216	64.8
147	-1.4
275
132	UAB
   14 seed, R32	CUSA	5	3–2
0–2	102.8
181	98.4
105	.6226
132	49.1
150	47.7
113	19.1
210	16.9
190	33.7
93	25.7
66	29.1
250	20.9
16	46.6
185	48.1
170	36.6
121	31.2
83	29.8
245	33.0
135	62.0
237	-1.1
262
133	Saint Joseph's	A10	3	1–2
1–1	95.7
266	91.7
33	.6195
133	40.8
305	44.3
50	16.4
111	17.9
151	23.5
284	25.5
62	42.3
87	32.3
117	40.0
294	48.2
176	28.3
263	24.6
18	32.5
197	34.1
162	66.6
97	-1.0
259
134	NJIT	Ind	2	2–0
0–0	115.1
40	110.6
252	.6120
134	55.7
38	50.4
190	17.7
161	15.5
244	28.6
208	23.6
41	48.1
47	35.7
155	53.3
53	45.9
129	39.1
80	39.5
252	43.4
40	33.9
154	69.2
37	+0.03
74
135	Sam Houston St.	Slnd	5	3–2
1–1	102.7
185	98.8
110	.6101
135	43.8
272	48.1
125	18.8
200	18.8
113	34.3
82	26.2
79	56.7
12	48.5
286	42.3
266	48.1
170	30.8
224	32.1
96	38.9
78	30.7
100	67.9
59	-0.7
168
136	Bowling Green	MAC	4	2–2
0–1	118.0
28	113.6
280	.6083
136	54.1
54	50.6
195	17.1
137	13.3
302	35.8
59	32.2
200	33.2
188	33.8
134	48.1
147	47.1
156	45.5
19	37.2
213	30.0
242	40.2
270	63.4
191	-1.2
267
137	Louisiana Monroe	SB	5	3–2
1–1	96.8
253	93.4
44	.6027
137	43.3
281	41.5
17	20.1
238	15.5
244	39.1
29	26.9
93	25.5
288	28.4
71	40.3
293	39.3
17	34.2
170	29.9
62	27.0
277	38.9
248	62.0
237	-1.4
278
138	UC Irvine
   13 seed, R64	BW	5	4–1
1–1	102.8
180	99.3
117	.5987
138	47.0
211	42.4
23	13.5
33	13.5
298	28.3
217	30.9
171	46.6
54	31.2
108	46.4
191	40.6
23	32.2
200	31.4
86	32.7
191	28.9
77	61.8
246	+0.14
63
139	UNC Wilmington	CAA	3	1–2
0–0	113.0
53	109.1
240	.5982
139	52.6
73	47.2
103	13.4
28	15.9
233	24.8
270	38.5
301	30.3
230	37.6
177	47.7
155	40.3
19	44.4
25	44.7
305	25.7
294	26.0
28	68.7
44	-0.6
149
140	Iona	MAAC	4	2–2
0–0	112.8
56	109.3
242	.5909
140	50.8
113	50.2
186	17.0
135	14.6
275	31.4
146	33.1
217	37.7
132	31.7
112	47.1
173	46.7
150	37.0
113	39.0
242	44.3
34	29.7
85	70.7
20	-0.5
122
141	Weber St.	BSky	3	1–2
1–1	101.0
205	97.9
95	.5897
141	51.6
96	48.3
133	22.0
285	15.3
250	28.0
222	31.3
178	45.9
58	38.2
185	46.9
181	51.6
242	39.3
79	26.9
37	38.4
86	29.2
81	63.2
200	-1.5
286
142	Long Beach St.	BW	3	2–1
2–0	103.2
173	100.0
123	.5881
142	45.8
235	51.9
221	18.8
200	19.8
86	36.6
49	26.3
82	38.0
129	39.4
201	50.0
105	55.3
293	25.8
292	31.1
80	37.3
98	39.4
256	63.4
191	-0.47
118
143	Eastern Washington
   13 seed, R64	BSky	5	5–0
2–0	112.6
59	109.2
241	.5870
143	57.0
30	54.3
270	16.0
97	17.1
183	32.8
114	25.9
71	32.1
209	39.6
205	55.2
30	50.8
223	39.7
65	41.4
279	43.0
42	31.1
105	69.4
34	+0.6
27
144	Furman	SC	4	3–1
0–0	104.2
159	101.4
151	.5777
144	50.5
119	42.2
21	17.2
144	18.4
126	32.2
129	36.1
272	35.7
151	39.8
206	45.8
207	40.6
23	39.7
65	30.1
67	34.2
163	35.4
185	63.1
201	-0.33
101
145	Central Michigan	MAC	4	1–3
0–1	112.3
64	109.5
244	.5713
145	50.2
125	59.0
316	12.1
17	18.7
116	25.7
261	35.9
266	30.5
226	38.9
193	53.9
47	54.0
275	29.2
249	46.5
318	36.6
114	32.1
121	65.7
123	-1.0
258
146	North Florida
   16 seed, R68	ASun	3	2–1
0–0	100.2
213	98.0
98	.5627
146	48.7
167	43.3
32	20.7
252	13.8
286	32.7
116	28.6
122	48.7
42	34.4
143	51.6
71	45.8
123	29.9
242	24.5
17	42.4
43	27.2
43	66.6
97	+0.12
65
147	Portland	WCC	3	1–2
0–0	107.0
123	104.7
194	.5623
147	49.3
146	53.4
253	18.7
193	19.8
86	36.3
56	34.1
234	47.7
49	43.6
241	54.2
42	52.0
246	25.0
297	37.3
216	29.1
253	34.2
163	61.7
250	-0.00
78
148	Syracuse	ACC	1	0–1
0–1	92.5
287	90.5
22	.5622
148	36.3
328	48.4
135	17.7
161	14.7
269	31.1
152	30.0
151	29.0
255	20.6
14	34.9
326	45.9
129	26.3
285	34.6
153	30.6
229	41.3
279	68.1
54	-0.30
97
149	Eastern Michigan	MAC	5	3–2
1–0	104.5
157	102.3
159	.5615
149	45.2
250	48.0
122	13.0
22	23.3
24	36.0
58	40.2
315	30.3
230	36.6
161	46.1
199	46.1
136	29.1
252	35.8
186	35.0
150	24.5
19	64.6
153	-0.18
88
150	San Diego	WCC	1	0–1
0–0	97.7
246	95.7
72	.5580
150	34.2
332	47.7
113	15.0
71	22.5
33	44.2
4	26.9
93	15.0
329	25.6
43	34.8
328	40.6
23	21.4
318	45.5
311	23.3
314	25.6
24	54.0
333	-0.8
185
Rk	Team	Conf	G	Rec	AdjOE	AdjDE	Barthag	Efg%	EfgD%	TOR	TORD	ORB	DRB	FTR	FTRD	2P%	2P%D	3P%	3P%D	3PR	3PRD	Adj T.	WAB
151	Eastern Kentucky	OVC	2	1–1
0–0	102.7
184	100.7
141	.5561
151	57.7
23	55.2
282	16.3
108	21.1
58	9.8
332	32.8
210	23.7
299	21.7
20	61.7
4	52.4
251	36.0
142	39.5
252	51.5
6	40.6
274	60.3
281	-0.8
190
152	Siena	MAAC	2	1–1
0–0	104.7
152	102.7
161	.5554
152	51.6
96	50.0
175	14.4
50	23.2
25	40.0
24	36.1
272	11.9
332	34.7
146	53.8
48	54.8
285	30.3
234	28.2
51	26.2
290	38.6
244	59.9
293	-0.8
196
153	Hampton
   16 seed, R64	MEAC	6	5–1
0–1	101.4
202	99.5
118	.5552
153	49.7
140	46.1
77	17.3
149	19.6
91	31.1
152	30.0
151	58.0
9	44.6
256	47.6
161	45.7
120	36.2
135	31.3
85	31.3
221	28.0
61	71.3
14	-0.6
146
154	Appalachian St.	SB	2	2–0
2–0	105.5
141	103.6
172	.5516
154	53.8
59	45.4
62	19.8
232	24.4
10	24.6
272	37.8
289	33.7
180	38.0
181	52.7
57	47.4
160	36.7
120	26.7
34	47.1
19	27.8
57	64.7
149	+0.14
64
155	Middle Tennessee	CUSA	7	4–3
1–1	102.4
188	100.6
137	.5510
155	46.6
217	50.3
188	17.1
137	20.4
71	31.4
146	30.6
164	36.3
146	34.3
139	41.6
275	49.2
197	36.5
125	35.4
175	38.3
89	28.4
66	60.1
284	-0.7
158
156	UC Riverside	BW	3	0–3
0–2	94.0
278	92.5
35	.5481
156	45.7
241	44.0
43	18.0
173	16.9
190	25.0
268	28.7
125	27.4
272	49.7
295	47.5
165	45.7
120	28.6
256	27.3
39	38.4
86	36.9
216	63.8
179	-2.1
325
157	Harvard
   13 seed, R64	Ivy	3	2–1
1–1	103.7
165	102.1
157	.5458
157	45.8
235	46.9
93	16.2
103	20.8
64	35.1
71	34.4
238	31.4
213	36.1
159	47.3
169	43.3
63	28.3
263	36.2
192	29.5
248	32.6
129	58.1
319	-0.45
114
158	William & Mary	CAA	4	2–2
0–0	110.3
87	108.8
234	.5388
158	52.2
79	56.7
298	16.1
100	20.2
76	27.8
228	31.1
174	35.4
155	28.7
78	46.4
191	54.4
283	38.6
87	39.8
259	50.4
10	43.9
307	61.2
265	-0.39
107
159	Clemson	ACC	2	0–2
0–1	112.3
62	110.9
256	.5359
159	45.6
243	61.6
326	15.5
83	16.3
218	42.1
8	26.0
74	24.6
293	47.5
277	45.6
210	65.6
331	30.6
229	36.8
205	28.6
259	38.4
242	64.1
175	-0.8
206
160	St. Francis NY	NEC	4	2–2
0–0	106.2
137	104.9
197	.5332
160	47.0
211	48.3
133	18.3
181	18.0
149	42.1
8	27.9
110	37.4
138	47.8
280	48.4
141	46.6
146	29.5
246	35.1
170	33.2
178	27.8
57	65.8
117	-0.8
200
161	Washington St.	P12	3	1–2
1–1	115.4
39	114.2
285	.5296
161	50.0
126	56.5
296	12.0
14	15.5
244	20.6
309	36.7
278	30.8
219	39.4
201	49.2
122	53.7
268	34.8
161	42.6
290	26.7
283	27.6
49	64.5
160	-0.9
234
162	Canisius	MAAC	2	1–1
0–0	102.9
179	101.9
154	.5284
162	52.4
76	47.0
98	21.4
268	18.5
121	28.3
217	31.5
182	37.1
142	27.1
61	50.7
88	47.6
163	36.8
116	30.9
75	36.2
123	46.6
317	69.0
41	-0.9
213
163	Pittsburgh	ACC	4	0–4
0–2	104.0
162	103.0
166	.5273
163	47.4
202	48.8
147	17.9
169	14.3
283	29.9
182	30.3
159	30.6
224	49.5
291	50.4
95	45.3
112	27.8
266	38.9
240	34.4
158	26.5
33	62.0
237	-1.6
300
164	Albany
   14 seed, R64	AE	3	3–0
0–0	102.4
189	101.4
150	.5262
164	47.8
188	51.3
207	16.6
117	18.8
113	34.7
75	20.0
19	34.4
168	19.6
9	46.8
183	44.2
84	33.3
181	40.3
268	30.6
229	43.8
306	60.1
284	+0.21
58
165	Brown	Ivy	2	0–2
0–2	108.9
98	107.9
221	.5248
165	51.0
104	51.8
217	21.3
265	16.7
201	31.9
136	36.2
274	41.9
92	42.0
231	51.5
72	50.0
209	33.3
181	37.5
220	37.1
100	28.6
68	68.3
50	-1.3
272
166	Stony Brook	AE	4	2–2
0–0	102.0
195	101.3
147	.5179
166	44.7
260	46.4
84	16.8
125	17.2
178	36.6
49	29.4
136	40.4
103	28.0
69	41.4
278	42.4
53	34.2
170	37.3
216	33.3
175	29.8
87	66.4
101	-0.26
93
167	Penn	Ivy	3	2–1
2–1	101.1
204	100.8
143	.5062
167	52.9
65	49.0
153	19.3
217	18.8
113	17.9
320	27.3
98	41.3
95	40.0
207	46.2
197	49.3
200	44.4
25	32.5
106	32.6
193	51.3
331	63.4
191	-0.7
173
168	Gardner Webb	BSth	4	2–2
0–0	108.1
106	108.2
228	.4971
168	49.3
146	51.4
211	16.0
97	19.3
98	31.4
146	41.9
320	45.0
62	24.1
34	51.2
78	52.0
246	31.2
220	33.3
116	41.9
47	26.9
38	66.8
91	-0.45
113
169	Delaware	CAA	1	0–1
0–0	100.7
207	101.0
145	.4895
169	50.9
108	63.1
329	20.3
243	23.5
19	26.7
249	5.6
1	22.6
310	40.5
212	50.0
105	55.2
290	36.4
127	53.8
330	20.8
326	31.0
103	65.2
134	-0.7
170
170	Saint Francis	NEC	3	1–2
0–0	100.4
210	100.9
144	.4832
170	45.0
255	46.3
82	18.2
177	17.6
163	32.4
120	34.3
236	35.0
160	19.5
8	47.7
155	46.0
133	26.4
284	31.1
80	33.1
182	35.1
180	63.5
186	-0.6
138
171	Bucknell	Pat	3	1–2
0–0	111.1
77	111.8
263	.4804
171	46.5
219	50.9
201	14.1
40	9.2
331	40.2
22	21.1
25	43.8
71	38.9
193	44.1
240	51.6
242	34.5
165	32.7
109	31.4
218	28.0
61	65.8
117	-0.9
222
172	Western Kentucky	CUSA	4	2–2
1–1	95.7
265	96.4
79	.4794
172	47.9
185	46.7
88	20.8
254	20.8
64	29.7
192	33.6
226	33.0
194	28.5
73	43.8
246	45.9
129	37.7
104	32.4
103	32.1
204	31.1
105	62.9
207	-0.9
217
173	New Mexico	MWC	2	1–1
1–0	90.0
300	90.9
27	.4738
173	43.7
276	46.9
93	23.1
298	17.6
163	34.8
74	20.3
21	38.8
120	36.1
159	47.6
161	43.3
63	25.0
297	35.1
170	38.8
80	38.1
238	63.6
184	-0.7
175
174	UC Davis	BW	5	3–2
2–0	106.5
131	107.5
218	.4736
174	51.0
104	50.0
175	17.6
155	19.6
91	25.3
267	35.2
255	48.3
46	32.8
122	45.9
202	48.6
184	39.4
76	35.2
172	39.2
74	34.0
156	61.4
258	-0.36
104
175	Montana	BSky	5	3–2
1–0	105.0
147	106.1
208	.4718
175	50.0
126	48.7
144	16.1
100	16.7
201	29.0
202	28.7
125	34.5
165	40.7
215	54.0
45	47.1
156	29.2
249	34.4
144	39.7
67	35.4
185	61.3
263	-0.6
132
Rk	Team	Conf	G	Rec	AdjOE	AdjDE	Barthag	Efg%	EfgD%	TOR	TORD	ORB	DRB	FTR	FTRD	2P%	2P%D	3P%	3P%D	3PR	3PRD	Adj T.	WAB
176	Grand Canyon	WAC	2	1–1
1–0	110.3
88	111.8
262	.4602
176	49.1
150	53.0
242	13.7
37	15.2
252	19.0
315	27.5
103	45.9
58	26.3
51	56.9
22	48.7
188	23.1
310	40.5
272	35.1
147	35.6
191	70.3
23	+0.06
70
177	Oral Roberts	Sum	3	2–1
0–0	107.3
117	109.0
235	.4558
177	52.0
85	48.0
122	15.3
80	12.7
312	22.1
298	31.8
189	44.9
64	27.5
62	47.2
172	47.0
155	43.6
30	34.1
138	26.5
286	24.7
21	65.3
132	-0.8
182
178	South Dakota	Sum	2	1–1
0–0	103.6
166	105.3
200	.4547
178	50.5
119	53.7
259	14.4
50	13.6
294	20.6
309	17.1
9	62.1
6	47.2
276	52.3
66	50.9
229	31.6
209	37.7
222	36.9
107	49.1
326	68.8
43	-0.6
134
179	Toledo	MAC	3	1–2
0–1	104.9
149	106.5
212	.4547
179	44.8
256	48.1
125	21.6
274	10.3
329	41.8
11	30.8
168	39.9
110	32.8
122	44.2
236	50.4
217	31.4
215	29.4
56	20.2
328	36.0
203	67.0
84	-1.1
265
180	Southeast Missouri St.	OVC	1	0–1
0–0	109.1
97	110.9
254	.4543
180	52.2
79	50.0
175	24.3
310	11.4
326	27.6
235	26.3
82	77.8
1	48.3
285	50.0
105	44.4
89	38.5
91	46.2
314	28.9
256	22.4
11	69.2
37	-0.8
194
181	Sacramento St.	BSky	5	2–3
0–2	111.6
66	113.6
281	.4482
181	56.2
34	53.5
256	13.5
33	17.7
162	22.1
298	37.2
286	37.4
138	34.3
139	52.4
64	49.4
203	44.3
27	40.4
270	27.2
273	36.5
210	60.7
275	-2.3
329
182	New Hampshire	AE	3	1–2
0–0	104.6
153	106.7
214	.4436
182	52.1
83	52.0
227	16.6
117	15.6
242	26.7
249	23.7
43	30.7
220	48.6
289	43.9
243	54.3
280	42.6
36	32.1
96	41.0
54	37.8
234	62.4
224	-0.6
143
183	USC	P12	3	1–2
0–1	108.8
100	111.2
257	.4395
183	58.6
16	55.0
281	25.5
315	15.7
238	29.9
182	37.0
282	34.2
173	27.5
62	51.0
83	49.6
206	48.1
12	44.8
307	35.5
140	30.7
100	66.3
103	-0.46
115
184	Air Force	MWC	3	1–2
0–1	106.6
130	109.1
239	.4330
184	54.7
47	54.9
278	18.1
174	20.7
67	23.5
284	31.1
174	27.2
274	39.5
204	58.1
16	54.8
285	32.1
202	36.7
202	33.5
173	52.0
333	65.4
130	-1.1
263
185	Arkansas Pine Bluff	SWAC	1	1–0
1–0	113.2
50	115.9
300	.4326
185	73.3
1	52.5
233	27.1
324	14.9
264	34.6
77	27.8
107	22.4
311	44.1
251	58.6
13	47.8
167	58.6
2	46.2
314	50.0
11	22.0
8	67.3
76	+0.02
75
186	Rutgers	B10	2	0–2
0–1	107.2
118	109.8
249	.4320
186	52.6
73	60.4
324	20.2
240	13.4
300	32.3
124	21.0
24	19.7
317	25.2
39	54.5
38	58.5
314	31.0
222	42.0
286	24.8
303	43.5
304	67.9
59	-0.9
243
187	Northern Arizona	BSky	5	4–1
2–0	94.8
273	97.1
87	.4313
187	41.9
297	46.1
77	17.1
137	15.8
235	41.8
11	26.6
89	30.5
226	23.0
27	39.5
299	45.6
115	31.5
213	31.4
86	30.5
234	36.2
206	64.1
175	-0.5
123
188	FIU	CUSA	4	3–1
2–0	95.8
263	98.1
100	.4305
188	49.1
150	47.9
120	20.8
254	20.8
64	27.3
241	31.1
174	37.4
138	34.9
148	48.6
134	42.0
43	33.3
181	39.0
242	29.9
243	35.8
199	66.7
95	-0.35
103
189	Texas Southern
   15 seed, R64	SWAC	5	5–0
2–0	112.8
55	115.9
298	.4246
189	57.4
26	48.8
147	15.4
82	15.4
249	34.6
77	25.8
69	55.6
13	33.3
130	55.2
30	47.6
163	43.1
34	34.5
147	23.5
311	29.3
83	68.2
52	+0.16
61
190	Binghamton	AE	1	0–1
0–0	95.7
268	98.3
104	.4227
190	49.0
157	43.3
32	26.9
323	19.0
108	29.0
202	38.5
301	28.6
258	55.8
311	45.5
214	44.1
80	37.5
106	27.8
49	32.7
191	34.6
172	63.6
184	-0.7
156
191	Cal Poly	BW	2	0–2
0–1	94.6
274	97.3
89	.4210
191	41.4
299	51.8
217	10.5
4	17.5
168	26.0
258	14.9
4	18.9
322	45.8
264	44.2
236	50.8
223	23.5
307	36.4
195	30.6
229	26.5
33	58.9
310	-1.2
271
192	Georgia Southern	SB	4	2–2
1–1	88.4
309	91.0
28	.4181
192	38.9
317	43.2
28	16.5
115	22.0
40	32.0
133	34.7
244	37.5
135	30.7
104	40.4
290	44.7
97	25.0
297	26.9
37	50.0
11	33.7
150	59.1
306	-0.7
178
193	Northwestern St.	Slnd	4	2–2
1–1	110.7
79	114.0
283	.4146
193	55.5
39	51.6
214	18.2
177	17.8
157	29.6
193	46.3
328	34.3
170	32.9
124	53.2
54	47.7
165	39.6
70	41.0
275	37.1
100	28.2
64	73.2
6	-0.9
216
194	Alabama St.	SWAC	4	3–1
2–0	98.1
239	101.1
146	.4135
194	51.0
104	40.4
9	21.2
262	17.9
151	38.8
32	29.0
132	32.6
203	30.5
103	52.5
62	38.2
11	32.1
202	32.1
96	33.9
168	22.2
9	68.0
56	-0.9
209
195	Winthrop	BSth	3	2–1
0–0	102.7
182	105.9
206	.4127
195	45.7
241	48.5
139	14.8
65	17.3
173	29.6
193	33.3
218	48.5
45	46.9
274	44.2
236	42.7
55	32.2
200	37.9
224	36.2
123	40.7
275	65.0
143	-0.6
142
196	USC Upstate	ASun	3	2–1
0–0	102.3
191	105.5
203	.4113
196	50.9
108	47.5
108	18.8
200	14.5
277	34.3
82	33.9
231	25.5
288	23.0
27	49.5
117	41.1
31	35.5
154	38.0
228	37.6
94	39.9
263	61.2
265	-0.47
119
197	Cal St. Northridge	BW	2	0–2
0–1	104.8
150	108.3
229	.4071
197	47.9
185	59.3
319	24.4
312	17.9
151	35.5
65	28.0
112	51.1
30	34.0
135	49.2
122	62.5
328	30.3
234	36.6
201	35.1
147	42.3
289	61.9
242	-1.4
277
198	Monmouth	MAAC	2	1–1
0–0	100.1
216	103.5
170	.4053
198	51.8
89	56.2
291	20.0
235	22.2
36	30.4
171	30.2
158	29.5
244	23.9
32	47.7
155	44.8
101	38.3
96	45.5
311	42.0
44	48.7
322	65.3
132	-0.5
130
199	Charlotte	CUSA	3	1–2
1–1	104.2
160	107.9
220	.4010
199	48.3
176	47.3
105	21.5
270	15.6
242	37.5
45	30.1
156	47.1
53	38.5
188	47.8
152	41.0
30	33.3
181	43.8
299	20.9
325	25.7
25	68.3
50	-1.7
305
200	Hartford	AE	1	0–1
0–0	100.8
206	104.6
192	.3962
200	46.3
223	49.0
153	13.9
38	21.6
51	24.3
275	34.3
236	37.0
144	54.9
308	48.5
136	44.8
101	28.6
256	36.4
195	38.9
78	43.1
298	58.3
317	-0.8
186
Rk	Team	Conf	G	Rec	AdjOE	AdjDE	Barthag	Efg%	EfgD%	TOR	TORD	ORB	DRB	FTR	FTRD	2P%	2P%D	3P%	3P%D	3PR	3PRD	Adj T.	WAB
201	Fordham	A10	4	1–3
0–2	99.8
221	103.7
174	.3921
201	46.5
219	48.6
143	20.9
258	17.4
171	33.3
96	34.8
246	26.7
281	41.9
229	50.4
95	45.4
113	27.7
271	36.5
199	43.3
41	34.4
167	62.1
232	-1.9
321
202	Texas St.	SB	4	1–3
0–2	93.6
283	97.3
90	.3901
202	42.0
293	44.9
55	16.6
117	19.9
84	29.1
198	31.8
189	35.8
150	32.4
119	39.1
304	43.8
75	32.8
195	31.2
83	28.8
258	37.2
223	59.8
295	-2.2
328
203	Illinois	B10	4	1–3
1–1	100.4
209	104.4
188	.3889
203	40.5
307	54.4
272	16.6
117	19.4
97	34.0
88	26.5
86	32.3
207	29.6
85	40.6
288	52.9
256	26.8
282	38.2
230	31.4
218	33.0
135	65.2
134	-0.7
161
204	Massachusetts	A10	3	0–3
0–2	105.2
144	109.5
246	.3845
204	43.1
283	54.8
277	20.1
238	12.9
309	37.7
43	25.0
56	30.3
230	43.9
247	47.6
161	48.1
170	21.6
317	45.3
310	29.1
253	33.8
152	66.5
100	-1.9
316
205	Illinois Chicago	Horz	2	1–1
0–0	101.4
199	105.7
204	.3840
205	46.0
231	52.2
230	14.9
68	17.2
178	27.7
232	29.9
148	53.0
20	28.6
74	44.9
222	46.5
144	32.3
199	41.5
280	31.0
224	36.6
211	62.6
216	-0.46
116
206	Western Carolina	SC	2	1–1
0–0	91.4
293	95.3
67	.3822
206	39.8
310	48.5
139	18.7
193	22.1
37	29.5
196	21.4
26	23.5
301	51.0
300	36.7
320	45.6
115	32.4
197	34.9
161	25.8
293	43.0
296	68.0
56	-0.6
136
207	Seattle	WAC	5	3–2
0–1	100.3
212	104.7
193	.3804
207	53.7
61	45.8
72	25.5
315	15.8
235	32.1
132	22.9
36	49.8
35	55.0
309	51.1
80	42.1
46	38.8
84	34.4
144	36.9
107	39.1
251	62.6
216	-1.5
281
208	Pepperdine	WCC	3	1–2
0–0	92.6
286	96.8
84	.3746
208	42.3
289	49.1
157	17.5
153	20.3
73	23.2
289	38.8
305	25.8
284	22.8
25	39.7
297	45.2
110	33.3
181	38.5
233	25.2
300	31.1
105	62.0
237	+0.08
68
209	South Florida	Amer	3	1–2
1–1	100.4
208	105.0
198	.3741
209	48.1
184	49.0
153	16.9
130	20.3
73	29.8
188	34.4
238	26.9
278	34.2
138	47.9
150	47.3
159	32.4
197	34.5
147	23.7
310	38.9
248	60.4
280	-1.4
279
210	Seton Hall	BE	3	0–3
0–2	107.1
120	112.1
269	.3725
210	50.9
108	57.8
307	18.7
193	16.6
208	24.2
277	32.6
206	27.5
268	58.5
317	48.5
136	52.0
246	36.8
116	46.8
321	35.6
137	32.0
118	64.2
171	-1.5
285
211	Sacred Heart	NEC	1	0–1
0–0	110.2
89	115.4
295	.3714
211	50.0
126	47.2
103	14.5
55	14.5
277	34.2
85	44.4
326	34.3
170	40.8
216	62.2
3	44.4
89	23.3
309	34.6
153	44.8
31	36.6
211	62.1
232	-0.8
204
212	Southern Miss	CUSA	1	0–1
0–1	100.0
218	104.7
196	.3702
212	50.0
126	49.2
162	32.3
334	13.8
286	43.8
5	35.1
250	14.5
330	24.6
36	48.8
130	63.6
330	35.7
149	21.4
7	25.5
296	45.9
313	62.3
226	-0.5
126
213	High Point	BSth	2	1–1
0–0	95.9
259	100.7
139	.3638
213	45.9
232	45.9
74	19.0
207	19.8
86	35.7
61	38.5
301	44.5
68	34.4
143	43.6
250	50.6
220	34.4
166	24.4
16	29.1
253	33.6
146	63.0
204	-0.9
228
214	Lamar	Slnd	1	0–1
0–1	90.7
297	95.2
64	.3624
214	44.7
260	46.9
93	27.9
328	23.7
16	21.9
300	26.5
86	55.3
15	61.2
321	44.1
240	44.0
78	30.8
224	33.3
116	27.7
267	49.0
324	71.8
10	-0.8
193
215	Virginia Tech	ACC	3	1–2
0–1	106.3
133	111.8
261	.3605
215	50.3
124	53.9
264	13.4
28	13.4
300	21.5
303	30.7
166	24.1
295	31.3
109	49.6
115	44.7
97	34.7
162	46.0
313	30.2
237	38.0
237	62.5
221	-0.9
211
216	Idaho St.	BSky	2	1–1
1–1	103.4
169	108.7
231	.3600
216	54.0
57	49.2
162	14.4
50	18.9
111	31.0
155	44.7
327	43.8
71	36.7
163	48.1
147	46.8
151	45.5
19	34.5
147	29.5
248	48.3
321	62.8
209	-0.8
198
217	Utah St.	MWC	3	0–3
0–2	106.8
127	112.5
274	.3540
217	50.9
108	52.6
235	17.1
137	11.8
321	23.7
282	31.3
178	23.4
302	24.4
35	48.3
144	59.8
322	36.2
135	25.4
25	43.7
39	33.5
143	65.4
130	-2.1
324
218	East Carolina	Amer	4	1–3
0–2	106.2
136	111.9
266	.3537
218	51.1
102	53.8
262	17.6
155	18.4
126	28.6
208	41.3
319	21.5
314	26.6
52	45.6
210	51.3
237	38.8
84	38.8
239	43.9
38	35.9
201	62.0
237	-1.8
314
219	IU Indy	Sum	1	0–1
0–0	93.7
280	98.9
113	.3504
219	39.0
315	48.8
147	12.2
18	24.4
10	40.0
24	32.0
192	23.7
299	56.1
313	40.0
294	45.2
110	22.2
314	40.0
260	15.3
333	24.4
18	56.5
331	-0.9
219
220	UNC Greensboro	SC	2	1–1
0–0	104.3
158	110.3
251	.3460
220	46.5
219	53.1
245	12.8
20	16.0
229	32.9
109	28.3
115	38.1
126	56.3
314	47.0
176	50.8
223	30.0
237	38.7
236	26.5
286	32.3
125	63.5
186	-0.6
151
221	Tulane	Amer	3	1–2
1–1	103.4
167	109.4
243	.3449
221	49.1
150	53.3
247	15.1
74	20.0
79	30.6
167	23.8
46	27.4
272	44.2
252	48.5
136	53.9
274	33.3
181	34.7
156	41.1
52	35.5
188	59.5
300	-1.6
296
222	Duquesne	A10	4	2–2
1–1	107.1
122	113.2
278	.3446
222	51.1
102	53.3
247	15.5
83	13.2
305	28.0
222	34.4
238	29.1
250	15.1
5	44.5
229	48.3
177	42.0
41	39.7
255	35.7
133	44.8
310	64.7
149	-0.9
249
223	Chicago St.	WAC	2	0–2
0–1	86.0
314	91.1
29	.3406
223	42.6
287	50.7
196	25.5
315	35.3
1	32.9
109	42.2
322	25.7
286	76.4
332	40.0
294	50.9
229	30.4
231	33.3
116	45.5
25	20.8
4	62.5
221	-1.5
280
224	Norfolk St.	MEAC	4	2–2
1–0	110.6
80	117.2
307	.3393
224	55.0
44	50.0
175	15.3
80	16.1
226	31.9
136	27.8
107	42.0
91	41.4
222	53.5
52	49.6
206	39.6
70	33.7
135	25.0
301	42.4
290	61.8
246	-0.7
176
225	Portland St.	BSky	3	1–2
1–1	95.6
269	101.4
149	.3388
225	45.8
235	43.8
39	16.2
103	18.7
116	30.8
163	36.5
276	28.7
257	40.0
207	42.0
268	42.3
48	35.6
153	31.9
94	33.1
182	27.6
49	65.5
129	-1.5
288
Rk	Team	Conf	G	Rec	AdjOE	AdjDE	Barthag	Efg%	EfgD%	TOR	TORD	ORB	DRB	FTR	FTRD	2P%	2P%D	3P%	3P%D	3PR	3PRD	Adj T.	WAB
226	Maryland Eastern Shore	MEAC	3	1–2
1–0	101.9
196	108.1
225	.3380
226	50.8
113	47.3
105	23.9
306	17.8
157	42.0
10	34.2
235	36.1
148	53.8
304	46.9
181	43.9
77	40.4
59	36.4
195	28.9
256	32.5
127	70.3
23	-0.9
236
227	George Mason	A10	3	0–3
0–2	102.3
192	108.8
232	.3298
227	50.0
126	49.4
168	25.6
318	16.9
190	33.0
106	38.3
297	27.2
274	45.8
264	47.1
173	50.0
209	37.8
102	32.1
96	30.6
229	34.2
163	60.9
271	-1.9
322
228	South Alabama	SB	4	3–1
2–0	102.0
193	108.8
233	.3230
228	50.0
126	47.5
108	18.7
193	11.6
325	32.4
120	31.3
178	38.7
122	20.1
12	51.8
70	45.6
115	31.5
213	34.5
147	38.7
82	30.1
94	71.4
12	-0.6
140
229	Hofstra	CAA	3	0–3
0–0	110.3
85	117.8
311	.3206
229	51.3
99	63.8
331	13.3
26	18.4
126	31.7
139	25.9
71	38.9
119	63.8
324	60.0
7	62.4
327	28.6
256	44.1
302	50.8
8	38.8
247	67.4
73	-1.6
301
230	Bradley	MVC	2	1–1
0–0	89.2
306	95.3
68	.3164
230	39.6
311	52.2
230	17.6
155	18.5
121	26.8
247	27.8
107	27.7
264	40.4
211	35.5
324	46.6
146	30.8
224	41.9
284	38.6
84	34.8
174	59.2
305	-0.21
91
231	Eastern Illinois	OVC	3	2–1
0–0	109.9
93	117.6
309	.3145
231	58.4
19	57.0
301	16.6
117	15.2
252	20.7
308	31.4
181	33.7
180	29.4
83	52.7
57	55.6
295	43.8
29	39.2
246	44.0
36	42.2
286	67.9
59	-0.6
137
232	Western Michigan	MAC	4	2–2
1–0	97.4
250	104.3
186	.3120
232	44.6
263	53.7
259	16.8
125	16.8
195	27.7
232	24.1
49	41.6
93	30.3
99	41.7
272	53.8
271	32.9
193	35.6
181	38.3
89	46.3
314	66.2
105	-0.44
112
233	Rider	MAAC	2	0–2
0–0	93.0
284	100.0
121	.3017
233	45.4
247	51.9
221	21.5
270	21.5
52	27.4
239	15.1
5	32.4
205	75.0
329	39.1
304	44.0
78	36.4
127	43.3
297	40.7
56	37.5
229	69.5
32	-0.9
220
234	Longwood	BSth	3	2–1
0–0	90.7
296	97.8
94	.2983
234	46.6
217	45.5
65	20.0
235	23.5
19	24.8
270	33.3
218	35.6
154	45.8
264	39.2
303	40.9
29	39.7
65	34.3
142	36.3
120	43.2
302	67.0
84	-0.7
160
235	Fresno St.	MWC	3	1–2
1–1	92.8
285	100.3
130	.2921
235	47.7
193	50.9
201	19.5
223	14.8
266	21.1
306	27.6
105	32.7
200	41.4
222	41.3
279	51.1
233	40.8
53	33.8
137	32.0
208	42.0
284	66.1
108	-0.9
227
236	Troy	SB	1	0–1
0–1	120.9
21	130.7
332	.2895
236	59.7
12	56.9
300	10.9
7	17.6
163	27.3
241	50.0
331	25.4
290	40.0
207	56.8
23	55.9
299	43.5
31	38.7
236	34.3
162	47.7
319	69.5
32	-0.9
223
237	Utah Valley	WAC	2	1–1
1–0	97.5
248	105.4
201	.2887
237	50.0
126	45.8
72	22.1
287	14.4
280	27.0
245	29.0
132	46.6
54	55.8
311	35.0
325	44.1
80	41.7
45	33.3
116	54.5
3	28.4
66	62.7
213	-0.9
214
238	DePaul	BE	2	0–2
0–1	95.8
264	103.6
173	.2873
238	42.0
293	46.2
79	18.6
190	13.0
306	32.9
109	38.2
294	18.5
324	53.8
304	44.3
234	46.2
137	25.0
297	30.8
71	33.6
171	37.5
229	63.0
204	-1.2
266
239	Ball St.	MAC	2	0–2
0–1	107.7
109	116.6
302	.2856
239	52.4
76	54.0
266	16.9
130	18.3
135	19.0
315	38.3
297	39.6
113	68.3
327	60.0
7	52.1
249	29.4
248	39.3
248	48.1
16	27.7
55	65.8
117	-1.5
289
240	Saint Mary's	WCC	2	0–2
0–0	97.8
242	106.4
210	.2767
240	37.3
325	53.3
247	17.9
169	13.8
286	39.2
27	31.7
187	43.4
77	43.8
243	44.4
232	57.9
310	14.7
331	27.6
46	32.1
204	27.6
49	62.3
226	-0.7
179
241	Northwestern	B10	2	0–2
0–1	95.5
271	103.8
177	.2765
241	48.3
176	49.2
162	20.2
240	11.8
321	11.3
331	44.2
325	34.1
174	20.8
15	41.1
284	48.5
181	40.6
55	33.3
116	36.4
118	45.6
312	58.6
314	-0.7
163
242	New Orleans	Slnd	4	2–2
1–1	98.1
238	106.7
215	.2756
242	49.1
150	53.9
264	21.8
280	22.5
33	34.0
88	28.8
129	41.3
95	45.2
261	45.9
202	51.4
239	38.5
91	39.4
251	27.7
267	32.7
130	70.6
21	-1.6
302
243	Dartmouth	Ivy	3	2–1
2–0	99.4
222	108.2
227	.2749
243	47.5
196	56.3
294	17.2
144	21.1
58	29.1
198	30.7
166	31.1
217	44.7
259	51.4
74	57.6
309	27.5
273	35.8
186	38.3
89	34.9
176	68.1
54	+0.24
55
244	UNC Asheville	BSth	2	1–1
0–0	95.7
267	104.2
183	.2736
244	49.5
144	48.7
144	26.7
322	21.8
48	32.8
114	33.8
230	46.1
56	34.5
145	47.0
176	46.3
140	36.1
139	36.1
190	35.3
143	31.0
103	70.9
17	-0.6
153
245	Elon	CAA	2	1–1
0–0	98.8
230	108.0
223	.2649
245	48.7
167	53.5
256	14.1
40	21.9
41	28.0
222	35.1
250	23.9
297	44.0
249	41.5
276	56.7
303	38.5
91	32.5
106	44.4
33	40.0
265	62.6
216	-0.7
159
246	Missouri	SEC	2	0–2
0–1	87.9
310	96.1
76	.2629
246	37.5
324	48.9
150	24.2
309	19.2
104	35.6
64	19.3
17	35.0
160	43.8
243	35.8
323	45.8
123	27.3
275	36.7
202	33.0
188	33.7
150	60.2
282	-1.2
270
247	Northern Colorado	BSky	2	1–1
1–0	102.3
190	112.0
267	.2609
247	45.6
243	47.0
98	17.0
135	13.0
306	38.5
35	32.9
214	33.3
185	25.4
40	45.9
202	46.5
144	30.0
237	31.9
94	35.1
147	39.8
262	60.0
288	-0.8
201
248	Cal St. Bakersfield	WAC	3	1–2
0–1	98.7
231	108.6
230	.2504
248	44.4
267	49.3
165	15.0
71	21.4
55	29.8
188	31.9
191	47.9
48	37.4
176	43.4
252	42.0
43	31.6
209	39.7
255	26.4
288	41.7
281	59.5
300	-1.6
295
249	Little Rock	SB	2	0–2
0–1	89.7
303	98.8
111	.2482
249	42.8
286	46.8
90	9.6
2	22.1
37	17.7
322	32.8
210	19.2
320	37.0
166	40.8
285	44.4
89	30.6
229	33.3
116	39.2
74	41.7
281	63.3
196	-1.6
291
250	Holy Cross	Pat	1	0–1
0–0	107.0
124	117.9
312	.2471
250	50.0
126	51.9
221	13.3
26	14.7
269	26.5
253	36.7
278	26.9
278	75.9
330	52.7
57	53.7
268	25.0
297	30.8
71	17.9
330	24.1
17	66.8
91	-0.8
191
Rk	Team	Conf	G	Rec	AdjOE	AdjDE	Barthag	Efg%	EfgD%	TOR	TORD	ORB	DRB	FTR	FTRD	2P%	2P%D	3P%	3P%D	3PR	3PRD	Adj T.	WAB
251	Cal St. Fullerton	BW	2	0–2
0–2	101.4
200	111.9
264	.2439
251	44.3
268	57.4
304	20.3
243	17.4
171	34.6
77	29.5
137	30.3
230	59.4
319	40.4
290	60.7
324	36.4
127	35.0
164	27.0
277	39.6
260	66.8
91	-1.3
274
252	UT Arlington	SB	3	0–3
0–2	97.8
243	108.1
226	.2406
252	47.5
196	48.0
122	28.3
332	17.1
183	35.4
68	33.6
226	33.1
189	40.5
212	53.1
55	53.0
258	25.8
292	27.4
45	38.8
80	42.2
286	69.7
28	-2.5
330
253	Charleston Southern	BSth	2	0–2
0–0	93.7
281	103.9
179	.2328
253	45.2
250	45.5
65	21.7
277	14.7
269	26.7
249	31.6
184	30.5
226	25.6
43	39.6
298	48.1
170	33.3
181	27.3
39	54.3
4	36.4
208	65.6
126	-1.0
254
254	Columbia	Ivy	2	0–2
0–2	103.4
168	114.8
290	.2307
254	47.7
193	57.7
305	17.4
151	14.9
264	33.3
96	18.8
16	27.5
268	67.9
326	40.7
286	57.1
306	36.4
127	39.3
248	50.5
9	33.3
139	60.7
275	-1.6
292
255	Delaware St.	MEAC	6	4–2
1–0	100.2
214	111.3
258	.2305
255	50.0
126	51.1
206	17.9
169	16.7
201	27.4
239	27.7
106	40.4
103	25.8
46	47.1
173	50.9
229	36.8
116	34.3
142	35.8
132	39.3
255	66.4
101	-0.5
124
256	LIU	NEC	1	0–1
0–0	107.6
110	119.6
317	.2299
256	52.0
85	49.1
157	22.6
293	12.1
317	31.0
155	35.3
258	46.0
57	66.0
325	45.9
202	48.6
184	46.2
16	33.3
116	26.0
291	34.0
156	66.2
105	-0.8
183
257	Lehigh	Pat	1	0–1
0–0	98.1
240	109.1
238	.2276
257	57.3
27	54.9
278	22.1
287	11.1
327	19.2
314	13.8
3	33.3
185	33.3
130	67.6
1	55.2
290	21.4
318	36.4
195	29.2
252	43.1
298	72.0
9	-0.9
248
258	Southern	SWAC	5	3–2
1–1	93.8
279	104.3
185	.2275
258	45.8
235	45.4
62	16.9
130	19.2
104	27.8
228	34.9
247	52.7
22	49.5
291	42.8
259	45.8
123	37.9
100	29.5
58	21.2
323	27.8
57	69.1
40	-1.5
287
259	Drake	MVC	1	0–1
0–0	89.9
302	100.1
125	.2251
259	40.7
306	39.3
6	22.5
292	13.8
286	22.2
295	30.0
151	37.2
141	23.2
30	43.3
253	36.1
5	23.1
310	30.0
63	30.2
237	35.7
194	53.5
334	-0.9
241
260	Nicholls St.	Slnd	3	2–1
2–0	98.7
232	110.0
250	.2229
260	60.9
7	45.2
60	26.0
321	16.7
201	27.7
232	28.8
129	62.8
5	50.0
297	50.0
105	45.6
115	52.9
7	29.4
56	37.2
99	29.0
79	68.5
46	-0.9
212
261	UTSA	CUSA	3	1–2
1–1	97.7
244	109.0
236	.2217
261	43.8
272	52.5
233	14.3
49	17.9
151	31.0
155	26.0
74	32.0
210	30.4
101	43.9
243	48.9
191	29.1
252	38.0
228	30.9
227	44.1
309	65.8
117	-1.8
309
262	Pacific	WCC	1	0–1
0–0	91.5
292	102.1
158	.2207
262	42.2
291	52.0
227	29.0
333	19.3
98	38.2
39	30.0
151	27.5
268	36.0
158	40.7
286	62.5
328	29.2
249	22.2
10	47.1
19	36.0
203	61.0
268	-0.8
181
263	Wake Forest	ACC	3	0–3
0–2	99.0
226	110.6
253	.2176
263	48.5
174	61.7
327	19.5
223	12.7
312	24.3
275	27.1
96	25.6
287	28.6
74	49.1
128	57.3
307	31.7
207	46.2
314	34.9
152	37.1
221	68.4
48	-1.4
276
264	Southern Utah	BSky	2	1–1
1–1	103.2
175	115.3
294	.2172
264	53.0
64	51.9
221	16.2
103	10.8
328	25.4
264	29.7
142	52.5
23	52.8
303	49.2
122	51.8
244	39.5
72	34.8
158	38.4
86	21.3
7	65.1
138	-0.9
231
265	Chattanooga	SC	1	0–1
0–0	108.7
102	121.7
323	.2151
265	49.1
150	50.0
175	18.8
200	17.1
183	45.7
3	36.0
269	34.5
165	76.2
331	43.9
243	42.9
57	42.9
35	42.9
292	25.5
296	33.3
139	60.6
277	-0.9
252
266	Colgate	Pat	2	1–1
0–0	108.3
105	121.3
322	.2145
266	53.8
59	58.6
313	17.7
161	15.2
252	34.0
88	23.2
39	50.5
32	46.2
267	61.4
5	56.7
303	27.8
266	42.3
289	38.7
82	28.0
61	64.8
147	-0.9
230
267	Bryant	NEC	2	1–1
0–0	98.6
235	111.5
259	.1967
267	47.8
188	50.4
190	21.8
280	18.1
146	38.7
33	35.7
260	36.2
147	26.8
58	42.9
254	58.6
316	37.0
113	26.4
31	39.7
67	43.1
298	59.0
309	-0.7
172
268	Florida Gulf Coast	ASun	2	0–2
0–0	100.0
217	113.2
277	.1943
268	47.5
196	53.8
262	11.0
9	16.5
211	29.5
196	23.7
43	27.5
268	32.7
121	45.2
220	53.8
271	34.0
174	35.9
188	39.2
74	37.5
229	65.1
138	-0.9
240
269	Houston Christian	Slnd	2	1–1
1–1	99.9
219	113.1
276	.1935
269	46.1
227	52.2
230	19.2
215	17.8
157	36.3
56	35.7
260	33.1
189	51.7
302	40.4
290	53.2
261	39.5
72	31.8
93	29.9
243	19.0
2	67.9
59	-0.7
177
270	Incarnate Word	Slnd	3	1–2
1–1	90.5
298	102.8
162	.1877
270	48.6
171	46.8
90	21.3
265	17.6
163	30.9
159	29.3
135	31.6
212	27.0
60	49.6
115	43.5
70	30.8
224	37.3
216	29.4
251	27.0
39	67.0
84	-0.9
245
271	Denver	Sum	1	0–1
0–0	82.2
324	93.5
45	.1856
271	36.7
326	44.0
43	17.1
137	12.5
315	8.8
333	15.2
6	53.3
18	95.2
334	50.0
105	54.8
285	6.7
334	9.1
1	33.3
175	26.2
30	67.9
59	-0.8
203
272	Marshall	CUSA	3	0–3
0–2	83.5
321	95.3
66	.1799
272	42.3
289	45.7
68	27.1
324	19.0
108	29.8
188	38.1
292	24.3
294	29.9
92	42.6
261	46.2
137	27.8
266	29.8
61	32.0
208	30.5
98	70.0
26	-2.0
323
273	Navy	Pat	1	0–1
0–0	98.9
227	113.1
275	.1768
273	49.0
157	58.8
315	18.1
174	16.4
212	30.3
173	26.1
76	41.2
98	82.5
333	51.4
74	61.5
326	28.6
256	35.7
184	27.5
271	35.0
177	64.6
153	-0.7
180
274	North Dakota	BSky	1	0–1
0–1	95.8
261	109.5
245	.1766
274	50.0
126	55.7
284	11.0
9	21.9
41	27.5
237	38.2
294	28.3
260	37.7
180	54.5
38	54.3
280	29.6
244	38.9
240	45.0
30	34.0
156	65.2
134	-0.9
210
275	Drexel	CAA	1	0–1
0–0	94.4
277	107.9
222	.1759
275	46.1
227	39.2
5	22.3
290	16.8
195	28.6
208	42.1
321	55.3
15	47.1
275	41.7
272	35.9
3	35.7
149	33.3
116	36.8
109	23.5
15	56.7
330	-0.9
250
Rk	Team	Conf	G	Rec	AdjOE	AdjDE	Barthag	Efg%	EfgD%	TOR	TORD	ORB	DRB	FTR	FTRD	2P%	2P%D	3P%	3P%D	3PR	3PRD	Adj T.	WAB
276	Oakland	Horz	2	0–2
0–0	103.1
177	117.9
313	.1751
276	51.8
89	57.8
307	14.9
68	15.5
244	28.4
215	22.6
32	21.2
315	40.9
218	52.1
68	53.8
271	34.4
166	42.0
286	46.7
21	43.5
304	74.8
3	-0.9
251
277	Presbyterian	BSth	1	0–1
0–0	90.0
301	103.6
171	.1650
277	42.0
293	48.1
125	22.9
296	22.9
27	35.3
70	29.7
142	52.0
26	34.0
135	30.0
333	37.5
7	40.0
62	42.9
292	40.0
63	39.6
260	63.5
186	-1.0
254
278	South Carolina St.	MEAC	3	1–2
0–1	101.6
198	117.1
306	.1639
278	51.7
92	58.1
309	20.4
245	15.2
252	32.2
129	26.6
89	32.2
208	37.3
174	46.3
195	59.3
320	41.7
45	37.3
216	33.6
171	35.9
201	59.3
304	-1.8
311
279	Idaho	BSky	3	0–3
0–2	101.1
203	116.6
303	.1619
279	50.9
108	56.0
288	18.6
190	17.1
183	31.3
150	33.0
215	43.0
83	41.3
220	47.6
161	54.3
280	38.2
97	38.7
236	34.8
153	44.9
311	66.1
108	-2.5
331
280	Towson	CAA	1	0–1
0–0	102.9
178	118.7
314	.1618
280	44.6
263	53.3
247	24.3
310	9.1
332	46.9
2	23.7
43	39.3
115	21.3
18	48.9
129	40.6
23	18.2
327	44.8
307	19.6
329	47.5
318	55.4
332	-0.9
246
281	East Tennessee St.	SC	1	0–1
0–0	72.6
331	84.2
1	.1530
281	38.7
319	38.4
3	23.3
299	20.9
62	22.2
295	24.5
52	30.6
224	27.5
62	38.7
308	32.7
1	25.8
292	35.0
164	50.0
11	29.0
79	71.1
15	-0.9
224
282	Tennessee Martin	OVC	1	0–1
0–0	96.7
255	112.5
273	.1501
282	45.4
247	57.7
305	23.6
303	16.2
223	27.8
228	21.4
26	35.2
156	38.5
188	37.9
314	60.0
323	36.0
142	35.3
174	46.3
23	32.7
130	67.0
84	-0.8
194
283	Saint Louis	A10	3	0–3
0–2	81.5
326	95.1
62	.1444
283	37.7
322	51.3
207	19.1
210	20.7
67	28.0
222	26.7
91	23.4
302	38.3
186	36.1
322	54.5
284	27.0
279	30.2
68	36.8
109	34.4
167	64.5
160	-2.1
326
284	UMKC	WAC	3	1–2
0–1	96.8
252	113.5
279	.1383
284	42.5
288	48.2
132	14.6
57	21.9
41	33.3
96	35.8
265	38.1
126	47.5
277	44.0
242	49.4
203	26.7
283	30.8
71	37.5
96	36.9
216	60.5
279	-1.8
313
285	Jackson St.	SWAC	3	1–2
1–1	83.6
320	98.3
103	.1352
285	41.1
301	49.0
153	22.2
289	26.9
4	41.1
17	23.6
41	28.6
258	29.7
89	44.5
229	43.7
74	21.3
320	37.9
224	26.9
281	40.0
265	62.7
213	-1.9
318
286	Prairie View A&M	SWAC	4	2–2
1–1	98.7
234	116.0
301	.1347
286	50.6
118	47.1
102	18.3
181	17.9
151	29.9
182	39.2
310	31.0
218	42.9
236	50.6
90	44.7
97	33.8
178	36.8
205	27.2
273	23.3
14	71.1
15	-1.8
310
287	Bethune Cookman	MEAC	2	1–1
1–0	96.8
254	114.0
282	.1323
287	55.2
41	49.5
170	21.8
280	18.6
119	28.6
208	29.5
137	35.1
158	38.0
181	56.7
25	50.8
223	35.1
157	31.4
86	38.1
92	35.0
177	57.7
322	-1.0
256
288	Purdue Fort Wayne	Sum	2	0–2
0–0	101.8
197	119.9
319	.1320
288	52.5
75	58.7
314	12.0
14	14.2
285	14.9
330	20.0
19	33.1
189	44.0
249	50.0
105	53.3
264	37.0
113	47.1
323	45.8
24	31.2
108	69.3
36	-0.9
232
289	Charleston	CAA	2	1–1
0–0	92.4
288	109.0
237	.1298
289	37.9
321	53.6
258	17.7
161	18.5
121	38.6
34	30.5
163	33.9
177	40.6
214	33.7
330	49.3
200	34.6
164	44.0
300	23.2
316	26.0
28	59.6
299	-0.7
171
290	Lipscomb	ASun	1	0–1
0–0	84.9
318	100.3
132	.1279
290	35.5
329	46.9
93	13.4
28	16.4
212	25.6
262	22.6
32	25.8
284	59.2
318	38.1
312	56.0
300	20.0
322	25.0
20	32.3
201	49.0
324	64.7
149	-0.7
167
291	San Jose St.	MWC	2	0–2
0–2	90.8
295	107.3
217	.1277
291	40.3
308	54.2
268	15.9
92	15.1
257	23.7
282	28.4
116	22.1
312	35.5
153	41.9
271	53.1
260	25.5
295	37.2
213	45.1
29	40.2
270	63.4
191	-1.5
282
292	Liberty	BSth	1	0–1
0–0	96.4
258	114.1
284	.1255
292	47.4
202	58.2
310	25.6
318	24.1
13	41.2
16	36.7
278	34.5
165	61.2
321	45.5
214	46.9
153	35.7
149	52.9
328	24.1
308	34.7
173	66.8
91	-0.9
239
293	Miami OH	MAC	2	0–2
0–1	96.7
256	114.9
292	.1207
293	45.5
245	57.3
302	17.8
166	17.1
183	28.6
208	27.9
110	18.0
325	27.6
66	34.9
326	53.0
258	47.2
15	42.0
286	29.5
248	43.1
298	62.3
226	-1.5
283
294	Howard	MEAC	2	0–2
0–0	90.9
294	108.0
224	.1206
294	48.5
174	50.9
201	22.0
285	17.3
173	25.4
264	29.7
142	38.8
120	28.4
71	47.7
155	42.9
57	33.3
181	41.3
276	33.7
170	42.2
286	61.5
254	-1.7
303
295	Nevada	MWC	3	0–3
0–2	85.4
317	101.5
152	.1205
295	36.5
327	49.7
172	28.1
331	13.3
302	36.5
54	26.2
79	44.4
69	30.1
96	32.8
331	48.4
178	36.0
142	35.4
175	17.4
331	27.3
44	65.6
126	-1.6
290
296	Cornell	Ivy	2	0–2
0–2	96.6
257	114.9
291	.1200
296	45.9
232	60.5
325	11.0
9	19.7
90	18.6
318	19.6
18	30.0
238	62.8
323	51.5
72	56.0
300	25.0
297	44.4
303	40.0
63	41.9
283	63.8
179	-1.6
292
297	Florida Atlantic	CUSA	2	1–1
1–1	97.4
249	115.9
299	.1197
297	50.0
126	50.4
190	20.8
254	17.5
168	28.3
217	40.7
317	18.6
323	22.3
23	45.5
214	52.9
256	38.9
83	28.0
50	35.3
143	22.3
10	61.6
252	-0.8
187
298	Alcorn St.	SWAC	4	1–3
0–2	105.1
146	125.1
326	.1191
298	51.7
92	59.2
318	18.2
177	18.9
111	36.6
49	37.9
290	30.0
238	43.8
243	50.3
102	55.8
296	36.4
127	46.3
317	32.1
204	24.9
22	67.0
84	-2.6
332
299	Missouri St.	MVC	1	0–1
0–0	82.5
322	98.2
101	.1191
299	40.0
309	40.6
12	27.2
327	10.2
330	23.3
287	25.7
66	57.5
10	30.2
98	37.0
319	40.5
21	30.8
224	27.3
39	32.5
197	20.8
4	60.8
272	-0.9
215
300	Montana St.	BSky	1	0–1
0–1	95.8
262	114.6
289	.1128
300	39.6
311	54.9
278	17.3
149	13.8
286	33.3
96	28.6
122	43.8
71	35.3
152	34.5
329	71.0
333	31.6
209	20.0
4	39.6
69	39.2
253	60.1
284	-0.9
235
Rk	Team	Conf	G	Rec	AdjOE	AdjDE	Barthag	Efg%	EfgD%	TOR	TORD	ORB	DRB	FTR	FTRD	2P%	2P%D	3P%	3P%D	3PR	3PRD	Adj T.	WAB
301	Florida A&M	MEAC	1	1–0
1–0	93.7
282	112.2
270	.1120
301	54.7
47	44.8
54	20.4
245	21.9
41	22.2
295	37.1
284	67.4
3	17.2
6	57.6
18	53.5
267	30.0
237	13.3
2	23.3
314	25.9
27	63.3
196	+0.01
76
302	Central Arkansas	Slnd	2	0–2
0–2	97.6
247	117.5
308	.1057
302	43.8
272	50.0
175	14.8
65	20.0
79	30.0
180	39.1
307	35.0
160	54.2
306	38.0
313	49.3
200	36.6
121	34.4
144	34.2
163	29.9
89	67.4
73	-1.8
315
303	McNeese St.	Slnd	3	2–1
1–0	97.0
251	117.6
310	.0978
303	43.4
280	54.5
274	9.9
3	16.9
190	42.7
6	29.8
145	20.9
316	24.0
33	45.6
210	50.4
217	26.0
290	40.9
273	33.2
178	36.9
216	60.0
288	-0.8
208
304	UT Rio Grande Valley	WAC	3	1–2
1–1	87.8
312	106.9
216	.0942
304	41.3
300	44.9
55	21.4
268	18.1
146	32.0
133	35.9
266	34.7
164	39.2
197	46.1
199	50.0
209	20.8
321	23.1
11	32.0
208	32.9
134	61.5
254	-1.7
306
305	North Texas	CUSA	3	0–3
0–2	94.6
275	115.2
293	.0933
305	42.1
292	54.6
276	17.8
166	17.3
173	33.3
96	34.4
238	33.3
185	41.7
226	42.9
254	53.3
264	27.1
278	37.9
224	34.5
157	35.6
191	66.0
111	-2.2
327
306	Southeastern Louisiana	Slnd	3	0–3
0–2	91.7
291	111.8
260	.0932
306	49.7
140	52.0
227	24.8
313	19.2
104	32.4
120	31.1
174	33.9
177	30.7
104	50.8
86	46.4
142	31.1
221	40.9
273	26.3
289	37.5
229	67.7
68	-2.8
333
307	Marist	MAAC	2	0–2
0–0	84.5
319	103.7
175	.0871
307	41.8
298	47.6
110	18.3
181	23.5
19	18.4
319	33.3
218	40.4
103	46.2
267	39.3
301	44.6
95	30.2
236	36.7
202	41.3
50	28.8
72	65.7
123	-1.6
298
308	SIU Edwardsville	OVC	1	0–1
0–0	99.4
223	121.9
324	.0868
308	43.5
279	59.0
316	16.7
123	13.7
293	27.0
245	17.9
12	44.4
69	48.0
282	42.1
267	53.3
264	31.3
217	45.0
309	29.6
247	40.0
265	67.5
70	-0.9
242
309	Northern Illinois	MAC	2	1–1
1–0	88.6
308	109.8
248	.0788
309	43.1
283	55.7
284	23.6
303	23.6
17	38.2
39	29.0
132	57.4
11	34.3
139	47.4
167	58.7
317	20.0
322	35.6
181	24.8
303	56.2
334	64.5
160	-0.41
109
310	Campbell	BSth	1	0–1
0–0	94.4
276	117.1
305	.0779
310	48.2
181	50.0
175	14.7
62	22.8
29	30.3
173	53.1
333	29.1
250	60.0
320	48.5
136	43.3
63	31.8
206	40.0
260	40.0
63	40.0
265	58.6
314	-0.9
228
311	Morgan St.	MEAC	2	0–2
0–1	95.9
260	119.4
316	.0739
311	45.9
232	58.3
311	19.5
223	24.6
9	30.4
171	43.8
324	45.5
61	44.2
252	47.4
167	52.7
254	26.9
281	51.9
327	21.5
321	22.5
12	74.4
4	-1.7
307
312	Detroit Mercy	Horz	1	0–1
0–0	79.2
329	100.5
134	.0601
312	45.2
250	60.2
321	25.1
314	29.5
2	26.5
253	33.3
218	26.9
278	42.9
236	55.2
30	47.1
156	21.7
316	60.0
332	44.2
35	30.6
99	71.8
10	-0.7
174
313	Samford	SC	1	0–1
0–0	99.9
220	127.1
328	.0589
313	50.0
126	56.3
294	16.8
125	13.8
286	26.5
253	36.4
275	64.6
4	48.2
284	42.9
254	51.2
236	46.2
16	46.7
319	27.1
275	26.8
37	64.2
171	-0.9
244
314	North Carolina A&T	MEAC	2	0–2
0–1	97.9
241	124.9
325	.0575
314	50.0
126	56.2
291	14.1
40	15.0
261	23.3
287	29.8
145	23.0
307	37.1
169	46.4
191	54.2
278	38.7
86	39.5
252	31.0
224	39.2
253	59.1
306	-1.6
294
315	Savannah St.	MEAC	2	0–2
0–1	87.8
311	112.2
271	.0565
315	45.1
253	56.2
291	19.4
220	20.2
76	38.4
37	23.2
39	8.2
334	55.1
310	53.8
48	58.5
314	19.0
325	33.3
116	34.4
158	27.0
39	60.0
288	-1.9
320
316	Maine	AE	1	0–1
0–0	98.8
228	126.3
327	.0564
316	56.5
32	60.2
321	21.5
270	21.5
52	16.7
326	51.7
332	13.0
331	42.6
232	50.0
105	55.2
290	42.3
38	44.0
300	48.1
16	46.3
314	69.0
41	-0.6
150
317	Boston University	Pat	1	0–1
0–0	107.2
119	137.0
334	.0562
317	47.3
204	77.2
334	12.2
18	8.7
333	30.6
167	33.3
218	29.1
250	3.5
1	42.4
265	71.4
334	36.4
127	55.2
331	40.0
63	50.9
329	57.1
327	-0.8
192
318	Wagner	NEC	1	0–1
0–0	98.7
233	127.5
329	.0502
318	44.0
269	64.3
332	21.3
265	18.4
126	33.3
96	37.0
282	32.8
198	44.6
256	46.7
184	50.0
209	23.1
310	60.0
332	22.4
317	35.7
194	69.4
34	-0.8
184
319	Mount St. Mary's	NEC	1	0–1
0–0	86.8
313	112.3
272	.0489
319	45.5
245	58.3
311	19.2
215	28.1
3	17.1
324	38.1
292	19.6
318	71.4
328	45.5
214	56.7
303	30.4
231	41.7
283	41.1
52	28.6
68	69.7
28	-0.9
247
320	Arkansas St.	SB	2	0–2
0–2	90.1
299	116.8
304	.0478
320	44.0
269	51.7
215	13.4
28	12.0
319	24.1
279	30.4
161	29.6
242	49.6
294	46.2
197	50.6
220	25.0
297	35.7
184	25.6
295	35.3
184	65.9
116	-1.8
312
321	Coppin St.	MEAC	3	1–2
0–1	92.0
289	120.4
320	.0436
321	46.2
226	56.7
298	16.0
97	18.3
135	18.8
317	37.9
290	32.4
205	48.5
286	39.0
307	55.8
296	38.2
97	39.2
246	39.3
71	29.8
87	73.5
5	-1.7
304
322	Alabama A&M	SWAC	3	1–2
1–1	89.7
305	119.8
318	.0344
322	43.8
272	51.3
207	21.6
274	22.1
37	31.0
155	38.9
306	37.5
135	44.6
256	41.3
279	58.2
313	32.1
202	23.4
13	35.0
150	29.9
89	66.3
103	-1.9
317
323	UCF	Amer	2	0–2
0–1	85.8
316	115.6
297	.0313
323	43.6
278	52.7
238	21.7
277	15.2
252	35.4
68	35.6
259	31.4
213	24.8
37	46.1
199	50.0
209	26.2
286	40.0
260	35.6
137	27.1
42	67.1
80	-1.7
308
324	Niagara	MAAC	1	0–1
0–0	82.2
323	112.1
268	.0275
324	41.0
303	56.0
288	22.8
295	16.3
218	29.0
202	35.7
260	28.0
262	12.1
2	48.7
132	57.9
310	9.1
333	35.0
164	22.0
319	34.5
171	59.9
293	-0.8
207
325	Mississippi Valley St.	SWAC	2	0–2
0–1	97.7
245	135.1
333	.0235
325	50.8
113	63.6
330	15.6
85	22.8
29	27.2
243	40.6
316	30.3
230	25.6
43	42.6
261	59.0
319	51.6
9	47.1
323	23.5
311	39.5
258	75.4
2	-1.9
319
Rk	Team	Conf	G	Rec	AdjOE	AdjDE	Barthag	Efg%	EfgD%	TOR	TORD	ORB	DRB	FTR	FTRD	2P%	2P%D	3P%	3P%D	3PR	3PRD	Adj T.	WAB
326	VMI	SC	1	0–1
0–0	85.9
315	121.2
321	.0187
326	44.0
269	57.3
302	19.4
220	8.3
334	21.1
306	26.5
86	29.3
246	43.5
240	48.4
141	61.0
325	25.9
291	33.3
116	46.6
22	33.9
154	76.6
1	-0.8
199
327	Loyola Marymount	WCC	1	0–1
0–0	89.7
304	128.0
331	.0165
327	39.2
314	62.5
328	24.0
307	14.4
280	32.4
120	48.1
330	39.2
116	20.0
10	37.8
315	55.8
296	28.6
256	52.9
328	27.5
271	28.3
65	66.0
111	-0.8
202
328	The Citadel	SC	1	0–1
0–0	80.1
327	114.4
286	.0163
328	35.4
330	55.9
286	27.1
324	13.6
294	32.3
124	24.1
49	52.1
24	13.6
3	36.7
320	50.0
209	22.2
314	43.5
298	37.5
96	39.0
250	68.5
46	-0.9
252
329	Indiana St.	MVC	1	0–1
0–0	80.0
328	114.5
288	.0160
329	38.2
320	66.7
333	20.4
245	23.4
23	23.1
291	35.7
260	49.0
39	35.2
150	39.1
304	55.3
293	25.0
297	62.5
334	54.9
2	29.6
84	72.5
8	-0.8
189
330	Abilene Christian	Slnd	2	0–2
0–2	64.8
333	93.4
43	.0147
330	28.0
333	50.5
193	16.2
103	17.8
157	16.9
325	18.6
15	19.3
319	41.9
229	31.1
332	57.4
308	14.3
332	25.0
20	32.1
204	34.4
167	61.4
258	-1.6
297
331	UMBC	AE	1	0–1
0–0	63.4
334	94.2
52	.0106
331	34.7
331	54.5
274	27.9
328	17.6
163	8.6
334	18.2
13	16.3
328	25.5
41	37.8
315	51.4
239	16.7
329	40.0
260	24.5
307	36.4
208	68.4
48	-0.6
145
332	Grambling St.	SWAC	3	0–3
0–2	76.1
330	119.1
315	.0057
332	41.1
301	49.4
168	20.8
254	14.7
269	29.9
182	36.0
269	33.8
179	30.4
101	45.8
207	51.1
233	17.9
328	30.0
63	24.8
303	27.6
49	64.6
153	-2.9
334
333	Western Illinois	Sum	1	0–1
0–0	81.7
325	127.9
330	.0057
333	41.0
303	56.1
290	28.0
330	17.1
183	21.9
300	60.0
334	18.0
325	22.7
24	40.6
288	48.7
188	27.8
266	44.4
303	36.0
128	40.9
277	62.8
209	-0.7
166
334	Fairfield	MAAC	1	0–1
0–0	69.9
332	114.5
287	.0034
334	26.1
334	50.0
175	24.1
308	16.7
201	27.8
228	46.7
329	34.1
174	26.9
59	29.2
334	50.0
209	15.0
330	33.3
116	45.5
25	23.1
13	57.7
322	-0.9
220