Rk	Team	Conf	G	Rec	AdjOE	AdjDE	Barthag	EFG%	EFGD%	TOR	TORD	ORB	DRB	FTR	FTRD	2P%	2P%D	3P%	3P%D	3PR	3PRD	Adj T.	WAB
1	Virginia
   1 seed, Elite Eight	ACC	4	3–1
1–0	122.3
14	84.8
5	.9855
1	53.4
71	46.7
86	16.7
149	19.7
80	33.3
78	27.1
114	35.8
170	29.6
79	51.0
100	46.8
127	39.3
75	30.9
93	29.9
261	28.1
44	60.4
331	+1.5
9
2	North Carolina
   1 seed, Finals	ACC	4	4–0
1–0	119.1
30	84.3
4	.9816
2	50.0
147	43.8
38	16.6
147	17.0
172	42.8
4	27.3
117	29.8
252	25.6
44	51.9
87	38.6
16	29.7
255	34.8
167	26.1
312	38.0
204	69.8
103	+2.6
2
3	Kansas
   1 seed, Elite Eight	B12	4	4–0
1–0	122.7
13	89.3
18	.9747
3	56.8
25	46.6
82	19.1
232	18.7
118	33.1
84	29.3
166	37.9
133	37.4
184	55.8
31	48.8
170	39.4
74	27.5
45	31.3
245	29.4
58	70.4
89	+2.3
3
4	Texas A&M
   3 seed, Sweet Sixteen	SEC	4	3–1
1–0	117.6
41	85.7
7	.9743
4	46.7
233	43.2
36	14.4
65	19.2
99	38.7
28	32.7
245	29.1
261	30.1
89	47.4
187	42.6
45	30.2
247	29.5
75	33.0
218	40.3
259	64.9
275	+1.3
12
5	Purdue
   5 seed, R64	B10	4	3–1
1–0	126.7
4	95.2
59	.9640
5	59.5
10	47.0
92	14.5
68	11.9
312	27.9
188	22.4
35	38.1
129	24.1
28	58.5
10	45.1
87	41.1
51	33.3
140	34.0
201	39.2
232	67.8
178	+0.8
21
6	West Virginia
   3 seed, R64	B12	5	4–1
2–0	120.7
21	91.0
24	.9629
6	53.2
78	52.3
224	21.3
287	26.2
4	40.4
16	30.9
201	41.1
85	53.4
301	51.3
96	46.4
111	38.0
100	42.2
287	32.3
227	35.2
153	68.6
148	+1.8
6
7	Oregon
   1 seed, Elite Eight	P12	5	5–0
2–0	124.4
10	93.8
46	.9627
7	53.3
74	49.0
140	15.9
112	20.7
53	41.1
10	32.0
229	37.1
145	35.2
151	50.7
104	46.8
127	39.6
71	35.3
181	30.5
252	35.2
153	66.7
218	+2.9
1
8	Michigan St.
   2 seed, R64	B10	5	5–0
2–0	126.2
5	95.3
62	.9619
8	57.1
24	46.3
77	17.1
171	15.0
240	38.7
28	21.8
31	23.3
316	35.3
152	52.4
78	46.0
104	43.6
24	31.3
99	36.5
153	30.5
72	65.5
252	+2.0
5
9	Yale
   12 seed, R32	Ivy	2	2–0
2–0	120.5
24	91.4
26	.9597
9	61.6
3	46.8
88	17.0
164	16.3
196	36.7
47	17.6
10	31.3
234	20.0
12	56.5
28	50.0
186	46.5
9	27.5
45	38.4
118	36.4
177	63.9
297	+0.5
30
10	SMU	Amer	2	1–1
1–1	110.4
96	84.1
3	.9578
10	49.2
172	36.1
3	19.8
253	17.5
157	34.3
71	29.9
178	22.9
317	43.5
239	50.0
116	37.5
4	30.8
236	22.7
14	22.0
332	40.7
269	68.5
151	+0.11
53
11	Stephen F. Austin
   14 seed, R32	Slnd	4	4–0
2–0	120.2
25	93.0
39	.9504
11	57.9
19	47.2
99	14.3
60	26.4
3	37.9
36	26.9
111	39.9
102	42.9
233	58.4
12	44.7
77	37.9
101	34.8
167	35.1
179	33.3
117	68.7
142	+0.41
33
12	Gonzaga
   11 seed, Sweet Sixteen	WCC	3	3–0
0–0	138.3
1	107.8
212	.9459
12	61.8
2	51.7
208	13.3
34	15.3
227	35.7
57	36.8
297	43.0
71	28.2
67	60.0
8	46.7
122	43.1
27	39.2
251	39.4
102	40.9
273	64.4
287	+1.2
13
13	Kentucky
   4 seed, R32	SEC	4	4–0
1–0	137.7
2	107.8
213	.9433
13	59.5
10	50.2
172	13.4
38	18.6
122	41.7
7	36.9
298	35.8
170	35.6
162	54.4
51	51.7
221	45.9
12	31.8
115	35.0
182	37.8
201	65.5
252	+1.7
7
14	Seton Hall
   6 seed, R64	BE	5	4–1
1–1	120.2
26	94.5
54	.9405
14	56.0
32	48.0
119	20.7
276	16.0
209	32.9
87	29.6
173	41.1
85	39.7
210	54.6
44	46.0
104	39.2
78	34.2
155	34.4
193	37.0
187	70.8
79	+2.1
4
15	Florida	SEC	4	3–1
1–0	111.7
80	88.0
15	.9401
15	50.8
130	45.3
63	14.2
57	18.0
141	25.5
241	27.3
117	42.1
77	29.6
79	49.6
132	44.9
81	35.0
155	31.0
95	42.9
55	28.7
48	71.5
62	+0.32
41
16	Arizona
   6 seed, R64	P12	4	3–1
2–0	124.0
11	97.9
87	.9385
16	51.9
103	43.6
37	17.3
181	15.6
218	39.2
26	41.5
327	46.1
45	38.4
199	41.9
296	42.9
50	46.5
9	30.3
83	35.7
169	29.5
60	69.1
128	+0.8
23
17	Villanova
   2 seed, CHAMPS	BE	4	3–1
1–0	120.1
27	95.2
60	.9350
17	55.9
35	49.4
152	14.2
57	18.6
122	20.0
317	27.0
112	38.8
120	32.0
117	51.5
95	53.3
262	42.2
37	29.2
68	37.9
129	41.6
279	68.4
154	+0.8
20
18	Providence
   9 seed, R32	BE	4	3–1
2–0	121.8
16	97.1
75	.9315
18	55.6
40	51.1
195	14.3
60	18.4
128	26.1
227	29.3
166	33.3
207	21.6
18	57.3
20	46.5
113	35.6
142	40.3
267	44.9
35	32.6
103	65.6
246	+1.0
18
19	Indiana
   5 seed, Sweet Sixteen	B10	2	1–1
1–0	122.2
15	97.7
84	.9293
19	53.8
64	50.0
164	18.9
225	18.9
111	40.0
19	32.3
236	44.2
55	21.1
16	57.6
17	52.2
235	31.6
226	31.1
97	36.5
153	39.5
242	65.5
252	-0.09
69
20	Virginia Tech	ACC	5	4–1
2–0	120.5
23	96.5
70	.9279
20	54.3
54	49.0
140	14.7
73	13.6
281	25.8
233	29.3
166	59.0
9	35.9
168	54.3
52	56.6
293	36.3
130	26.0
34	30.1
257	42.8
295	69.6
108	+1.1
16
21	USC
   8 seed, R64	P12	4	2–2
1–1	121.6
17	98.3
95	.9205
21	51.2
118	52.1
223	14.9
79	15.3
227	35.1
62	30.4
191	33.5
204	24.8
36	47.9
170	49.7
185	38.4
91	38.4
236	34.3
197	30.2
67	69.2
124	-0.20
83
22	Iowa St.
   4 seed, Sweet Sixteen	B12	2	0–2
0–1	121.5
19	98.3
92	.9203
22	53.3
74	50.7
184	18.6
217	11.7
315	26.9
211	31.6
221	26.4
297	29.9
85	51.2
98	53.8
270	38.5
87	29.3
69	32.2
228	30.6
73	71.1
70	-0.35
101
23	Xavier
   2 seed, R32	BE	3	2–1
1–0	124.4
9	100.9
129	.9171
23	53.4
71	52.5
228	16.1
121	18.7
118	36.1
54	27.1
114	37.3
139	49.4
280	49.2
144	54.8
281	40.0
60	32.3
124	39.2
105	36.1
169	76.4
8	+0.39
34
24	Baylor
   5 seed, R64	B12	3	1–2
0–1	108.4
120	88.4
16	.9124
24	44.9
270	47.2
99	21.4
291	19.5
86	35.4
58	29.4
170	42.9
72	48.1
275	45.0
237	47.0
131	29.8
252	31.7
112	33.9
203	25.9
23	68.4
154	-0.02
65
25	Clemson	ACC	2	1–1
1–0	117.9
38	96.2
67	.9123
25	55.1
46	45.5
66	16.1
121	17.6
155	29.0
170	37.0
299	30.8
240	33.1
133	56.3
29	48.8
170	35.8
140	25.6
31	45.3
32	32.2
95	65.4
257	-0.30
96
Rk	Team	Conf	G	Rec	AdjOE	AdjDE	Barthag	Efg%	EfgD%	TOR	TORD	ORB	DRB	FTR	FTRD	2P%	2P%D	3P%	3P%D	3PR	3PRD	Adj T.	WAB
26	San Diego St.	MWC	5	4–1
1–0	106.1
143	86.7
9	.9108
26	50.0
147	39.8
12	16.3
130	19.5
86	31.5
113	27.7
130	37.1
145	34.0
143	47.5
185	40.2
29	36.8
119	26.1
36	31.8
236	38.9
226	68.1
168	-0.10
71
27	Dayton
   7 seed, R64	A10	3	2–1
1–0	98.3
243	80.5
1	.9082
27	45.6
259	41.2
23	18.2
209	19.1
105	24.4
265	23.7
55	42.2
76	38.0
192	47.7
176	39.2
19	26.9
285	29.9
79	28.9
276	35.8
165	73.0
31	+0.30
45
28	South Carolina	SEC	4	2–2
1–1	113.5
64	93.3
42	.9048
28	51.0
122	45.0
56	16.5
142	20.2
62	37.6
38	32.4
239	21.2
323	41.9
227	50.0
116	39.6
23	35.4
145	36.1
191	31.0
249	37.4
194	69.0
132	-0.8
183
29	Maryland
   5 seed, Sweet Sixteen	B10	4	2–2
1–1	121.6
18	100.0
110	.9048
29	57.4
21	51.8
211	18.7
219	15.6
218	33.3
78	28.7
158	27.2
288	27.2
53	48.9
150	51.1
211	46.2
11	35.2
179	41.5
72	40.6
267	64.7
282	+0.02
62
30	Northern Iowa
   11 seed, R32	MVC	3	3–0
0–0	105.4
150	86.9
11	.9019
30	49.0
185	40.1
14	12.4
18	16.8
181	10.4
334	30.8
198	39.9
102	25.1
40	51.2
98	48.6
167	30.5
240	17.2
2	41.3
76	37.4
194	59.4
333	+1.3
11
31	Wichita St.
   11 seed, R32	MVC	3	2–1
0–0	99.3
233	82.1
2	.8987
31	42.2
303	41.0
20	15.1
86	16.1
205	25.2
250	17.6
10	38.9
117	35.4
153	42.5
289	40.6
33	27.9
279	27.7
48	36.5
153	40.4
262	66.9
213	-0.39
105
32	VCU
   10 seed, R32	A10	5	3–2
1–1	110.6
91	91.7
27	.8965
32	46.1
242	47.2
99	13.2
32	14.0
268	32.5
94	20.7
24	32.5
220	37.5
187	51.6
93	51.8
224	23.1
312	24.4
27	32.2
228	30.4
69	66.5
223	-0.17
80
33	Oklahoma
   2 seed, Final Four	B12	3	2–1
1–0	111.3
83	92.3
31	.8962
33	56.0
32	50.3
174	23.3
312	22.8
25	23.3
280	29.7
175	46.7
42	27.4
57	52.3
81	45.8
102	40.6
56	38.2
231	42.7
56	38.9
226	69.5
111	+0.8
26
34	Butler
   9 seed, R32	BE	3	2–1
2–0	124.6
8	103.4
160	.8953
34	55.4
44	53.7
252	16.3
130	15.3
227	29.3
162	26.1
89	45.8
46	30.9
101	49.5
136	54.2
276	44.1
18	35.1
173	35.5
171	32.6
103	68.3
162	+0.21
49
35	Miami FL
   3 seed, Sweet Sixteen	ACC	4	2–2
1–1	117.6
42	97.8
86	.8927
35	54.5
51	51.5
205	17.7
196	15.8
215	30.1
135	22.5
37	34.0
197	43.6
241	57.0
23	51.7
221	32.9
206	34.0
150	33.0
218	26.0
24	67.0
209	+0.44
32
36	Harvard	Ivy	2	2–0
2–0	110.6
93	92.2
30	.8899
36	58.5
15	42.0
30	22.3
302	12.6
296	29.1
166	24.4
65	30.2
249	30.3
92	53.0
71	41.6
37	52.2
3	28.6
60	21.7
333	35.3
158	67.3
198	+0.32
42
37	Mississippi	SEC	3	2–1
2–0	120.7
22	100.7
126	.8891
37	50.3
141	53.2
245	16.7
149	21.0
47	40.7
14	30.8
198	41.9
79	35.9
168	45.2
229	54.6
279	37.8
103	34.2
155	44.1
45	42.9
296	70.6
82	+0.06
59
38	Northwestern	B10	3	2–1
2–0	110.9
87	92.6
34	.8882
38	49.4
165	46.6
82	16.0
115	17.0
172	30.1
135	23.1
44	26.6
292	27.8
63	45.1
232	40.2
29	38.3
93	36.0
189	34.7
188	46.3
320	63.9
297	-0.01
64
39	Iona
   13 seed, R64	MAAC	3	3–0
0–0	114.6
55	95.8
65	.8866
39	56.6
27	50.3
174	14.3
60	20.2
62	27.3
202	27.8
132	29.1
261	37.8
190	50.5
109	46.6
118	42.5
33	37.7
224	45.7
29	37.2
189	65.6
246	+0.8
25
40	UNC Asheville
   15 seed, R64	BSth	3	3–0
0–0	103.0
181	86.2
8	.8848
40	52.8
89	38.5
6	16.2
126	23.1
19	29.6
153	30.6
193	36.7
154	27.3
55	49.2
144	47.5
141	41.7
41	18.3
4	26.7
303	44.8
312	73.4
22	+0.36
37
41	Connecticut
   9 seed, R32	Amer	5	4–1
1–1	113.6
62	95.2
58	.8844
41	50.9
126	44.7
53	15.6
100	15.0
240	26.7
215	30.2
187	34.3
190	31.6
112	48.1
165	42.8
49	37.1
112	32.6
130	36.7
146	30.6
73	64.1
291	+1.1
14
42	California
   4 seed, R64	P12	4	2–2
1–1	110.8
89	93.1
40	.8805
42	46.9
223	47.8
113	15.0
84	17.2
167	33.1
84	26.6
104	35.6
175	35.7
166	43.5
273	43.0
53	35.9
136	39.1
247	32.6
224	30.4
69	67.2
202	+0.25
46
43	Colorado
   8 seed, R64	P12	3	1–2
0–1	101.5
207	85.4
6	.8791
43	42.0
307	40.9
18	14.8
76	18.1
136	33.6
77	21.2
26	25.9
302	56.3
310	37.6
321	40.4
31	35.0
155	28.3
57	29.9
261	28.8
49	72.5
43	-0.5
124
44	William & Mary	CAA	2	1–1
0–0	112.2
73	94.5
53	.8782
44	55.7
39	49.1
147	17.0
164	21.4
42	21.4
300	28.8
159	34.3
190	24.1
28	54.5
45	51.9
227	38.5
87	31.3
99	37.1
141	55.2
335	67.7
182	-0.39
104
45	Creighton	BE	4	1–3
0–2	116.7
47	98.4
96	.8773
45	52.4
95	49.8
162	16.8
158	16.8
181	23.4
279	27.1
114	33.3
207	45.1
256	50.3
113	48.5
164	37.1
112	34.4
160	38.0
128	42.5
291	71.0
72	-0.9
234
46	Saint Mary's	WCC	4	3–1
0–0	125.1
7	105.6
189	.8748
46	59.3
12	48.4
127	15.2
89	11.7
315	31.1
123	31.1
205	27.6
281	19.6
11	59.8
9	45.3
91	39.0
81	37.5
216	41.2
78	28.4
47	58.6
334	+0.04
61
47	Washington	P12	4	3–1
1–0	118.6
32	100.5
119	.8702
47	51.7
105	49.3
151	14.7
73	18.1
136	31.4
116	33.5
257	50.8
25	39.3
206	52.2
83	53.0
254	33.8
185	27.6
47	30.3
255	32.0
93	81.7
1	+0.04
60
48	Georgetown	BE	3	1–2
0–1	108.6
116	92.2
29	.8689
48	48.0
206	51.8
211	19.6
249	15.8
215	30.9
124	20.2
21	38.0
131	45.4
258	54.5
45	45.5
97	25.7
298	43.4
299	40.9
84	32.5
99	71.8
56	-0.06
67
49	BYU	WCC	3	2–1
0–0	118.2
35	100.4
116	.8683
49	56.3
30	51.1
195	16.2
126	19.9
71	31.8
105	29.0
163	30.7
242	34.9
148	53.6
63	46.5
113	40.3
58	38.2
231	40.7
86	43.4
302	73.3
27	-0.20
84
50	Evansville	MVC	3	2–1
0–0	102.9
182	87.5
12	.8658
50	44.6
276	39.6
10	12.0
12	15.2
235	27.9
188	23.3
48	32.9
216	25.8
45	43.0
280	42.9
50	32.1
214	21.6
11	31.7
238	31.3
84	62.2
323	-0.30
94
Rk	Team	Conf	G	Rec	AdjOE	AdjDE	Barthag	Efg%	EfgD%	TOR	TORD	ORB	DRB	FTR	FTRD	2P%	2P%D	3P%	3P%D	3PR	3PRD	Adj T.	WAB
51	Florida Gulf Coast
   16 seed, R64	ASun	3	3–0
0–0	108.8
114	92.6
33	.8651
51	61.0
6	41.0
20	19.3
242	13.8
276	39.0
27	23.3
48	40.9
89	39.3
206	64.4
3	37.8
8	34.7
162	30.6
88	27.1
301	39.3
236	67.2
202	+0.35
38
52	Kansas St.	B12	4	2–2
1–1	117.9
39	100.5
120	.8616
52	51.6
106	54.3
264	20.2
269	19.4
92	37.3
43	29.8
176	43.3
69	45.0
254	49.3
141	56.0
289	37.7
107	33.8
145	31.8
236	32.5
99	67.9
173	-0.07
68
53	Georgia	SEC	6	5–1
2–0	118.3
34	101.0
130	.8601
53	50.0
147	48.6
130	19.9
255	14.8
247	37.6
38	31.4
214	49.1
28	32.5
122	46.9
197	43.3
58	37.7
107	37.3
215	32.1
230	42.1
287	67.8
178	+1.4
10
54	Georgia Tech	ACC	4	3–1
1–0	113.2
67	96.7
72	.8586
54	50.2
143	49.4
152	18.7
219	12.6
296	41.1
10	25.5
81	28.4
270	24.8
36	46.5
203	52.0
230	40.3
58	28.4
58	26.7
303	28.2
45	67.5
191	+0.7
27
55	UC Santa Barbara	BW	4	3–1
2–0	115.6
51	99.1
102	.8557
55	56.5
28	45.2
59	14.9
79	17.1
169	29.2
164	26.5
101	35.9
168	40.0
214	51.7
89	46.7
122	43.0
28	29.0
66	37.2
139	45.5
315	67.9
173	-0.34
100
56	Memphis	Amer	5	3–2
1–1	107.2
130	92.0
28	.8536
56	48.1
204	44.7
53	12.9
24	19.2
99	25.5
241	23.1
44	28.9
264	37.4
184	45.9
214	50.3
196	35.5
144	24.1
24	29.9
261	39.6
244	71.2
68	-0.20
82
57	Green Bay
   14 seed, R64	Horz	4	4–0
0–0	109.8
101	94.2
50	.8530
57	49.1
181	41.4
24	14.8
76	21.9
36	25.5
241	34.7
270	62.0
5	35.1
150	45.0
237	39.5
21	38.6
86	29.8
77	31.7
238	37.5
196	74.7
13	+1.0
17
58	Fresno St.
   14 seed, R64	MWC	5	5–0
2–0	112.7
70	97.0
74	.8481
58	52.0
101	46.5
80	11.5
7	20.2
62	27.5
198	32.8
246	39.7
106	38.3
195	52.5
77	44.9
81	34.0
181	32.7
131	33.1
217	37.9
203	71.5
62	+1.6
8
59	Temple
   10 seed, R64	Amer	4	3–1
2–0	109.2
105	94.3
51	.8441
59	45.9
252	47.1
96	13.6
43	16.2
202	29.3
162	24.6
66	34.0
197	20.5
15	45.1
232	43.1
54	31.7
224	39.7
258	33.6
210	24.3
15	67.7
182	+0.10
56
60	Pittsburgh
   10 seed, R64	ACC	4	1–3
0–2	112.4
72	97.2
76	.8412
60	46.2
241	54.0
260	16.1
121	16.5
192	29.6
153	30.8
198	34.2
194	41.4
224	49.7
130	51.0
208	25.0
302	40.3
267	28.4
281	31.9
91	65.3
264	-0.37
102
61	Hawaii
   13 seed, R32	BW	5	4–1
1–1	106.3
140	92.5
32	.8312
61	53.5
70	45.0
56	19.7
251	18.6
122	26.2
226	23.3
48	40.4
97	35.6
162	55.4
38	43.7
63	33.9
183	31.6
107	42.3
60	34.9
144	70.0
100	+0.39
35
62	Holy Cross
   16 seed, R64	Pat	4	4–0
0–0	100.9
213	87.9
14	.8305
62	50.2
143	39.5
8	15.1
86	21.8
37	20.7
307	37.4
304	31.3
234	24.5
34	46.0
211	43.9
66	36.7
122	23.5
20	46.4
26	50.2
330	57.9
335	+0.6
29
63	New Mexico St.	WAC	4	2–2
1–0	103.6
172	90.5
21	.8260
63	46.8
229	45.4
64	15.0
84	18.6
122	38.0
34	19.7
20	35.8
170	27.7
61	44.3
250	44.9
81	36.2
132	30.9
93	25.0
319	33.0
112	65.6
246	-0.6
130
64	Wisconsin
   7 seed, Sweet Sixteen	B10	3	1–2
1–1	111.9
77	98.0
90	.8218
64	47.3
214	52.5
228	14.9
79	19.0
108	26.6
216	27.7
130	38.8
120	57.7
314	43.8
270	53.1
257	34.8
159	34.1
153	41.8
67	31.0
80	65.4
257	-0.6
150
65	Utah St.	MWC	3	1–2
0–1	121.4
20	106.3
198	.8217
65	53.8
64	47.9
115	17.0
164	9.7
326	36.0
56	24.3
63	43.9
58	53.5
302	47.6
179	52.8
249	42.4
35	26.6
37	38.6
115	37.6
198	70.9
75	-1.2
269
66	Iowa
   7 seed, R32	B10	2	1–1
1–0	102.3
190	90.1
20	.8131
66	49.2
172	47.5
107	18.9
225	18.2
131	27.4
200	26.7
105	16.1
332	14.8
4	48.7
154	47.7
149	33.3
189	31.6
107	38.7
114	46.7
323	70.3
92	-0.14
77
67	Tennessee	SEC	4	2–2
0–1	116.4
48	102.5
151	.8125
67	51.5
107	47.2
99	17.8
199	14.9
244	33.3
78	37.5
305	34.6
186	41.5
225	55.8
31	46.9
129	30.2
247	31.9
117	41.0
82	38.6
219	65.5
252	-0.6
132
68	Saint Joseph's
   8 seed, R32	A10	5	3–2
0–2	119.1
31	105.1
183	.8082
68	53.8
64	56.3
284	13.4
38	15.6
218	26.6
216	23.1
44	41.3
83	26.6
49	57.7
16	54.3
277	31.2
234	39.5
257	36.0
162	39.7
247	72.7
35	+0.19
50
69	Duke
   4 seed, Sweet Sixteen	ACC	3	1–2
0–1	117.8
40	104.0
169	.8077
69	49.8
157	51.5
205	9.9
3	17.9
144	30.5
128	45.5
336	30.0
251	29.3
76	44.3
250	53.3
262	37.1
112	31.7
112	47.8
21	31.8
90	68.7
142	-0.48
119
70	Eastern Michigan	MAC	3	2–1
1–0	102.4
189	90.9
23	.7976
70	46.0
246	48.0
119	15.7
105	18.1
136	29.5
157	22.7
40	39.4
110	33.9
142	45.0
237	45.3
91	32.6
211	34.2
155	26.3
309	44.4
307	69.5
111	-0.13
75
71	Oral Roberts	Sum	1	0–1
0–0	115.4
52	102.4
150	.7967
71	50.8
130	47.1
96	13.9
50	15.5
223	35.1
62	34.4
268	30.5
244	59.6
320	43.8
270	48.6
167	54.5
1	29.4
73	18.6
336	32.7
106	64.6
285	-0.6
153
72	Oregon St.
   7 seed, R64	P12	4	2–2
1–1	112.6
71	100.0
111	.7964
72	51.1
120	49.0
140	15.9
112	17.0
172	25.2
250	34.9
275	41.6
80	39.1
203	43.2
276	46.6
118	43.8
21	35.0
170	35.4
173	40.3
259	69.8
103	+0.18
51
73	Cal St. Bakersfield
   15 seed, R64	WAC	4	4–0
1–0	106.9
134	95.0
57	.7943
73	53.3
74	41.6
25	17.0
164	29.1
2	29.9
145	38.6
313	56.1
13	43.3
237	48.0
168	38.0
10	43.8
21	31.6
107	30.2
256	38.0
204	69.3
121	+0.37
36
74	New Mexico	MWC	2	1–1
1–0	104.7
160	93.1
41	.7935
74	46.8
229	41.8
27	20.1
267	12.9
289	28.4
181	26.2
95	35.5
177	27.3
55	42.1
293	44.0
69	38.2
95	24.3
26	30.9
251	28.9
50	66.5
223	-0.43
110
75	Florida St.	ACC	4	3–1
1–0	118.2
36	105.3
186	.7918
75	53.6
68	54.5
267	15.8
108	18.2
131	35.2
61	19.4
17	40.6
94	40.3
217	55.7
34	54.0
273	32.9
206	36.8
203	32.9
220	43.0
297	73.3
27	-0.04
66
Rk	Team	Conf	G	Rec	AdjOE	AdjDE	Barthag	Efg%	EfgD%	TOR	TORD	ORB	DRB	FTR	FTRD	2P%	2P%D	3P%	3P%D	3PR	3PRD	Adj T.	WAB
76	Cincinnati
   9 seed, R64	Amer	3	1–2
1–1	105.8
147	94.5
52	.7860
76	38.9
323	46.1
73	14.0
51	15.4
226	37.5
40	33.6
258	43.8
62	31.8
114	37.0
323	46.3
107	28.4
271	30.4
87	34.5
192	29.2
56	63.5
308	-0.40
106
77	Monmouth	MAAC	4	3–1
0–0	104.1
166	93.0
37	.7859
77	50.0
147	47.3
105	17.4
187	19.2
99	28.9
171	21.9
32	36.4
160	35.4
153	45.8
216	45.3
91	38.4
91	33.0
137	36.0
162	48.2
329	70.2
94	-0.47
115
78	Michigan
   11 seed, R64	B10	5	3–2
0–1	106.7
136	95.3
61	.7849
78	46.0
246	49.7
160	13.6
43	16.0
209	25.1
256	29.3
166	25.5
305	25.9
46	48.8
151	51.8
224	28.4
271	30.3
83	45.0
34	33.7
122	65.5
252	+0.25
47
79	Syracuse
   10 seed, Final Four	ACC	2	0–2
0–1	112.0
75	100.1
113	.7834
79	55.0
47	54.3
264	21.0
284	21.8
37	25.0
257	37.9
307	31.2
237	32.2
119	51.6
93	56.3
291	40.0
60	34.1
153	41.3
76	38.3
211	68.4
154	-0.8
203
80	Denver	Sum	2	1–1
0–0	98.7
239	88.6
17	.7752
80	51.0
122	44.4
48	24.3
317	23.6
13	29.5
157	24.6
66	37.0
148	60.7
325	50.8
102	52.0
230	34.3
173	23.1
16	35.0
182	43.8
304	62.1
324	-0.47
113
81	Buffalo
   14 seed, R64	MAC	4	4–0
1–0	115.7
50	104.0
168	.7731
81	55.6
40	49.8
162	16.7
149	14.3
260	32.9
87	23.9
57	30.7
242	27.4
57	49.3
141	47.6
144	42.9
29	35.2
179	41.8
67	41.7
280	72.6
39	+0.8
22
82	Hofstra	CAA	4	2–2
0–0	111.7
81	100.4
117	.7720
82	54.8
48	49.6
157	20.1
267	14.0
268	28.9
171	30.9
201	37.0
148	21.6
18	57.0
23	47.8
152	34.7
162	36.0
189	44.7
40	29.0
52	68.5
151	-0.24
85
83	Arizona St.	P12	3	1–2
1–1	108.4
118	97.6
81	.7701
83	46.3
240	50.6
180	16.9
163	17.4
160	31.6
110	21.7
27	36.2
166	43.9
245	45.1
232	48.9
173	31.9
220	35.4
182	41.4
74	41.9
285	68.5
151	-0.9
240
84	Utah
   3 seed, R32	P12	4	3–1
1–0	110.6
92	99.7
106	.7671
84	50.7
135	48.1
122	20.0
259	10.0
325	25.2
250	29.9
178	38.9
117	22.6
20	49.6
132	43.9
66	35.0
155	38.3
235	37.9
129	31.0
80	64.8
277	+1.1
15
85	Wright St.	Horz	4	3–1
0–0	101.0
212	91.1
25	.7652
85	50.2
143	41.8
27	13.7
45	19.9
71	23.8
276	24.8
69	25.1
306	44.7
252	45.3
228	45.2
88	40.0
60	22.6
13	33.5
213	29.8
64	62.7
320	-0.28
91
86	Middle Tennessee
   15 seed, R32	CUSA	5	5–0
2–0	103.6
174	93.5
45	.7633
86	53.1
81	42.9
35	19.1
232	18.6
122	29.8
148	30.0
183	42.1
77	31.3
109	52.1
84	43.1
54	37.0
116	28.4
58	29.7
266	29.6
62	68.9
137	+0.9
19
87	Old Dominion	CUSA	6	5–1
2–0	110.0
98	100.0
109	.7510
87	50.9
126	44.2
44	14.9
79	16.2
202	41.3
9	25.1
76	30.5
244	34.2
144	48.3
163	42.4
42	39.3
75	31.6
107	23.9
325	35.7
162	62.0
326	-0.16
79
88	George Washington	A10	4	2–2
0–1	119.5
28	108.8
227	.7458
88	54.1
58	61.1
320	16.4
136	20.4
59	36.1
54	28.1
139	28.5
267	29.9
85	48.0
168	59.6
316	42.6
32	42.7
292	38.2
120	33.9
125	67.1
206	-0.9
232
89	Little Rock
   12 seed, R32	SB	3	2–1
0–1	104.7
159	95.5
63	.7426
89	55.2
45	48.1
122	15.2
89	23.0
21	19.1
321	28.4
151	33.3
207	28.7
72	53.8
60	50.0
186	38.8
84	30.2
81	32.0
233	40.1
254	63.2
312	-0.40
107
90	Texas
   6 seed, R64	B12	2	1–1
1–0	102.2
192	93.9
48	.7262
90	45.3
265	45.5
66	12.0
12	19.1
105	24.3
266	36.5
295	23.9
312	44.6
250	44.7
245	47.9
155	31.3
231	26.7
38	27.4
298	29.7
63	65.3
264	+0.07
58
91	Stetson	ASun	2	1–1
0–0	113.4
65	104.4
175	.7229
91	54.3
54	49.6
157	15.2
89	15.2
235	30.7
126	25.9
85	36.7
154	49.6
282	50.0
116	51.1
211	41.3
47	30.3
83	35.9
165	27.3
34	69.4
116	-0.7
158
92	Hartford	AE	2	1–1
0–0	114.0
58	105.1
182	.7188
92	53.7
67	45.8
69	15.2
89	15.2
235	18.5
322	42.0
329	20.4
327	34.2
144	52.4
78	46.6
118	36.4
128	29.8
77	61.1
1	39.2
232	63.9
297	-0.25
86
93	Long Beach St.	BW	6	4–2
2–0	109.1
107	100.7
123	.7170
93	49.4
165	48.0
119	17.2
176	18.7
118	26.0
231	31.3
209	43.5
65	40.9
222	47.8
172	48.2
158	34.8
159	31.7
112	37.1
141	32.7
106	72.6
39	+0.33
40
94	Murray St.	OVC	2	1–1
0–0	117.4
43	108.4
219	.7134
94	55.9
35	51.0
193	17.7
196	16.1
205	28.3
185	33.3
251	35.6
175	47.6
269	58.0
15	47.6
144	34.4
169	37.5
216	31.7
238	38.8
222	64.0
293	-0.7
173
95	Princeton	Ivy	4	2–2
2–1	113.1
68	104.6
179	.7102
95	52.3
97	51.7
208	18.4
213	20.5
57	32.1
104	33.3
251	30.8
240	35.5
159	48.6
156	52.3
238	38.2
95	33.3
140	42.5
57	24.7
16	69.1
128	-0.49
120
96	NJIT	ASun	1	1–0
0–0	106.6
137	98.8
100	.7068
96	53.1
81	46.9
91	14.0
51	19.7
80	26.5
219	27.9
134	23.4
314	14.1
3	55.0
39	48.4
162	33.3
189	30.3
83	37.5
134	51.6
332	67.1
206	+0.00
63
97	UT Arlington	SB	5	4–1
2–0	111.8
78	103.7
162	.7047
97	53.0
85	43.9
40	19.2
237	18.1
136	41.0
12	24.1
61	29.7
255	51.9
295	54.1
57	38.5
14	34.3
173	34.2
155	42.3
60	42.2
288	72.4
45	-0.6
134
98	Northeastern	CAA	2	1–1
0–0	115.3
53	107.0
205	.7009
98	53.9
60	49.6
157	16.3
130	16.3
196	28.8
175	38.6
313	71.9
2	23.1
21	47.4
187	51.4
218	43.8
21	31.1
97	36.0
162	38.5
215	61.4
328	-0.48
118
99	Wake Forest	ACC	1	0–1
0–0	101.9
202	94.6
55	.6994
99	43.3
294	50.0
164	22.2
299	19.5
86	44.4
2	35.9
288	31.3
234	38.3
195	39.5
313	40.5
32	33.3
189	43.5
300	35.8
166	38.3
211	72.6
39	-0.6
148
100	Texas Tech
   8 seed, R64	B12	3	1–2
1–1	116.7
46	108.5
220	.6993
100	55.6
40	51.1
195	22.5
305	19.0
108	28.4
181	43.4
333	37.9
133	38.1
193	55.0
39	50.0
186	38.1
98	35.5
184	27.5
297	35.2
153	66.3
227	-0.6
139
Rk	Team	Conf	G	Rec	AdjOE	AdjDE	Barthag	Efg%	EfgD%	TOR	TORD	ORB	DRB	FTR	FTRD	2P%	2P%D	3P%	3P%D	3PR	3PRD	Adj T.	WAB
101	UNC Wilmington
   13 seed, R64	CAA	3	3–0
0–0	112.2
74	104.2
173	.6989
101	51.4
111	46.3
77	15.9
112	17.4
160	31.7
108	26.5
101	33.3
207	58.7
317	50.0
116	42.7
47	36.5
126	36.2
197	29.9
261	31.3
84	66.2
230	+0.8
24
102	Rutgers	B10	3	1–2
1–1	106.2
141	98.7
99	.6989
102	49.7
159	47.7
109	21.8
295	17.6
155	29.8
148	45.1
335	39.5
109	19.2
10	44.8
243	43.2
57	42.9
29	39.1
247	25.1
318	29.2
56	72.6
39	-1.0
257
103	Louisiana Monroe	SB	5	3–2
2–0	112.0
76	104.2
170	.6968
103	56.3
30	50.5
178	19.5
247	20.1
66	27.5
198	36.2
290	31.2
237	23.9
27	58.5
10	47.5
141	35.2
150	36.8
203	39.0
107	38.4
214	68.3
162	-0.11
73
104	Austin Peay
   16 seed, R64	OVC	4	4–0
0–0	113.9
59	106.1
195	.6925
104	59.9
9	50.6
180	19.9
255	14.7
250	33.8
74	28.3
145	52.5
20	31.1
103	57.4
19	59.9
318	42.5
33	24.5
28	39.0
107	40.2
257	70.1
98	+0.6
28
105	Houston	Amer	3	1–2
1–0	113.6
63	106.1
194	.6860
105	47.3
214	48.6
130	11.6
8	16.3
196	26.9
211	37.7
306	38.0
131	31.8
114	47.5
185	47.1
132	31.3
231	34.6
165	28.9
276	30.1
65	64.9
275	-0.48
117
106	UC Irvine	BW	5	4–1
2–0	109.5
103	102.4
149	.6824
106	54.7
49	46.1
73	16.2
126	16.2
202	30.1
135	25.0
71	39.4
110	47.9
272	53.1
69	37.7
7	39.5
72	38.9
245	26.5
307	40.4
262	68.4
154	-0.29
93
107	St. Bonaventure	A10	4	2–2
2–0	119.2
29	112.5
271	.6622
107	56.0
32	50.8
187	14.3
60	14.3
260	28.5
178	34.4
268	35.5
177	31.3
109	54.2
53	52.4
240	39.3
75	31.9
117	36.8
145	35.9
167	69.0
132	-0.13
74
108	Western Kentucky	CUSA	5	4–1
2–0	123.4
12	116.5
299	.6608
108	60.9
7	53.0
242	17.3
181	9.1
331	33.8
74	26.1
89	43.4
67	36.1
173	62.2
5	52.8
249	39.2
78	35.5
184	37.2
139	36.1
169	67.6
186	-0.25
88
109	N.C. State	ACC	4	2–2
1–1	118.4
33	111.8
264	.6577
109	54.3
54	54.6
270	16.0
115	13.5
282	33.1
84	34.0
262	27.1
289	31.6
112	50.6
107	52.3
238	41.0
53	38.6
239	33.6
210	40.4
262	69.2
124	-0.34
99
110	Ohio	MAC	4	3–1
1–0	113.0
69	106.8
203	.6561
110	52.7
94	50.0
164	12.2
16	12.9
289	20.5
311	27.4
121	21.3
321	23.8
26	46.8
199	48.5
164	41.2
48	35.1
173	39.5
99	37.3
192	69.8
103	-0.47
114
111	Illinois	B10	5	2–3
0–2	108.3
123	102.4
148	.6543
111	49.8
157	56.3
284	15.8
108	20.2
62	21.6
296	28.0
137	20.9
326	25.3
41	47.7
176	48.9
173	35.9
136	45.8
312	34.8
186	37.5
196	65.7
245	-0.50
122
112	Milwaukee	Horz	2	1–1
0–0	106.9
135	101.1
131	.6542
112	50.0
147	50.0
164	16.8
158	13.8
276	25.0
257	23.3
48	40.0
101	31.4
111	50.0
116	46.7
122	33.3
189	37.2
213	49.1
18	36.4
177	65.3
264	-0.7
168
113	Davidson	A10	6	3–3
1–1	109.9
100	104.2
172	.6493
113	49.9
156	50.7
184	13.0
27	13.7
279	22.8
281	30.7
197	28.2
276	29.5
78	50.2
115	52.7
244	32.9
206	30.8
91	41.6
71	31.4
86	67.6
186	+0.11
54
114	Rhode Island	A10	3	1–2
1–1	102.6
186	97.4
79	.6458
114	47.0
220	44.0
41	16.7
149	15.7
217	29.1
166	21.7
27	26.2
299	35.4
153	46.8
199	42.3
39	31.6
226	31.5
105	33.9
203	34.2
131	62.7
320	-1.4
282
115	Louisiana	SB	5	3–2
1–1	114.4
56	108.6
224	.6454
115	53.9
60	53.4
247	19.1
232	14.5
255	38.0
34	13.7
4	38.4
127	32.6
125	54.2
53	50.0
186	35.6
142	40.7
274	39.7
98	31.2
83	71.6
59	-1.3
278
116	Boise St.	MWC	3	1–2
1–1	103.1
179	97.9
88	.6452
116	49.2
172	48.4
127	15.6
100	21.6
39	26.6
216	25.0
71	39.1
113	47.8
271	54.5
45	49.5
180	26.9
285	31.0
95	37.4
137	36.5
180	71.0
72	-1.5
291
117	Vermont	AE	4	3–1
0–0	108.3
122	102.9
156	.6431
117	58.5
15	45.2
59	21.1
285	15.2
235	23.5
278	31.5
218	43.9
58	32.9
128	56.8
26	40.1
28	41.1
51	38.2
231	34.4
193	29.5
60	70.5
86	-0.5
125
118	Nebraska	B10	4	2–2
0–1	109.6
102	104.2
171	.6424
118	50.2
143	51.1
195	15.6
100	20.6
56	28.8
175	32.1
232	32.1
225	41.8
226	49.7
130	48.3
160	34.2
176	38.0
227	32.1
230	32.3
97	71.4
65	-0.26
90
119	Alabama	SEC	5	1–4
0–2	109.0
110	103.8
165	.6378
119	49.4
165	50.2
172	16.5
142	17.4
160	26.4
222	41.9
328	39.8
105	32.4
121	44.0
263	47.2
135	36.8
119	37.5
216	48.3
19	32.8
109	62.8
318	-1.0
258
120	Akron	MAC	5	3–2
1–0	100.4
218	95.9
66	.6307
120	46.5
235	41.6
25	12.0
12	18.8
117	24.3
266	35.5
284	26.5
294	28.2
67	50.7
104	38.3
12	28.5
270	32.3
124	52.7
5	32.5
99	65.8
244	-0.43
109
121	Colorado St.	MWC	5	3–2
1–1	113.7
61	108.7
226	.6254
121	50.9
126	49.0
140	18.1
207	12.3
305	35.4
58	26.1
89	48.6
30	39.9
213	44.8
243	50.0
186	38.3
93	31.4
104	47.8
21	36.1
169	67.8
178	-0.8
198
122	Chattanooga
   12 seed, R64	SC	3	3–0
0–0	100.5
217	96.2
68	.6230
122	48.4
201	45.1
58	22.0
298	19.5
86	31.3
117	35.0
276	43.9
58	26.0
48	46.0
211	51.7
221	35.1
152	21.1
9	36.3
158	32.9
111	66.1
233	+0.35
39
123	Manhattan	MAAC	2	1–1
0–0	111.8
79	107.1
206	.6218
123	60.2
8	51.4
204	16.8
158	22.7
26	25.4
244	39.3
319	27.4
283	53.8
304	53.7
62	49.3
176	51.6
4	37.1
209	27.4
298	33.7
122	67.4
192	-0.6
145
124	East Tennessee St.	SC	3	2–1
0–0	109.2
104	104.7
180	.6204
124	54.6
50	45.8
69	14.0
51	16.9
177	20.7
307	29.1
164	41.1
85	51.5
293	48.5
161	46.7
122	42.4
35	29.3
69	40.5
90	35.2
153	72.8
32	-0.49
121
125	Ohio St.	B10	4	2–2
0–1	107.0
132	102.8
153	.6136
125	46.4
238	53.7
252	17.4
187	14.5
255	31.2
122	29.9
178	40.3
98	30.7
99	45.7
221	56.7
295	31.9
220	33.0
137	29.6
268	42.2
288	68.7
142	-0.19
81
Rk	Team	Conf	G	Rec	AdjOE	AdjDE	Barthag	Efg%	EfgD%	TOR	TORD	ORB	DRB	FTR	FTRD	2P%	2P%D	3P%	3P%D	3PR	3PRD	Adj T.	WAB
126	LSU	SEC	3	1–2
0–1	101.7
205	97.7
85	.6121
126	40.9
316	52.9
238	14.5
68	17.3
166	28.5
178	35.8
287	36.4
160	31.2
107	43.9
267	55.7
288	23.4
310	32.4
128	34.2
198	39.2
232	71.6
59	-0.13
76
127	Notre Dame
   6 seed, Elite Eight	ACC	4	2–2
1–1	102.0
197	98.0
91	.6115
127	48.0
206	46.5
80	19.2
237	14.0
268	27.9
188	40.0
323	33.8
202	24.4
32	46.8
199	44.9
81	33.3
189	33.0
137	36.5
153	34.8
141	65.9
242	+0.23
48
128	Montana	BSky	6	3–3
1–1	110.9
85	106.7
201	.6094
128	54.5
51	48.6
130	16.7
149	19.3
94	29.2
164	22.5
37	33.5
204	43.5
239	51.3
96	46.9
129	39.8
67	34.2
155	38.2
120	40.1
254	63.5
308	-1.5
294
129	Texas St.	SB	4	3–1
2–0	102.0
194	98.5
97	.5984
129	53.1
81	45.2
59	18.0
206	19.1
105	22.3
289	26.0
87	38.6
124	33.0
131	52.6
76	45.2
88	36.4
128	30.2
81	26.6
306	38.9
226	66.1
233	-0.44
111
130	Appalachian St.	SB	2	2–0
2–0	103.2
177	99.7
107	.5984
130	47.5
213	45.7
68	16.8
158	19.7
80	31.3
117	20.3
22	44.1
56	49.0
278	47.3
190	48.7
169	31.8
223	25.0
29	37.3
138	26.9
30	71.8
56	+0.32
43
131	Mississippi St.	SEC	3	1–2
1–1	103.6
170	100.2
114	.5961
131	48.9
187	49.4
152	20.9
279	18.2
131	28.7
177	23.6
53	33.3
207	43.4
238	45.4
227	45.9
103	36.0
135	37.1
209	41.0
82	35.8
165	74.2
19	-1.0
254
132	Massachusetts	A10	4	2–2
1–1	96.3
269	93.4
44	.5878
132	44.6
276	39.7
11	16.5
142	14.7
250	18.2
323	34.8
271	35.3
180	35.4
153	44.1
255	42.4
42	30.4
241	23.0
15	31.2
248	33.9
125	71.5
62	-0.48
116
133	Vanderbilt
   11 seed, R68	SEC	3	0–3
0–1	103.7
168	100.7
125	.5840
133	46.0
246	45.4
64	19.9
255	10.7
321	27.1
208	31.9
227	28.8
265	34.8
147	44.7
245	43.7
63	31.9
220	32.8
133	42.3
60	31.5
87	66.2
230	-0.9
219
134	George Mason	A10	2	1–1
1–0	111.1
84	108.0
214	.5821
134	47.0
220	51.1
195	17.8
199	6.8
334	42.9
3	12.2
3	36.4
160	24.2
30	44.1
255	43.4
60	35.9
136	41.1
277	29.5
270	42.4
290	72.7
35	-0.7
160
135	Valparaiso	Horz	2	1–1
0–0	113.3
66	110.2
239	.5785
135	49.3
171	51.6
207	15.1
86	12.5
302	37.3
43	32.1
232	44.8
52	56.1
308	49.4
138	47.7
149	32.7
210	40.5
272	36.6
148	30.1
65	67.8
178	-0.8
189
136	Columbia	Ivy	3	2–1
1–1	104.6
163	102.0
141	.5716
136	53.1
81	48.2
126	13.3
34	19.6
84	25.7
237	32.0
229	18.3
331	23.6
24	42.9
283	47.7
149	45.7
13	32.8
133	40.0
94	35.2
153	63.0
316	-0.6
151
137	Charleston	CAA	2	1–1
0–0	98.8
238	96.3
69	.5714
137	48.0
206	51.9
216	19.0
229	25.0
12	28.4
181	31.7
224	56.1
13	35.9
168	43.3
274	50.7
202	38.7
85	36.1
191	31.6
243	35.0
145	65.4
257	-0.6
142
138	UMBC	AE	1	0–1
0–0	131.6
3	128.4
333	.5699
138	58.8
14	65.6
333	9.5
2	12.6
296	24.2
271	39.4
320	29.8
252	111.1
337	48.6
156	59.4
314	50.0
5	53.8
332	38.6
115	28.9
50	64.7
282	-0.6
138
139	Weber St.
   15 seed, R64	BSky	5	4–1
1–1	102.6
187	100.2
115	.5678
139	58.4
17	47.2
99	23.7
314	15.0
240	20.4
314	30.6
193	50.4
26	32.9
128	56.9
25	44.0
69	40.0
60	38.6
239	48.3
19	23.0
8	67.1
206	-0.15
78
140	TCU	B12	4	1–3
0–2	103.0
180	100.6
121	.5676
140	43.9
285	58.6
306	20.9
279	22.0
35	27.9
188	28.2
141	49.5
27	38.3
195	42.7
287	53.2
260	30.7
237	44.6
309	36.4
157	39.7
247	68.2
166	-0.5
127
141	South Dakota St.
   12 seed, R64	Sum	3	3–0
0–0	101.8
203	99.7
105	.5619
141	44.4
281	48.1
122	17.0
164	17.0
172	31.6
110	23.0
43	48.0
34	27.8
63	44.2
253	44.1
71	29.8
252	40.0
262	37.5
134	25.3
18	66.0
237	+0.47
31
142	Wagner	NEC	4	3–1
0–0	101.9
200	99.8
108	.5594
142	47.3
214	46.4
79	17.8
199	17.5
157	38.7
28	26.7
105	43.7
64	46.2
264	49.1
148	50.3
196	28.4
271	25.7
33	28.2
283	33.2
115	68.3
162	-0.9
222
143	Southern Illinois	MVC	1	0–1
0–0	98.6
241	96.6
71	.5587
143	45.4
264	54.5
267	27.7
333	16.9
177	40.0
19	10.7
2	31.5
229	56.8
311	55.6
35	53.6
266	16.7
328	37.5
216	33.3
214	36.4
177	70.6
82	-0.5
129
144	Duquesne	A10	4	2–2
1–1	114.3
57	112.1
267	.5558
144	61.1
5	52.7
235	20.0
259	14.0
268	24.2
271	30.2
187	36.7
154	43.8
243	60.2
7	45.7
100	41.5
45	40.7
274	46.3
27	46.1
318	73.3
27	-1.1
263
145	North Dakota St.	Sum	3	2–1
0–0	96.4
266	94.8
56	.5494
145	47.1
219	42.6
33	16.3
130	14.7
250	20.6
309	28.4
151	36.4
160	32.1
118	45.9
214	38.5
14	33.3
189	32.8
133	29.2
272	38.1
207	62.8
318	-0.33
97
146	Furman	SC	3	2–1
0–0	106.9
133	105.3
188	.5439
146	50.9
126	51.9
216	19.4
243	17.4
160	39.8
23	22.7
40	41.2
84	32.5
122	54.5
45	47.6
144	30.3
245	40.4
270	40.0
94	33.1
113	66.0
237	-0.7
175
147	Loyola Chicago	MVC	2	1–1
0–0	104.6
162	103.3
159	.5364
147	48.6
194	50.5
178	16.0
115	26.1
7	19.2
320	27.5
124	40.7
93	51.0
290	37.5
322	47.6
144	43.2
26	37.1
209	40.7
86	35.7
162	70.7
81	-0.25
87
148	Purdue Fort Wayne	Sum	3	1–2
0–0	103.3
175	102.1
142	.5353
148	49.2
172	54.4
266	20.3
270	20.7
53	30.4
129	23.2
47	21.2
323	24.4
32	44.1
255	51.9
227	36.3
130	39.1
247	49.5
17	37.2
189	72.3
48	-0.7
172
149	Arkansas	SEC	3	1–2
1–1	101.8
204	100.7
124	.5332
149	42.2
303	51.3
202	16.2
126	17.7
152	29.8
148	26.8
108	35.1
182	46.1
263	41.9
296	47.6
144	28.9
263	39.2
251	25.9
314	33.1
113	66.0
237	-0.6
147
150	Loyola Marymount	WCC	2	1–1
0–0	99.3
232	98.3
94	.5291
150	42.2
303	53.9
257	18.3
210	23.3
17	25.4
244	30.2
187	31.4
233	36.7
178	38.9
314	55.3
283	33.3
189	34.9
169	29.4
271	47.8
326	63.9
297	-0.33
98
Rk	Team	Conf	G	Rec	AdjOE	AdjDE	Barthag	Efg%	EfgD%	TOR	TORD	ORB	DRB	FTR	FTRD	2P%	2P%D	3P%	3P%D	3PR	3PRD	Adj T.	WAB
151	Penn St.	B10	3	1–2
1–1	106.1
144	105.2
185	.5244
151	51.5
107	48.9
139	16.7
149	16.7
185	22.8
281	27.4
121	37.3
139	45.4
258	45.5
225	46.4
111	40.0
60	36.7
201	41.4
74	28.2
45	68.1
168	-1.3
273
152	Western Michigan	MAC	2	1–1
1–0	94.0
281	93.3
43	.5208
152	42.6
299	44.1
42	20.0
259	14.5
255	36.7
47	27.0
112	55.7
15	33.1
133	42.6
288	45.7
100	28.6
266	28.1
53	18.3
337	44.9
313	69.1
128	-0.41
108
153	Oklahoma St.	B12	2	0–2
0–1	105.3
153	104.6
178	.5177
153	47.9
209	51.9
216	18.5
215	15.3
227	25.8
233	31.8
226	52.1
21	41.9
227	49.2
144	50.0
186	30.3
245	37.9
225	35.1
179	27.6
39	64.0
293	-1.1
266
154	New Hampshire	AE	3	2–1
0–0	93.5
284	93.0
38	.5167
154	41.9
308	42.8
34	14.6
70	12.6
296	27.6
195	13.7
4	28.5
267	36.9
180	38.5
317	51.0
208	31.4
230	20.3
7	39.1
106	40.0
252	66.1
233	-0.7
154
155	Winthrop	BSth	3	2–1
0–0	102.3
191	101.7
138	.5163
155	45.1
269	39.9
13	14.9
79	12.5
302	30.3
131	34.8
271	34.8
185	29.2
75	50.5
109	41.2
34	25.9
294	24.1
24	46.2
28	26.7
28	68.4
154	-0.7
163
156	Georgia St.	SB	3	1–2
1–1	109.1
109	108.5
222	.5134
156	53.3
74	59.1
310	13.1
30	21.2
45	17.8
326	27.3
117	28.5
267	43.2
236	49.2
144	60.9
322	43.9
20	37.5
216	24.8
320	37.8
201	67.9
173	-1.1
268
157	Morehead St.	OVC	3	2–1
0–0	109.2
106	109.1
231	.5020
157	48.6
194	56.9
291	16.4
136	19.3
94	34.8
68	25.6
82	36.5
159	49.7
283	46.9
197	60.7
320	35.3
147	34.4
160	28.2
283	41.8
282	70.1
98	-0.7
166
158	Marquette	BE	3	1–2
0–1	116.1
49	116.4
298	.4920
158	50.6
137	61.7
324	16.4
136	16.9
177	24.5
264	35.2
279	56.9
10	40.2
216	53.3
66	59.8
317	28.9
263	43.5
300	26.9
302	33.7
122	72.5
43	-0.45
112
159	Fordham	A10	4	2–2
2–0	101.9
199	102.3
147	.4885
159	51.4
111	56.9
291	22.2
299	22.6
29	32.4
98	28.9
160	29.6
256	26.6
49	50.4
112	59.0
311	35.1
152	35.8
187	44.9
35	39.9
251	63.5
308	-0.09
70
160	Tennessee Martin	OVC	3	2–1
0–0	108.4
119	108.9
228	.4879
160	55.6
40	52.9
238	16.0
115	15.5
223	29.6
153	25.2
77	37.1
145	19.1
8	56.3
29	44.7
77	36.5
126	39.8
261	43.5
50	54.8
333	69.8
103	-0.7
165
161	Grand Canyon	WAC	2	2–0
1–0	98.9
236	99.4
104	.4868
161	49.2
172	48.8
138	17.2
176	15.3
227	33.3
78	17.7
12	64.7
3	35.7
166	49.4
138	53.8
270	32.5
212	27.1
42	33.6
210	38.1
207	75.4
9	+0.11
55
162	Northern Illinois	MAC	3	2–1
1–0	99.5
227	100.1
112	.4818
162	48.6
194	51.8
211	14.7
73	20.8
51	28.9
171	27.6
126	32.4
221	23.7
25	39.8
311	46.5
113	40.0
60	39.7
258	43.4
51	40.2
257	66.1
233	-0.6
140
163	San Francisco	WCC	1	0–1
0–0	118.0
37	118.8
309	.4815
163	58.1
18	60.5
317	17.5
193	13.5
282	25.8
233	32.3
236	27.4
283	59.6
320	58.3
13	53.8
270	38.5
87	50.0
323	41.9
64	31.6
88	74.8
12	-0.8
191
164	Belmont	OVC	2	0–2
0–0	125.1
6	126.4
329	.4715
164	62.2
1	61.6
323	18.4
213	18.4
128	30.0
141	38.7
316	26.8
291	48.3
276	75.0
1	56.6
293	34.3
173	47.5
317	54.5
3	34.5
135	69.0
132	-0.9
227
165	Air Force	MWC	2	0–2
0–1	110.8
88	112.0
266	.4697
165	50.7
135	55.4
282	20.0
259	21.2
45	32.5
94	38.0
308	38.8
120	65.0
332	48.2
164	53.7
267	36.7
122	37.9
225	36.6
148	55.0
334	67.2
202	-1.3
274
166	La Salle	A10	4	2–2
1–1	99.7
224	100.8
128	.4693
166	48.7
193	48.7
137	18.1
207	17.7
152	26.1
227	25.3
78	36.2
166	30.2
91	46.1
210	44.3
73	34.6
166	36.8
203	44.8
38	40.4
262	68.2
166	-1.1
265
167	UTEP	CUSA	3	2–1
1–0	108.8
113	110.0
237	.4687
167	57.7
20	49.2
149	16.5
142	19.2
99	27.3
202	41.3
326	60.1
8	37.6
188	51.7
89	50.5
199	48.9
6	31.9
117	27.6
293	46.9
324	69.6
108	-0.7
164
168	UCLA	P12	3	0–3
0–2	104.5
164	105.7
190	.4676
168	47.2
217	54.9
275	16.1
121	19.3
94	27.0
209	33.6
258	26.2
299	40.7
220	48.5
161	49.5
180	29.5
257	42.3
288	31.3
245	39.0
229	73.8
20	-1.7
304
169	Montana St.	BSky	3	2–1
2–0	110.5
95	111.8
261	.4661
169	52.4
95	51.8
211	12.8
23	18.0
141	30.1
135	29.4
170	37.3
139	46.4
265	53.4
65	45.3
91	34.1
178	41.9
282	44.3
41	36.9
185	68.9
137	-0.8
205
170	UAB	CUSA	4	2–2
2–0	105.0
155	106.2
196	.4655
170	48.5
198	54.9
275	13.8
48	19.9
71	26.5
219	33.3
251	30.5
244	34.6
146	49.0
149	54.7
280	31.7
224	36.8
203	40.2
92	36.7
181	72.7
35	-0.6
131
171	Drexel	CAA	2	1–1
0–0	98.8
237	100.4
118	.4535
171	46.1
242	50.0
164	17.3
181	11.0
319	26.4
222	26.5
101	22.4
318	44.8
253	43.0
280	47.8
152	36.7
122	36.1
191	25.9
314	34.3
133	61.7
327	-0.5
128
172	Richmond	A10	3	1–2
0–1	99.5
226	101.5
135	.4442
172	45.3
265	47.1
96	13.0
27	20.8
51	19.3
319	37.3
302	26.5
294	35.4
153	46.4
205	49.6
184	29.0
262	27.1
42	38.1
125	27.4
35	69.9
101	-1.1
264
173	Coastal Carolina	BSth	2	1–1
0–0	96.4
265	98.5
98	.4378
173	43.3
294	40.3
15	17.6
195	16.1
205	36.8
45	38.0
308	23.6
313	24.2
30	45.2
229	47.3
138	27.7
280	20.0
6	51.2
13	40.3
259	67.4
192	-0.9
235
174	Charlotte	CUSA	4	2–2
1–1	99.9
223	102.2
146	.4351
174	49.2
172	54.9
275	17.1
171	22.6
29	29.5
157	28.3
145	28.3
273	33.6
138	47.6
179	61.1
323	34.9
158	28.6
60	33.9
203	34.1
129	72.0
54	-1.5
287
175	Tennessee St.	OVC	2	0–2
0–0	93.5
285	95.8
64	.4314
175	43.4
291	53.7
252	17.8
199	29.9
1	25.0
257	33.8
260	35.7
173	56.1
308	40.9
306	44.8
80	33.3
189	42.9
293	27.9
286	45.8
316	70.9
75	-0.9
227
Rk	Team	Conf	G	Rec	AdjOE	AdjDE	Barthag	Efg%	EfgD%	TOR	TORD	ORB	DRB	FTR	FTRD	2P%	2P%D	3P%	3P%D	3PR	3PRD	Adj T.	WAB
176	Louisiana Tech	CUSA	3	1–2
1–1	104.8
157	107.6
211	.4251
176	50.5
138	57.4
298	15.5
96	17.7
152	25.2
250	28.6
156	39.9
102	37.7
189	45.8
216	59.0
311	39.7
68	36.1
191	34.4
193	33.3
117	72.0
54	-1.1
259
177	North Dakota	BSky	6	2–4
0–2	99.4
229	102.1
143	.4239
177	49.4
165	52.7
235	18.7
219	18.3
130	25.8
233	22.0
34	45.5
47	35.9
168	44.6
248	52.7
244	40.8
54	35.1
173	29.1
273	43.1
299	73.3
27	-2.2
329
178	Gardner Webb	BSth	3	2–1
0–0	107.3
127	110.3
240	.4217
178	44.5
280	47.7
109	12.2
16	12.7
294	40.3
17	28.2
141	32.3
223	35.6
162	47.2
191	45.4
96	26.2
293	33.8
145	33.9
203	44.3
306	64.8
277	-0.6
143
179	Bowling Green	MAC	4	2–2
0–1	106.0
145	109.0
230	.4212
179	53.0
85	53.8
255	18.3
210	15.6
218	31.5
113	31.5
218	37.4
138	38.5
200	55.0
39	53.7
267	32.3
213	35.9
188	30.4
253	40.7
269	65.3
264	-1.1
260
180	Siena	MAAC	3	1–2
0–0	108.4
121	111.5
256	.4186
180	53.9
60	54.7
273	23.8
316	17.9
144	38.6
31	29.9
178	51.5
23	30.0
87	52.3
81	51.1
211	37.9
101	42.9
293	34.7
188	27.2
33	72.8
32	-0.8
182
181	UMKC	WAC	3	2–1
1–0	107.6
125	110.8
248	.4170
181	51.4
111	46.6
82	13.7
45	18.1
136	31.6
110	29.4
170	41.0
88	46.6
266	44.3
250	46.5
113	44.6
16	31.3
99	31.5
244	39.3
236	66.3
227	-0.6
149
182	Delaware	CAA	1	0–1
0–0	104.9
156	108.0
216	.4166
182	49.1
181	47.0
92	27.0
330	16.5
192	32.4
98	30.6
193	34.0
197	62.0
326	48.6
156	48.5
164	33.3
189	29.4
73	34.0
201	34.0
128	70.9
75	-0.8
184
183	Lehigh	Pat	3	2–1
0–0	105.4
151	108.6
225	.4135
183	50.3
141	47.0
92	17.3
181	13.5
282	31.3
117	27.6
126	30.4
247	30.5
96	50.0
116	39.6
23	33.9
183	38.2
231	36.6
148	41.5
277	66.6
221	-0.9
218
184	Tulsa
   11 seed, R68	Amer	3	1–2
1–0	107.0
131	110.4
242	.4116
184	48.5
198	47.9
115	16.0
115	14.1
267	30.3
131	34.1
264	45.2
48	30.6
97	53.2
67	44.7
77	26.3
291	35.7
186	33.9
203	36.3
175	68.3
162	-0.6
136
185	The Citadel	SC	1	0–1
0–0	106.0
146	109.4
234	.4103
185	49.1
181	44.2
44	17.2
176	11.0
319	33.3
78	44.2
334	30.4
247	23.2
23	37.8
320	51.1
211	47.4
8	20.8
8	33.9
203	34.8
141	68.7
142	-0.9
213
186	Western Carolina	SC	3	1–2
0–0	99.5
228	102.8
154	.4070
186	46.6
234	51.8
211	20.3
270	20.7
53	37.4
42	27.3
117	35.4
179	48.0
274	46.0
211	45.3
91	32.1
214	41.5
278	27.6
293	38.0
204	72.2
51	-0.6
144
187	Missouri St.	MVC	2	1–1
0–0	97.8
252	101.1
132	.4056
187	46.9
223	48.6
130	14.0
51	14.0
268	21.6
296	25.4
79	28.3
273	29.7
82	42.1
293	48.1
157	37.8
103	33.3
140	32.7
222	27.0
31	65.6
246	-0.6
133
188	Idaho	BSky	5	3–2
2–0	107.3
128	111.0
252	.4016
188	48.9
187	52.6
232	17.0
164	18.9
111	35.3
60	31.4
214	43.9
58	50.8
288	45.2
229	52.5
241	37.2
111	35.1
173	34.7
188	44.4
307	65.4
257	-0.5
123
189	Samford	SC	2	1–1
0–0	97.7
253	101.2
133	.4013
189	43.6
288	46.6
82	20.0
259	19.3
94	31.3
117	31.6
221	54.1
17	45.7
261	45.1
232	49.3
176	25.9
294	27.9
50	24.8
320	37.1
188	68.7
142	-0.7
167
190	South Carolina St.	MEAC	5	3–2
1–0	107.2
129	111.2
254	.3986
190	51.0
122	48.6
130	13.8
48	11.8
313	29.1
166	27.6
126	36.8
152	44.4
248	53.2
67	49.5
180	30.1
249	31.5
105	27.8
287	37.6
198	69.0
132	-0.8
193
191	Incarnate Word	Slnd	2	2–0
2–0	109.9
99	114.0
281	.3984
191	56.4
29	56.7
288	12.5
20	17.4
160	20.3
316	23.9
57	38.1
129	27.5
59	52.1
84	52.6
242	42.2
37	42.9
293	38.1
125	35.0
145	71.4
65	+0.09
57
192	LIU	NEC	2	1–1
0–0	108.9
112	112.9
276	.3982
192	51.3
115	47.7
109	16.5
142	14.3
260	32.9
87	38.5
312	43.5
65	30.3
92	56.8
26	51.0
208	22.2
316	25.0
29	23.5
329	24.2
14	69.4
116	-0.8
185
193	Oakland	Horz	1	0–1
0–0	106.5
138	110.5
245	.3946
193	45.5
262	57.4
298	16.3
130	16.3
196	20.0
317	17.4
9	40.9
89	12.8
2	44.0
263	52.9
252	31.6
226	46.2
313	43.2
53	27.7
41	57.6
336	-0.8
186
194	UCF	Amer	3	1–2
1–1	95.7
274	99.3
103	.3943
194	44.9
270	44.5
50	28.6
336	11.8
313	34.3
71	26.1
89	33.5
204	28.7
72	45.6
223	42.0
38	29.4
258	34.0
150	43.0
54	27.6
39	68.8
139	-1.1
261
195	Saint Louis	A10	4	1–3
0–2	102.7
185	106.8
202	.3895
195	51.1
120	52.0
220	16.6
147	16.6
190	21.3
303	28.4
151	27.6
281	37.1
182	43.1
278	46.3
107	44.3
17	40.0
262	34.1
199	41.5
277	70.4
89	-2.0
324
196	Boston College	ACC	3	0–3
0–2	100.6
216	104.6
177	.3890
196	48.5
198	61.3
322	17.2
176	19.8
78	24.0
275	30.1
185	31.5
229	35.6
162	53.5
64	57.3
301	27.0
284	45.6
311	38.9
111	35.6
160	66.3
227	-1.7
305
197	Eastern Washington	BSky	5	2–3
0–2	106.5
139	111.0
251	.3816
197	50.0
147	50.6
180	12.6
21	17.9
144	27.6
195	27.4
121	31.6
227	47.9
272	47.2
191	50.5
199	35.4
145	33.8
145	46.9
23	29.1
54	68.4
154	-2.7
337
198	Hampton
   16 seed, R64	MEAC	4	3–1
0–1	105.6
148	110.3
241	.3773
198	51.3
115	52.4
226	20.4
273	16.9
177	39.4
24	21.7
27	46.3
44	30.1
89	50.9
101	50.0
186	34.8
159	38.0
227	28.6
279	34.5
135	71.6
59	-0.7
171
199	Stony Brook
   13 seed, R64	AE	3	3–0
0–0	110.9
86	115.9
294	.3763
199	55.8
37	55.3
280	13.1
30	16.7
185	40.0
19	23.7
55	60.6
7	24.9
38	53.0
71	52.1
233	41.7
41	39.7
258	29.1
273	43.2
300	65.4
257	+0.15
52
200	Nicholls St.	Slnd	4	3–1
2–0	93.1
288	97.6
83	.3652
200	47.8
211	40.8
17	15.7
105	20.0
69	27.8
193	32.5
243	47.1
37	52.9
300	50.3
113	38.3
12	28.4
271	32.1
121	33.2
216	25.1
17	65.2
269	-0.8
194
Rk	Team	Conf	G	Rec	AdjOE	AdjDE	Barthag	Efg%	EfgD%	TOR	TORD	ORB	DRB	FTR	FTRD	2P%	2P%D	3P%	3P%D	3PR	3PRD	Adj T.	WAB
201	Santa Clara	WCC	1	0–1
0–0	92.3
297	96.9
73	.3636
201	40.5
320	52.0
220	20.3
270	18.9
111	30.0
141	25.0
71	32.8
217	62.0
326	41.0
305	48.3
160	26.3
291	38.1
229	32.8
221	42.0
286	63.9
297	-0.5
126
202	Tulane	Amer	5	2–3
0–2	92.7
296	97.4
77	.3616
202	41.2
312	46.8
88	14.4
65	21.3
43	27.2
206	33.2
250	26.6
292	42.1
229	40.8
307	44.4
74	28.1
276	34.4
160	28.5
280	33.2
115	69.6
108	-1.7
300
203	Miami OH	MAC	3	1–2
0–1	98.7
240	103.7
163	.3608
203	44.7
275	50.6
180	12.9
24	15.9
213	21.7
293	27.6
126	39.1
113	35.5
159	46.2
207	50.5
199	28.1
276	33.8
145	35.4
173	39.2
232	63.8
303	-1.4
281
204	Louisville	ACC	1	0–1
0–1	93.0
290	97.9
89	.3554
204	31.0
334	57.7
303	12.0
12	22.2
31	30.2
134	34.8
271	24.1
311	76.9
336	33.3
335	55.6
287	18.2
325	41.7
280	37.9
129	30.8
76	65.4
257	-0.10
72
205	East Carolina	Amer	3	1–2
1–1	89.1
312	93.8
47	.3553
205	41.2
312	46.1
73	23.6
313	18.2
131	32.5
94	31.3
209	25.7
304	25.4
42	50.0
116	48.8
170	20.0
322	26.8
39	43.9
47	30.9
77	67.0
209	-1.5
292
206	Southern Miss	CUSA	2	0–2
0–2	109.1
108	115.2
290	.3493
206	61.4
4	58.3
305	20.9
279	12.2
307	24.2
271	22.4
35	48.6
30	36.5
176	54.0
59	63.4
333	45.5
14	34.5
163	52.4
6	43.7
303	65.0
273	-1.4
283
207	San Jose St.	MWC	3	1–2
1–1	96.7
261	102.1
144	.3479
207	45.7
257	53.6
250	16.1
121	17.5
157	27.3
202	24.7
68	39.4
110	57.8
315	49.6
132	61.3
324	25.8
296	27.9
50	35.4
173	39.6
244	71.2
68	-1.3
276
208	Nevada	MWC	5	2–3
0–2	92.9
292	98.3
93	.3437
208	42.5
301	50.0
164	19.2
237	19.5
86	25.3
249	28.1
139	36.8
152	32.9
128	45.0
237	45.5
97	24.1
305	39.2
251	29.1
273	33.9
125	70.9
75	-1.5
293
209	Indiana St.	MVC	2	1–1
0–0	85.5
322	90.5
22	.3427
209	33.0
332	42.1
31	17.0
164	17.0
172	26.1
227	31.0
203	43.8
62	32.5
122	38.4
318	39.4
20	15.4
329	30.6
88	34.8
186	40.8
272	67.9
173	-0.37
103
210	Norfolk St.	MEAC	4	2–2
1–0	96.3
268	101.9
140	.3426
210	46.8
229	46.2
76	16.4
136	21.0
47	28.5
178	36.3
292	37.6
136	36.8
179	45.0
237	42.7
47	33.3
189	35.0
170	35.8
166	35.9
167	66.5
223	-0.9
209
211	Detroit Mercy	Horz	2	1–1
0–0	105.5
149	111.8
260	.3406
211	49.2
172	52.3
224	21.3
287	15.3
227	40.8
13	18.8
15	34.6
186	60.2
322	54.2
53	52.1
233	22.6
314	35.1
173	24.4
324	34.3
133	74.6
15	-0.7
170
212	Southern
   16 seed, R68	SWAC	6	4–2
1–1	98.0
247	103.8
167	.3387
212	46.8
229	47.8
113	15.5
96	20.1
66	27.4
200	24.9
70	36.3
165	43.8
243	47.8
172	42.9
50	29.6
256	37.1
209	30.4
253	38.8
222	70.6
82	-0.7
156
213	Pepperdine	WCC	3	1–2
0–0	109.0
111	115.6
292	.3379
213	52.8
89	56.7
288	12.4
18	12.9
289	31.5
113	30.6
193	34.3
190	29.4
77	49.6
132	54.0
273	39.7
68	40.0
262	32.0
233	44.4
307	68.4
154	-0.29
92
214	Navy	Pat	1	0–1
0–0	96.9
258	103.0
157	.3311
214	40.5
320	40.9
18	9.4
1	12.6
296	32.5
94	28.2
141	44.8
52	45.5
260	35.1
331	43.9
66	33.3
189	21.4
10	36.2
159	25.5
21	63.9
297	-0.7
176
215	Brown	Ivy	2	0–2
0–2	100.2
221	106.6
200	.3295
215	52.8
89	53.1
244	22.9
308	13.0
288	31.7
108	20.6
23	27.4
283	30.4
94	50.7
104	43.6
61	37.8
103	50.0
323	34.9
185	30.4
69	65.1
271	-1.5
288
216	UC Davis	BW	3	1–2
1–1	97.3
256	103.6
161	.3268
216	49.4
165	51.3
202	16.4
136	19.9
71	16.7
328	23.6
53	31.5
229	32.3
120	44.6
248	52.6
242	41.2
48	32.9
136	28.2
283	37.6
198	67.4
192	-1.2
272
217	DePaul	BE	2	0–2
0–1	102.5
188	109.2
232	.3264
217	44.6
276	62.1
326	19.4
243	20.9
49	29.9
145	29.8
176	34.2
194	49.5
281	42.4
291	62.7
329	34.6
166	40.9
276	23.4
331	46.3
320	64.1
291	-1.1
262
218	Texas Southern	SWAC	5	2–3
1–1	110.7
90	118.0
305	.3256
218	52.3
97	50.3
174	17.5
193	12.1
309	36.5
51	31.5
218	45.0
51	30.0
87	47.0
195	51.2
215	41.4
46	32.4
128	35.1
179	32.6
103	68.8
139	-1.7
301
219	High Point	BSth	3	1–2
0–0	110.2
97	117.7
303	.3190
219	48.8
190	53.9
257	19.7
251	14.9
244	32.7
91	38.6
313	47.9
36	27.2
53	46.2
207	56.0
289	34.7
162	32.0
120	44.2
43	26.2
26	67.6
186	-0.8
179
220	Portland	WCC	1	0–1
0–0	117.3
44	125.4
327	.3174
220	46.5
235	59.0
309	18.8
223	7.8
333	40.5
15	39.4
320	35.1
182	39.3
206	47.1
194	56.8
296	30.4
241	41.7
280	40.4
91	39.3
236	64.8
277	-0.30
95
221	Maryland Eastern Shore	MEAC	2	1–1
1–0	104.4
165	111.7
258	.3159
221	54.2
57	49.1
147	24.4
319	15.3
227	42.1
6	26.0
87	27.1
289	40.5
219	58.2
14	52.8
249	28.6
266	28.2
55	26.2
310	35.1
148	64.7
282	-0.9
214
222	St. John's	BE	2	0–2
0–1	117.0
45	125.2
326	.3153
222	56.8
25	60.5
317	20.7
276	16.1
205	33.8
74	31.7
224	32.0
226	55.3
307	54.9
42	56.8
296	41.2
48	45.0
310	27.2
300	35.1
148	73.4
22	-1.3
275
223	UC Riverside	BW	3	0–3
0–2	103.2
178	110.9
249	.3049
223	44.9
270	61.1
320	15.6
100	20.0
69	26.3
225	28.2
141	29.8
252	49.7
283	40.6
308	58.3
306	33.8
185	43.9
307	43.3
52	37.3
192	68.6
148	-2.0
323
224	Bucknell	Pat	2	0–2
0–0	104.7
161	112.5
272	.3039
224	46.9
223	51.1
195	17.3
181	12.0
310	31.8
105	25.9
85	35.9
168	29.6
79	51.7
89	47.2
135	28.6
266	39.1
247	54.7
2	34.1
129	67.3
198	-1.0
249
225	Cal Poly	BW	3	0–3
0–2	103.3
176	111.0
253	.3035
225	39.1
322	53.8
255	17.8
199	12.0
310	32.2
103	31.3
209	42.4
74	33.7
141	35.9
325	47.3
138	28.8
265	50.0
323	44.2
43	23.7
11	64.8
277	-1.6
299
Rk	Team	Conf	G	Rec	AdjOE	AdjDE	Barthag	Efg%	EfgD%	TOR	TORD	ORB	DRB	FTR	FTRD	2P%	2P%D	3P%	3P%D	3PR	3PRD	Adj T.	WAB
226	Kent St.	MAC	2	0–2
0–1	101.2
208	108.9
229	.3020
226	44.4
281	49.2
149	19.8
253	12.2
307	37.8
37	31.0
203	35.0
184	31.9
116	36.8
324	57.5
302	39.0
81	23.9
22	35.0
182	38.7
220	66.0
237	-1.5
286
227	Missouri	SEC	1	0–1
0–1	103.6
171	111.5
255	.3006
227	50.8
130	50.9
191	16.4
136	9.6
328	20.5
311	15.8
7	33.3
207	58.9
318	47.6
179	62.5
326	38.9
83	28.1
53	30.0
258	57.1
336	72.3
48	-0.6
141
228	Bradley	MVC	1	0–1
0–0	100.2
220	108.0
215	.2976
228	48.1
204	50.0
164	27.2
331	11.5
317	32.4
98	19.4
17	43.4
67	63.5
329	50.0
116	37.9
9	29.4
258	43.5
300	32.1
230	44.2
305	73.4
22	-0.9
207
229	Mount St. Mary's	NEC	2	1–1
0–0	94.7
278	102.2
145	.2948
229	41.1
314	49.5
156	10.4
4	20.1
66	28.9
171	29.9
178	38.2
128	33.0
131	40.5
309	49.4
178	28.2
275	33.3
140	31.7
238	27.5
38	66.8
216	-0.8
199
230	Utah Valley	WAC	2	0–2
0–1	99.1
235	106.9
204	.2935
230	50.8
130	45.9
72	13.4
38	14.6
253	10.3
335	36.4
293	40.5
95	51.9
295	54.5
45	42.6
45	30.9
235	37.5
216	45.5
30	24.1
13	79.4
5	-1.8
309
231	Towson	CAA	1	0–1
0–0	108.0
124	116.6
300	.2920
231	46.0
246	62.8
328	17.2
176	18.9
111	47.4
1	33.3
251	12.9
335	60.5
324	50.0
116	57.7
303	26.9
285	47.1
316	41.9
64	39.5
242	60.7
329	-0.8
181
232	Central Michigan	MAC	3	0–3
0–1	102.0
195	110.6
246	.2841
232	49.5
162	52.4
226	14.0
51	16.4
194	26.4
222	30.5
192	28.0
277	47.6
269	55.6
35	47.5
141	29.2
260	43.5
300	51.6
10	27.4
35	66.9
213	-1.8
313
233	Toledo	MAC	2	0–2
0–1	93.6
283	101.5
136	.2834
233	51.8
104	47.9
115	23.0
309	16.0
209	22.4
287	30.1
185	33.0
215	44.4
248	47.0
195	48.2
158	39.5
72	31.3
99	39.4
102	27.4
35	69.5
111	-1.6
296
234	Binghamton	AE	1	0–1
0–0	85.4
323	92.6
35	.2818
234	45.6
259	31.4
1	17.9
205	6.5
335	7.7
337	28.9
160	37.8
135	39.0
202	57.1
21	35.5
1	17.6
326	17.9
3	37.8
132	47.5
325	62.4
322	-0.8
200
235	Seattle	WAC	4	2–2
0–1	97.5
255	105.8
191	.2804
235	48.3
202	51.0
193	25.8
326	19.9
71	35.0
65	28.9
160	48.5
32	50.2
287	42.9
283	45.5
97	38.2
95	40.3
267	37.6
133	36.8
182	69.0
132	-1.2
271
236	North Texas	CUSA	3	1–2
1–1	105.3
152	114.3
283	.2803
236	47.9
209	53.9
257	13.0
27	16.8
181	28.3
185	38.0
308	34.0
197	33.3
135	47.7
176	58.4
308	32.1
214	29.1
67	29.8
265	30.6
73	71.8
56	-1.6
295
237	Portland St.	BSky	4	3–1
2–0	101.5
206	110.5
243	.2754
237	54.0
59	55.0
279	13.7
45	20.5
57	21.0
305	23.9
57	39.7
106	28.5
70	55.6
35	52.9
252	32.0
218	39.3
255	20.9
334	35.1
148	74.3
16	-0.7
174
238	Marshall	CUSA	4	2–2
1–1	113.7
60	123.8
323	.2742
238	55.8
37	59.1
310	14.4
65	17.8
150	30.1
135	28.5
155	34.6
186	55.0
306	60.9
6	52.7
244	33.1
205	49.3
322	44.9
35	30.2
67	78.9
6	-1.5
290
239	South Alabama	SB	4	1–3
0–2	95.4
275	103.8
166	.2739
239	45.6
259	49.0
140	19.6
249	17.9
144	21.7
293	37.0
299	43.1
70	39.4
209	42.8
286	49.4
178	33.8
185	32.2
123	36.7
146	34.7
139	72.3
48	-2.0
326
240	Washington St.	P12	2	0–2
0–1	100.3
219	109.3
233	.2718
240	46.1
242	51.1
195	17.4
187	9.0
332	22.4
287	25.6
82	33.1
214	33.3
135	46.2
207	47.9
155	30.6
238	38.6
239	28.3
282	31.9
91	72.4
45	-1.0
252
241	Florida Atlantic	CUSA	4	1–3
0–2	96.5
264	105.3
187	.2677
241	44.8
273	47.2
99	20.0
259	16.3
196	30.1
135	39.0
318	33.6
203	26.9
52	43.0
280	46.7
122	32.1
214	32.3
124	35.5
171	26.1
25	67.0
209	-2.2
328
242	South Florida	Amer	4	1–3
0–2	94.1
280	102.9
155	.2646
242	43.7
287	46.7
86	20.5
275	16.4
194	34.4
70	36.5
295	27.8
279	33.6
138	42.9
283	50.0
186	30.6
238	28.2
55	26.2
310	42.7
293	68.1
168	-1.9
319
243	Saint Francis	NEC	1	0–1
0–0	99.3
231	108.5
223	.2644
243	47.2
217	48.6
130	20.9
279	4.5
337	41.7
7	26.1
89	53.7
19	18.6
7	52.9
73	55.2
282	25.0
302	29.3
69	37.0
144	58.6
337	63.8
303	-0.9
231
244	Wofford	SC	1	0–1
0–0	103.7
169	113.5
279	.2618
244	53.9
60	50.8
187	17.4
187	19.9
71	22.5
285	36.1
289	37.5
137	57.4
312	44.1
255	44.9
81	43.3
25	50.0
323	46.9
23	19.7
4	63.5
308	-0.9
224
245	Sam Houston St.	Slnd	5	2–3
1–1	106.2
142	116.3
297	.2589
245	53.0
85	58.2
304	19.1
232	19.7
80	29.8
148	18.4
14	46.6
43	37.4
184	47.8
172	54.1
275	40.4
57	42.9
293	40.7
86	40.1
254	66.9
213	-1.5
289
246	Georgia Southern	SB	3	0–3
0–2	101.1
209	110.9
250	.2563
246	46.9
223	50.8
187	17.3
181	16.8
181	24.8
262	40.2
324	36.9
151	37.0
181	41.6
301	58.6
309	35.9
136	26.0
34	43.6
49	39.7
247	71.1
70	-2.2
327
247	Jackson St.	SWAC	6	3–3
0–2	88.6
315	97.4
78	.2525
247	41.8
309	41.8
27	16.0
115	16.7
185	26.8
213	23.5
52	40.1
100	37.8
190	39.7
312	42.5
44	30.1
249	27.0
41	38.3
119	34.2
131	67.2
202	-2.7
336
248	Ball St.	MAC	3	1–2
0–1	96.3
267	106.1
193	.2490
248	49.4
165	49.4
152	25.5
324	17.2
167	32.4
98	26.8
108	32.3
223	29.7
82	48.1
165	39.8
26	33.7
188	43.8
306	50.6
14	37.2
189	63.6
306	-1.7
302
249	Fairfield	MAAC	3	1–2
0–0	95.0
276	104.7
181	.2476
249	41.0
315	48.6
130	14.1
56	18.9
111	25.4
244	33.0
248	27.3
287	29.8
84	44.9
242	47.2
135	23.7
309	34.5
163	41.5
72	30.9
77	68.6
148	-0.6
137
250	Nebraska Omaha	Sum	2	0–2
0–0	111.6
82	123.2
322	.2427
250	50.8
130	65.1
332	15.8
108	21.5
41	29.9
145	35.2
279	56.5
11	64.2
331	49.3
141	65.7
334	35.3
147	42.9
293	41.1
80	38.5
215	80.4
3	-0.9
208
Rk	Team	Conf	G	Rec	AdjOE	AdjDE	Barthag	Efg%	EfgD%	TOR	TORD	ORB	DRB	FTR	FTRD	2P%	2P%D	3P%	3P%D	3PR	3PRD	Adj T.	WAB
251	Niagara	MAAC	1	0–1
0–0	108.4
117	119.7
314	.2425
251	57.2
22	50.7
184	13.3
34	9.7
326	30.8
125	34.1
264	22.4
318	65.7
333	54.5
45	46.3
107	42.9
29	38.5
237	27.6
293	38.8
222	60.5
330	-0.9
233
252	Southern Utah	BSky	3	0–3
0–2	101.0
211	111.7
259	.2391
252	52.8
89	54.1
262	19.2
237	17.9
144	21.6
296	22.7
40	29.1
261	45.0
254	52.1
84	52.2
235	36.2
132	41.9
282	32.4
226	18.3
1	69.4
116	-2.6
334
253	Arkansas St.	SB	1	0–1
0–1	93.3
287	103.3
158	.2362
253	43.6
288	48.4
127	22.2
299	14.3
260	27.3
202	27.9
134	56.4
12	50.0
285	50.0
116	50.0
186	15.4
329	30.0
80	23.6
328	32.3
97	74.3
16	-0.9
220
254	Cal St. Northridge	BW	1	0–1
0–1	90.9
305	100.7
127	.2348
254	40.8
318	44.7
53	20.8
278	16.6
190	21.7
293	20.8
25	31.6
227	35.5
159	45.5
225	45.2
88	19.0
324	28.6
60	27.6
293	18.4
2	72.2
51	-0.9
243
255	Dartmouth	Ivy	2	1–1
1–1	96.8
259	107.2
207	.2345
255	52.3
97	56.9
291	24.5
320	21.6
39	32.3
102	28.3
145	30.9
239	31.2
107	49.4
138	53.0
254	40.7
55	41.9
282	24.5
323	39.4
241	69.3
121	-0.7
159
256	Texas A&M Corpus Chris	Slnd	5	3–2
2–0	103.6
173	114.8
287	.2342
256	49.6
160	54.7
273	17.4
187	17.1
169	29.7
152	32.2
234	40.9
89	41.3
223	48.7
154	52.0
230	34.4
169	39.4
256	32.0
233	38.1
207	68.8
139	-0.26
89
257	San Diego	WCC	1	0–1
0–0	88.9
313	98.9
101	.2266
257	50.0
147	46.8
88	24.3
317	22.7
26	17.9
324	24.1
61	39.1
113	51.1
292	52.4
78	47.1
132	32.0
218	30.8
91	54.3
4	27.7
41	66.7
218	-0.9
215
258	Boston University	Pat	2	1–1
0–0	101.1
210	112.8
274	.2205
258	53.2
78	55.3
280	23.7
314	22.9
24	34.8
68	26.7
105	29.6
256	27.9
66	54.2
53	57.1
300	34.7
162	35.4
182	45.4
31	46.2
319	69.9
101	-1.0
256
259	American	Pat	2	1–1
0–0	99.2
234	110.7
247	.2203
259	49.5
162	57.5
300	16.3
130	18.6
122	25.0
257	28.6
156	28.4
270	34.9
148	45.8
216	58.7
310	37.8
103	37.2
213	33.9
203	40.6
267	64.0
293	-0.6
135
260	Drake	MVC	1	0–1
0–0	100.7
215	112.5
273	.2188
260	52.8
89	51.9
216	15.4
94	9.3
330	22.6
284	9.1
1	27.8
279	42.3
230	53.8
60	37.5
4	33.3
189	50.0
323	27.8
287	38.5
215	64.2
288	-0.9
223
261	Quinnipiac	MAAC	1	0–1
0–0	87.3
320	97.6
82	.2172
261	46.9
223	45.2
59	27.6
332	19.9
71	22.2
290	32.4
239	24.5
308	44.2
247	46.7
202	38.2
11	31.6
226	38.9
245	38.8
112	34.6
138	69.2
124	-0.9
230
262	Alabama St.	SWAC	3	2–1
2–0	92.8
294	103.8
164	.2165
262	44.8
273	42.2
32	18.9
225	15.5
223	25.2
250	28.3
145	28.3
273	42.5
231	35.2
330	44.5
76	39.7
68	23.9
22	39.3
104	26.4
27	69.8
103	-0.9
211
263	Cal St. Fullerton	BW	2	0–2
0–1	90.9
303	101.8
139	.2150
263	36.8
327	52.0
220	19.4
243	12.9
289	25.9
232	26.3
97	38.6
124	31.1
103	41.4
303	50.7
202	14.8
332	36.2
197	23.7
327	38.5
215	67.7
182	-1.4
280
264	McNeese St.	Slnd	2	1–1
1–0	110.5
94	123.8
324	.2131
264	53.0
85	53.0
242	13.4
38	10.1
324	28.4
181	23.9
57	61.0
6	58.6
316	51.8
88	51.3
217	37.1
112	37.5
216	29.7
266	34.5
135	64.2
288	-0.9
237
265	Sacramento St.	BSky	4	3–1
2–0	90.3
307	101.2
134	.2126
265	48.9
187	44.4
48	19.0
229	16.0
209	25.2
250	27.8
132	32.4
221	25.9
46	48.6
156	50.3
196	32.9
206	23.4
19	36.1
160	39.3
236	65.4
257	-0.7
162
266	Colgate	Pat	1	0–1
0–0	107.4
126	120.5
316	.2094
266	51.5
107	54.6
270	14.8
76	10.4
323	34.9
66	21.9
32	14.7
334	51.9
295	50.0
116	59.4
314	35.7
141	31.8
115	41.2
78	40.7
269	63.7
305	-0.8
204
267	Rider	MAAC	2	1–1
0–0	83.7
326	94.0
49	.2091
267	44.4
281	41.0
20	25.8
326	22.7
26	25.7
237	28.4
151	36.7
154	31.1
103	35.6
328	41.5
36	38.5
87	26.8
39	39.8
97	38.7
220	63.6
306	-0.6
146
268	Northern Colorado	BSky	3	1–2
1–1	99.7
225	112.0
265	.2081
268	48.8
190	50.3
174	21.3
287	17.4
160	34.0
73	32.0
229	37.2
144	52.8
299	48.1
165	50.0
186	33.3
189	33.8
145	36.6
148	44.7
311	66.8
216	-1.4
285
269	UNLV	MWC	3	1–2
0–1	102.1
193	114.8
286	.2069
269	47.0
220	53.2
245	19.0
229	14.6
253	25.4
244	35.5
284	41.4
81	36.4
175	54.1
57	52.7
244	25.3
301	36.1
191	43.9
47	32.7
106	76.8
7	-1.1
267
270	Mercer	SC	3	1–2
0–0	93.0
291	104.5
176	.2065
270	42.3
302	47.7
109	19.1
232	19.6
84	36.8
45	33.0
248	28.4
270	36.3
174	45.8
216	42.3
39	23.8
308	36.5
199	34.4
193	43.3
301	64.8
277	-0.8
197
271	VMI	SC	1	0–1
0–0	100.8
214	113.3
278	.2061
271	46.9
223	52.6
232	14.6
70	19.4
92	26.1
227	25.8
84	53.8
18	62.1
328	47.6
179	44.4
74	30.4
241	53.8
332	35.4
173	22.4
7	73.4
22	-0.9
236
272	Cornell	Ivy	2	1–1
1–1	102.0
198	115.6
293	.1905
272	50.4
140	59.2
312	14.6
70	19.0
108	17.9
324	35.5
284	26.1
301	33.3
135	50.6
107	56.8
296	33.3
189	42.5
290	31.3
245	35.1
148	68.4
154	-0.6
151
273	Houston Christian	Slnd	5	1–4
0–2	104.8
158	119.0
312	.1876
273	51.2
118	53.6
250	21.4
291	12.3
305	31.3
117	31.2
207	31.5
229	30.9
101	43.9
267	50.8
204	41.6
44	38.6
239	39.5
99	39.7
247	70.6
82	-2.3
331
274	Longwood	BSth	2	1–1
0–0	102.0
196	116.0
295	.1856
274	51.3
115	56.4
286	20.9
279	14.4
259	40.3
17	19.4
17	33.9
201	39.1
203	57.1
21	50.8
204	26.8
288	42.6
291	34.7
188	42.7
293	70.5
86	-0.8
188
275	Fairleigh Dickinson
   16 seed, R68	NEC	4	3–1
0–0	103.7
167	118.0
306	.1856
275	49.0
185	52.6
232	11.7
9	19.2
99	24.7
263	34.2
266	29.4
259	54.6
305	47.6
179	59.9
318	34.4
169	27.8
49	36.6
148	39.6
244	74.3
16	+0.30
44
Rk	Team	Conf	G	Rec	AdjOE	AdjDE	Barthag	Efg%	EfgD%	TOR	TORD	ORB	DRB	FTR	FTRD	2P%	2P%D	3P%	3P%D	3PR	3PRD	Adj T.	WAB
276	Alcorn St.	SWAC	3	1–2
1–1	98.6
242	112.3
268	.1825
276	46.0
246	44.5
50	20.4
273	15.0
240	39.3
25	32.2
234	35.3
180	42.8
232	50.5
109	38.9
18	25.8
296	36.7
201	38.2
120	34.7
139	65.9
242	-1.9
318
277	FIU	CUSA	3	0–3
0–2	97.9
248	111.6
257	.1822
277	45.9
252	52.5
228	23.1
311	13.5
282	35.1
62	26.3
97	47.1
37	46.0
262	44.0
263	50.9
207	34.1
178	36.8
203	26.1
312	35.0
145	65.6
246	-2.6
332
278	Radford	BSth	1	0–1
0–0	97.8
251	111.8
262	.1774
278	45.9
252	49.0
140	15.8
108	18.9
111	36.6
49	25.0
71	21.3
321	30.8
100	38.2
319	51.2
215	37.0
116	27.3
44	44.3
41	21.2
5	64.0
293	-1.0
253
279	Presbyterian	BSth	2	1–1
0–0	88.9
314	101.6
137	.1762
279	41.6
310	45.8
69	18.7
219	15.6
218	29.6
153	35.0
276	26.5
294	25.0
39	44.2
253	43.1
54	22.2
316	32.7
131	23.9
325	45.8
316	63.2
312	-0.8
180
280	Mississippi Valley St.	SWAC	4	2–2
0–1	96.6
263	110.5
244	.1754
280	47.6
212	43.8
38	18.9
225	19.5
86	26.8
213	35.2
279	39.0
116	36.0
172	47.9
170	43.7
63	31.3
231	29.3
69	27.7
291	36.8
182	75.4
9	-1.8
312
281	Abilene Christian	Slnd	2	0–2
0–2	92.8
295	106.2
197	.1742
281	52.2
100	48.1
122	21.4
291	19.3
94	25.7
237	21.7
27	34.2
194	60.2
322	52.9
73	42.3
39	34.1
178	40.6
273	38.6
115	31.1
82	72.8
32	-1.9
317
282	Cleveland St.	Horz	1	0–1
0–0	76.3
334	87.6
13	.1700
282	41.5
311	39.4
7	38.1
337	25.4
9	36.4
52	36.4
293	44.7
54	74.5
335	34.3
334	41.2
34	41.7
41	23.1
16	25.5
317	27.7
41	63.2
312	-0.8
189
283	Penn	Ivy	3	0–3
0–3	94.3
279	108.3
218	.1696
283	45.8
255	54.5
267	18.5
215	23.4
15	26.5
219	35.4
283	20.0
329	28.6
71	46.3
206	46.3
107	29.8
252	51.1
329	31.7
238	26.8
29	69.2
124	-1.9
321
284	Charleston Southern	BSth	1	0–1
0–0	98.1
246	112.9
275	.1656
284	53.4
71	56.7
288	13.5
42	25.4
9	14.7
333	42.9
331	15.3
333	38.5
200	44.1
255	70.4
337	44.0
19	28.0
52	42.4
58	48.1
328	66.0
237	-1.0
247
285	Wyoming	MWC	2	1–1
1–0	108.8
115	125.4
328	.1629
285	51.0
122	55.7
283	13.3
34	14.0
268	21.0
305	34.8
271	75.0
1	33.6
138	67.4
2	53.5
265	24.0
306	39.2
251	52.1
8	41.8
282	67.9
173	-0.7
169
286	James Madison	CAA	1	0–1
0–0	94.0
282	108.5
221	.1610
286	42.7
297	57.1
296	17.7
196	14.8
247	29.5
157	16.7
8	25.8
303	51.0
290	43.3
274	63.3
331	28.1
276	31.6
107	51.6
10	38.8
222	67.6
186	-0.7
157
287	Coppin St.	MEAC	3	2–1
1–0	102.9
183	119.0
311	.1583
287	49.5
162	49.7
160	15.4
94	14.5
255	33.3
78	35.0
276	51.9
22	39.7
210	47.2
191	47.3
138	35.1
152	36.5
199	42.1
63	32.5
99	69.3
121	-0.9
221
288	North Carolina A&T	MEAC	2	1–1
1–0	114.7
54	133.0
336	.1550
288	57.2
22	57.5
300	15.3
93	15.9
213	38.4
33	32.4
239	48.0
34	57.5
313	52.9
73	52.7
244	41.8
40	43.5
300	44.0
46	38.3
211	67.4
192	-0.9
241
289	Youngstown St.	Horz	1	0–1
0–0	98.2
245	114.1
282	.1503
289	53.6
68	52.9
238	17.1
171	19.8
78	21.9
291	45.9
337	48.2
33	30.4
94	50.0
116	53.1
257	40.0
60	35.0
170	35.7
169	29.0
52	70.3
92	-0.8
206
290	Stanford	P12	3	0–3
0–2	98.2
244	114.8
288	.1422
290	45.7
257	56.9
291	19.5
247	15.2
235	24.3
266	38.2
311	42.3
75	52.0
298	54.7
43	51.5
219	22.1
318	42.3
288	41.7
70	44.6
310	67.0
209	-1.3
277
291	Canisius	MAAC	2	1–1
0–0	105.1
154	123.1
321	.1390
291	49.6
160	57.5
300	13.2
32	12.5
302	27.6
195	31.1
205	51.3
24	23.1
21	48.6
156	53.0
254	34.0
181	43.1
298	40.2
92	38.1
207	60.1
332	-0.7
155
292	Robert Morris	NEC	1	0–1
0–0	76.5
333	89.7
19	.1380
292	31.9
333	36.6
4	19.2
237	19.2
99	15.8
331	33.3
251	63.8
4	42.9
233	44.1
255	37.2
2	0.0
337	23.1
16	27.7
291	23.2
10	70.4
89	-0.8
178
293	Alabama A&M	SWAC	4	2–2
1–1	95.0
277	111.8
263	.1329
293	40.6
319	49.0
140	16.7
149	16.7
185	36.2
53	32.3
236	42.9
72	40.0
214	44.1
255	51.8
224	21.5
319	28.8
64	30.0
258	32.2
95	63.0
316	-1.8
310
294	IU Indy	Sum	1	0–1
0–0	78.8
331	92.8
36	.1313
294	30.4
335	38.2
5	15.7
105	12.6
296	15.8
331	26.8
108	37.3
139	43.6
241	35.9
325	39.5
21	8.3
336	23.5
20	23.5
329	30.9
77	67.3
198	-0.8
202
295	Albany	AE	2	0–2
0–0	96.9
257	114.7
285	.1268
295	45.3
265	54.2
263	12.6
21	10.5
322	32.6
92	14.3
6	21.6
320	32.8
127	48.8
151	48.4
162	26.4
289	40.4
270	38.1
125	47.9
327	65.2
269	-1.0
255
296	Idaho St.	BSky	3	1–2
1–1	89.9
308	106.3
199	.1268
296	43.0
296	52.8
237	18.8
223	17.9
144	20.5
311	28.3
145	45.1
49	38.3
195	49.5
136	51.9
227	22.4
315	36.1
191	40.9
84	40.0
252	72.4
45	-1.4
284
297	Rice	CUSA	3	0–3
0–2	99.3
230	117.7
302	.1243
297	53.2
78	53.5
248	21.1
285	14.9
244	22.7
283	31.2
207	35.7
173	27.8
63	62.9
4	46.6
118	25.0
302	43.5
300	38.2
120	36.9
185	70.2
94	-2.6
335
298	South Dakota	Sum	1	0–1
0–0	90.5
306	107.3
209	.1232
298	46.0
246	60.7
319	21.3
287	21.3
43	22.5
285	31.3
209	24.2
310	24.6
35	41.7
300	63.3
331	34.6
166	38.7
244	41.9
64	50.8
331	73.8
20	-0.8
192
299	Southeastern Louisiana	Slnd	4	2–2
1–1	89.3
309	106.0
192	.1228
299	50.0
147	44.2
44	23.0
309	20.4
59	27.0
209	39.9
322	34.3
190	37.2
183	41.5
302	44.9
81	42.2
37	28.8
64	39.0
107	43.0
297	66.2
230	-1.8
308
300	Maine	AE	1	0–1
0–0	100.0
222	118.8
310	.1211
300	49.2
172	75.9
337	19.9
255	23.6
13	30.0
141	18.2
13	33.3
207	27.6
60	38.8
316	70.3
336	52.9
2	57.1
336	25.8
316	36.2
173	81.2
2	-0.7
161
Rk	Team	Conf	G	Rec	AdjOE	AdjDE	Barthag	Efg%	EfgD%	TOR	TORD	ORB	DRB	FTR	FTRD	2P%	2P%D	3P%	3P%D	3PR	3PRD	Adj T.	WAB
301	St. Francis NY	NEC	1	0–1
0–0	84.6
325	100.6
122	.1192
301	45.8
255	35.1
2	24.7
321	4.6
336	20.6
309	28.3
145	29.2
260	28.4
69	41.9
296	37.3
3	35.3
147	18.8
5	35.4
173	23.9
12	64.2
288	-1.0
248
302	Howard	MEAC	1	0–1
0–0	97.6
254	116.1
296	.1191
302	48.3
202	44.1
42	14.3
60	9.5
329	36.6
49	37.2
301	41.4
81	47.5
268	47.8
172	38.6
16	33.3
189	40.0
262	20.7
335	25.4
19	65.3
264	-1.0
246
303	New Orleans	Slnd	3	1–2
1–1	96.6
262	115.4
291	.1141
303	50.5
138	56.9
291	22.5
305	23.4
15	42.4
5	32.6
244	38.9
117	40.3
217	50.0
116	53.2
260	34.2
176	41.5
278	39.5
99	40.9
273	69.5
111	-1.9
320
304	Morgan St.	MEAC	3	1–2
0–1	97.9
249	117.2
301	.1123
304	52.0
101	54.6
270	16.7
149	22.1
34	27.9
188	42.1
330	32.8
217	27.7
61	51.7
89	58.1
305	35.2
150	29.5
75	31.0
249	25.4
19	67.4
192	-1.9
316
305	UNC Greensboro	SC	2	1–1
0–0	91.6
299	110.1
238	.1078
305	49.2
172	50.9
191	16.8
158	20.4
59	24.3
266	33.3
251	26.3
298	39.1
203	43.1
278	43.3
58	39.1
80	41.9
282	39.0
107	39.1
230	69.1
128	-0.9
217
306	Prairie View A&M	SWAC	3	1–2
1–1	93.4
286	112.4
269	.1060
306	43.8
286	47.0
92	17.4
187	22.2
31	28.1
187	40.5
325	40.8
92	51.5
293	43.9
267	46.5
113	29.1
261	32.1
121	32.5
225	31.7
89	70.2
94	-1.7
303
307	Northern Kentucky	Horz	1	0–1
0–0	101.9
201	123.1
320	.1019
307	54.5
51	65.7
334	18.3
210	13.7
279	29.4
161	19.2
16	32.7
219	45.1
256	44.1
255	60.7
320	47.6
7	47.8
319	38.2
120	45.1
314	67.7
182	-0.8
177
308	Arkansas Pine Bluff	SWAC	2	1–1
1–0	89.2
310	108.2
217	.0982
308	48.6
194	44.3
47	25.2
323	23.0
21	38.6
31	36.2
290	37.0
148	47.2
267	45.8
216	47.8
152	36.1
134	25.6
31	33.3
214	36.8
182	67.3
198	-1.0
245
309	Elon	CAA	1	0–1
0–0	88.4
318	107.3
208	.0978
309	43.4
291	47.9
115	11.9
11	25.5
8	30.6
127	31.3
209	30.2
249	35.4
153	43.6
272	40.0
27	28.6
266	46.2
313	26.4
308	27.1
32	62.1
324	-0.9
238
310	Illinois St.	MVC	1	0–1
0–0	79.5
330	97.5
80	.0875
310	38.3
325	39.5
8	21.9
296	17.8
150	30.4
129	26.2
95	23.4
314	50.9
289	35.5
329	44.1
71	27.3
281	21.7
12	51.6
10	40.4
262	70.8
79	-0.9
210
311	Northern Arizona	BSky	3	0–3
0–2	84.7
324	104.3
174	.0842
311	44.2
284	53.5
248	21.4
291	14.2
264	23.6
277	24.3
63	24.9
307	20.3
14	47.4
187	55.4
285	25.4
300	33.3
140	34.1
199	35.3
158	68.7
142	-2.6
333
312	Army	Pat	3	1–2
0–0	87.0
321	107.4
210	.0812
312	43.6
288	50.8
187	19.4
243	13.9
275	29.1
166	26.3
97	28.7
266	19.1
8	46.5
203	49.5
180	27.1
282	35.1
173	49.7
16	41.0
275	69.4
116	-0.9
226
313	Grambling St.	SWAC	3	1–2
1–1	88.5
317	109.6
235	.0781
313	46.4
238	50.0
164	16.7
149	23.0
21	27.2
206	30.2
187	36.7
154	39.7
210	50.8
102	46.2
106	23.4
310	38.5
237	27.8
287	33.3
117	67.6
186	-1.8
311
314	Bethune Cookman	MEAC	2	0–2
0–1	91.2
301	113.1
277	.0779
314	38.8
324	44.5
50	11.3
6	11.3
318	25.6
240	25.4
79	40.5
95	50.0
285	42.2
292	39.7
25	23.1
312	37.5
216	44.8
38	29.1
54	67.4
192	-1.9
315
315	Lamar	Slnd	1	0–1
0–1	96.2
271	119.4
313	.0769
315	59.3
12	60.3
316	28.0
334	15.3
227	10.0
336	31.4
214	29.6
256	63.8
330	53.1
69	62.2
325	45.5
14	38.1
229	40.7
86	36.2
173	80.1
4	-0.8
201
316	Auburn	SEC	2	0–2
0–1	91.4
300	113.6
280	.0762
316	40.9
316	59.2
312	18.6
217	18.0
141	27.8
193	31.9
227	38.8
120	40.8
221	42.5
289	54.3
277	25.6
299	44.0
308	37.1
141	41.7
280	71.4
65	-1.2
270
317	Savannah St.	MEAC	5	3–2
1–0	82.5
327	102.7
152	.0741
317	43.4
291	47.6
108	21.9
296	23.1
19	20.4
314	26.4
100	44.0
57	38.1
193	42.1
293	47.1
132	30.1
249	32.3
124	42.4
58	39.3
236	65.6
246	-0.9
212
318	Saint Peter's	MAAC	1	0–1
0–0	87.8
319	109.7
236	.0713
318	42.1
306	47.4
106	20.0
259	13.3
286	40.0
19	31.4
214	19.3
330	17.2
5	48.8
151	43.6
61	14.3
333	36.8
203	24.6
322	32.8
109	57.2
337	-0.9
216
319	Campbell	BSth	1	0–1
0–0	102.8
184	129.8
335	.0639
319	45.5
262	58.8
307	10.9
5	14.0
268	24.2
271	28.0
137	36.4
160	49.0
278	43.2
276	58.3
306	33.3
189	40.0
262	32.7
222	29.4
58	63.2
312	-1.0
244
320	North Carolina Central	MEAC	3	1–2
0–1	96.2
270	121.5
319	.0638
320	48.8
190	54.9
275	17.8
199	16.3
196	31.8
105	34.0
262	45.1
49	43.9
245	45.6
223	53.3
262	37.5
109	38.6
239	29.6
268	34.8
141	65.1
271	-1.8
314
321	UTSA	CUSA	2	0–2
0–1	93.1
289	118.5
307	.0586
321	42.6
299	62.4
327	15.5
96	25.4
9	30.0
141	37.3
302	27.9
278	68.0
334	44.7
245	50.8
204	26.4
289	55.9
335	41.1
80	35.1
148	69.4
116	-1.7
306
322	Northwestern St.	Slnd	2	0–2
0–2	97.9
250	127.9
331	.0440
322	51.5
107	63.6
331	25.6
325	20.9
49	25.4
244	43.3
332	49.0
29	32.6
125	50.0
116	55.4
285	36.7
122	52.2
330	30.0
258	35.7
162	72.7
35	-1.6
297
323	Eastern Illinois	OVC	1	0–1
0–0	92.1
298	121.2
318	.0408
323	50.0
147	66.3
335	17.1
171	23.3
17	24.3
266	30.0
183	38.5
126	30.6
97	44.0
263	62.5
326	37.0
116	55.6
334	51.9
9	18.4
2	68.1
168	-0.8
196
324	North Florida	ASun	2	0–2
0–0	96.1
272	126.5
330	.0405
324	45.3
265	63.0
329	22.6
307	14.8
247	21.6
296	38.8
317	34.6
186	20.0
12	45.1
232	57.0
299	30.4
241	49.0
321	52.3
7	36.3
175	71.0
72	-0.9
225
325	Tennessee Tech	OVC	1	0–1
0–0	90.9
304	120.2
315	.0385
325	42.7
297	59.3
314	11.8
10	17.1
169	21.4
300	34.3
267	46.8
41	59.3
319	57.6
17	68.4
335	17.2
327	28.6
60	46.8
25	35.6
160	74.7
13	-0.9
227
Rk	Team	Conf	G	Rec	AdjOE	AdjDE	Barthag	Efg%	EfgD%	TOR	TORD	ORB	DRB	FTR	FTRD	2P%	2P%D	3P%	3P%D	3PR	3PRD	Adj T.	WAB
326	Troy	SB	2	0–2
0–2	91.1
302	120.6
317	.0381
326	34.0
331	59.8
315	15.5
96	13.3
286	32.6
92	33.8
260	40.2
99	31.1
103	35.9
325	53.1
257	20.5
321	48.8
320	36.1
160	33.6
121	68.1
168	-1.4
279
327	Sacred Heart	NEC	1	0–1
0–0	96.7
260	128.4
332	.0371
327	46.5
235	58.9
308	15.6
100	14.2
264	37.5
40	35.3
282	12.5
336	29.0
74	55.8
31	63.0
330	15.0
331	31.3
99	27.8
287	25.8
22	66.6
221	-1.0
251
328	Delaware St.	MEAC	2	0–2
0–1	89.2
311	118.6
308	.0363
328	51.4
111	52.5
228	20.0
259	26.2
4	21.9
291	32.8
246	21.0
325	36.6
177	47.6
179	53.7
267	38.1
98	34.0
150	40.0
94	46.5
322	65.0
273	-2.0
322
329	Florida A&M	MEAC	1	0–1
0–1	64.4
337	86.8
10	.0316
329	26.5
336	40.4
16	26.7
329	22.2
31	21.4
300	22.6
39	46.9
39	48.9
277	33.3
335	59.3
313	10.5
334	10.0
1	38.8
112	42.6
292	69.5
111	-0.9
242
330	Central Arkansas	Slnd	2	0–2
0–2	95.8
273	129.1
334	.0312
330	44.6
276	54.0
260	14.2
57	12.7
294	32.9
87	27.5
124	55.0
16	44.6
250	41.8
299	57.9
304	34.4
169	30.6
88	28.8
278	32.1
94	66.5
223	-2.0
325
331	Minnesota	B10	3	0–3
0–2	80.5
329	112.4
270	.0210
331	36.3
328	57.1
296	22.3
302	18.2
131	30.3
131	31.6
221	24.4
309	26.6
49	38.9
314	49.1
175	19.6
323	47.5
317	26.7
303	36.1
169	66.7
218	-2.3
330
332	Lipscomb	ASun	1	0–1
0–0	88.6
316	124.4
325	.0197
332	46.1
242	61.9
325	12.9
24	16.7
185	21.3
303	32.4
239	46.9
39	25.4
42	40.0
310	56.4
292	37.5
109	46.4
315	37.5
134	41.8
282	75.2
11	-1.0
250
333	Chicago St.	WAC	2	0–2
0–1	82.1
328	117.9
304	.0153
333	35.0
330	56.4
286	26.1
328	13.8
276	34.9
66	25.0
71	37.3
139	53.6
303	34.4
333	52.2
235	23.9
307	41.9
282	41.8
67	39.1
230	70.2
94	-1.6
298
334	Marist	MAAC	1	0–1
0–0	92.9
293	137.0
337	.0113
334	49.1
181	71.2
336	17.1
171	18.7
118	16.7
328	26.1
89	20.4
327	21.2
17	45.7
221	62.5
326	36.8
119	66.7
337	35.2
178	23.1
9	64.5
286	-0.9
239
335	UT Rio Grande Valley	WAC	2	0–2
0–1	77.3
332	115.1
289	.0102
335	37.3
326	51.7
208	22.3
302	12.9
289	16.3
330	29.2
165	27.4
283	42.9
233	34.5
332	51.6
220	27.1
282	34.6
165	45.3
32	21.8
6	72.2
51	-1.8
307
336	Illinois Chicago	Horz	1	0–1
0–0	69.0
336	105.2
184	.0078
336	24.5
337	52.9
238	28.4
335	14.2
264	25.0
257	27.9
134	39.6
108	8.8
1	29.4
337	37.5
4	10.5
334	50.0
323	35.8
166	41.2
276	73.4
22	-0.8
186
337	Liberty	BSth	1	0–1
0–0	69.0
335	114.4
284	.0030
337	36.2
329	63.2
330	24.8
322	26.2
4	17.5
327	29.6
173	12.1
337	17.5
6	41.4
303	55.3
283	20.7
320	52.6
331	50.0
15	33.3
117	70.5
86	-0.8
195