Rk	Team	Conf	G	Rec	AdjOE	AdjDE	Barthag	EFG%	EFGD%	TOR	TORD	ORB	DRB	FTR	FTRD	2P%	2P%D	3P%	3P%D	3PR	3PRD	Adj T.	WAB
1	Villanova
   1 seed, CHAMPS	BE	5	5–0
2–0	128.6
2	91.8
28	.9798
1	57.7
25	47.0
88	15.0
82	15.9
206	31.0
94	23.3
80	24.8
280	26.7
74	57.4
22	49.5
169	38.7
84	28.6
52	50.0
14	37.8
180	65.6
262	+2.6
2
2	Michigan
   3 seed, Finals	B10	4	4–0
0–0	119.4
25	86.3
7	.9767
2	52.9
88	43.6
32	11.8
22	15.9
206	24.1
238	27.5
165	47.3
26	30.5
119	53.8
64	45.2
79	34.4
161	27.2
36	40.5
108	34.3
109	65.7
257	+2.3
3
3	North Carolina
   2 seed, R32	ACC	5	3–2
0–1	121.0
15	90.5
17	.9657
3	46.1
255	45.5
63	16.2
131	16.5
190	35.8
24	31.8
241	27.7
252	30.8
124	46.9
225	41.1
22	29.8
240	35.5
191	39.0
135	35.8
140	70.4
84	+1.6
5
4	Virginia
   1 seed, R64	ACC	5	5–0
2–0	120.2
20	91.8
29	.9568
4	51.3
118	45.3
59	11.9
26	15.2
230	27.2
180	23.4
84	28.0
249	40.7
252	47.2
215	41.2
23	41.0
46	33.6
151	28.4
299	44.7
287	60.7
328	+2.8
1
5	Oklahoma St.	B12	4	3–1
1–0	112.4
66	86.9
8	.9509
5	47.7
226	50.6
176	19.0
244	21.1
31	36.1
22	24.5
106	36.2
119	23.4
39	45.6
263	48.2
132	34.0
166	36.2
209	38.7
138	40.0
227	68.3
166	+0.8
14
6	Gonzaga
   4 seed, Sweet Sixteen	WCC	3	3–0
0–0	118.5
29	91.6
27	.9507
6	63.2
6	43.4
29	16.6
150	14.7
246	23.9
241	18.9
28	25.7
273	18.7
16	55.9
35	38.3
9	49.3
3	35.5
191	40.4
110	34.1
104	69.4
126	+0.6
26
7	San Diego St.
   11 seed, R64	MWC	4	4–0
1–0	112.9
64	87.8
12	.9472
7	53.6
73	47.3
94	16.6
150	16.2
200	31.4
85	24.3
101	48.9
18	24.7
50	55.2
43	50.0
177	33.3
178	28.6
52	30.9
275	37.4
168	69.8
111	+1.5
7
8	Kentucky
   5 seed, Sweet Sixteen	SEC	5	4–1
1–1	126.7
3	98.9
93	.9457
8	55.7
38	45.9
66	15.2
91	16.4
194	33.3
52	36.5
307	43.6
45	29.9
108	50.5
129	42.6
35	44.7
21	33.6
151	31.1
270	42.1
263	66.5
224	+1.5
6
9	Xavier
   1 seed, R32	BE	4	3–1
2–0	119.9
22	93.6
38	.9452
9	49.1
185	46.8
84	17.7
187	16.3
195	32.6
63	19.0
29	39.1
86	24.9
52	50.0
139	56.8
295	31.6
214	20.2
5	33.9
225	37.6
174	68.5
151	+0.8
16
10	Seton Hall
   8 seed, R32	BE	3	1–2
1–1	116.3
41	92.1
30	.9359
10	50.0
156	47.3
94	16.0
123	13.1
279	27.7
164	24.6
108	35.1
141	26.3
68	50.0
139	55.6
287	33.3
178	25.3
19	33.3
243	46.8
304	66.2
239	-0.08
67
11	Houston
   6 seed, R32	Amer	5	4–1
2–0	117.7
32	93.2
36	.9356
11	51.2
122	46.4
75	15.6
107	19.8
64	30.4
107	29.4
199	37.4
99	45.4
284	52.0
97	45.5
84	33.3
178	32.1
117	38.4
145	33.5
88	67.8
187	+1.1
12
12	Florida
   6 seed, R32	SEC	2	1–1
1–0	125.7
4	99.7
107	.9347
12	55.1
46	50.0
161	14.6
70	14.6
250	29.0
140	41.7
332	29.1
228	39.0
231	49.2
169	45.8
90	41.1
44	40.0
268	47.9
27	29.7
40	64.2
300	-0.01
62
13	Duke
   2 seed, Elite Eight	ACC	3	2–1
1–0	111.7
75	88.9
14	.9323
13	53.9
66	45.2
57	19.7
268	15.9
206	35.2
30	32.1
252	30.4
204	14.9
8	54.3
56	49.2
160	35.4
144	25.6
23	35.9
190	37.5
171	70.0
101	+0.7
19
14	Cincinnati
   2 seed, R32	Amer	5	5–0
2–0	106.5
147	85.2
2	.9292
14	47.1
236	41.5
14	14.5
64	19.0
89	35.6
27	28.5
181	33.6
162	24.8
51	50.3
133	41.4
26	27.0
284	27.7
42	31.8
264	37.4
168	62.8
311	+2.1
4
15	Murray St.
   12 seed, R64	OVC	2	2–0
0–0	106.6
144	85.4
3	.9281
15	50.0
156	44.0
43	14.4
58	18.9
93	27.4
173	21.6
60	28.4
242	13.7
5	47.0
220	49.4
165	36.0
124	22.5
6	43.1
70	34.2
108	67.7
191	+0.5
34
16	Kansas
   1 seed, Final Four	B12	4	3–1
0–1	122.4
10	99.0
96	.9199
16	59.3
16	49.2
139	19.5
259	17.3
152	31.2
92	33.1
274	21.6
300	24.1
45	55.5
40	51.2
205	43.2
25	30.1
77	40.9
99	33.9
100	68.0
180	+1.5
8
17	Texas Tech
   3 seed, Elite Eight	B12	3	2–1
1–0	118.8
27	96.1
62	.9199
17	54.2
62	47.5
100	15.8
113	13.8
269	27.5
171	30.0
209	43.6
45	32.2
145	47.3
210	44.0
51	47.7
7	36.1
205	28.2
301	34.5
113	65.6
262	+0.7
21
18	Wisconsin	B10	2	1–1
0–0	114.7
52	92.9
33	.9190
18	45.3
271	46.7
82	11.5
16	20.4
45	31.9
78	41.0
328	28.0
249	18.9
17	48.6
183	51.3
208	25.7
298	23.3
8	32.7
251	28.3
31	57.8
335	+0.25
48
19	West Virginia
   5 seed, Sweet Sixteen	B12	4	2–2
0–1	120.9
16	98.7
90	.9122
19	48.0
222	59.4
310	15.4
97	20.6
41	32.7
62	25.4
122	27.7
252	38.6
226	44.3
278	52.4
232	36.3
120	46.9
318	36.5
179	39.1
207	67.7
191	+0.6
27
20	Davidson
   12 seed, R64	A10	4	4–0
1–0	124.6
5	101.7
128	.9117
20	56.5
33	49.1
132	12.5
33	15.9
206	21.1
285	31.2
231	27.1
262	23.1
35	52.3
89	48.4
137	40.8
49	33.3
140	47.3
31	42.1
263	60.5
330	+1.3
10
21	Tennessee
   3 seed, R32	SEC	4	3–1
1–0	121.7
12	99.4
106	.9109
21	48.2
214	48.3
116	16.4
143	18.8
94	40.3
7	35.1
294	38.2
91	40.6
251	41.3
308	44.5
65	40.2
58	37.1
221	36.4
184	33.8
95	63.0
310	+0.9
13
22	Stephen F. Austin
   14 seed, R64	Slnd	5	5–0
2–0	106.4
151	86.9
9	.9105
22	51.4
117	42.9
21	20.8
289	24.3
8	36.3
20	26.1
134	35.3
138	42.4
265	50.3
133	41.3
24	35.7
133	30.5
87	34.6
210	37.3
167	66.8
217	+0.6
29
23	Buffalo
   13 seed, R32	MAC	4	4–0
1–0	117.6
34	96.2
63	.9094
23	54.9
50	40.7
8	11.8
22	17.2
158	36.4
18	32.3
259	25.8
271	40.7
252	52.6
79	42.2
29	39.4
68	25.5
21	35.2
202	39.0
204	69.6
117	+0.7
23
24	Loyola Chicago
   11 seed, Final Four	MVC	3	3–0
0–0	104.7
167	86.3
6	.9030
24	50.7
138	41.0
10	13.4
42	17.3
152	18.8
305	23.9
92	28.3
244	18.6
15	52.4
83	43.3
47	32.4
199	24.6
13	44.7
49	35.4
131	62.1
319	+0.7
20
25	TCU
   6 seed, R64	B12	2	0–2
0–1	114.5
53	94.6
45	.9002
25	48.3
211	52.4
213	17.8
192	15.7
214	29.2
134	15.0
8	31.4
192	43.4
271	50.0
139	53.8
257	30.0
235	32.1
117	33.9
225	26.4
17	68.7
147	-0.7
155
Rk	Team	Conf	G	Rec	AdjOE	AdjDE	Barthag	Efg%	EfgD%	TOR	TORD	ORB	DRB	FTR	FTRD	2P%	2P%D	3P%	3P%D	3PR	3PRD	Adj T.	WAB
26	Ohio St.
   5 seed, R32	B10	1	0–1
0–0	122.3
11	101.5
125	.8956
26	50.8
134	45.7
64	12.9
36	14.5
252	30.6
102	38.9
319	18.6
320	34.5
173	50.0
139	33.3
2	34.8
155	47.4
321	39.0
135	32.8
75	62.5
315	-0.33
94
27	Iowa	B10	2	1–1
0–0	123.0
8	102.4
147	.8912
27	54.4
57	53.5
238	21.6
304	11.5
311	35.8
24	24.1
96	52.2
6	34.4
170	51.3
107	54.4
264	40.5
51	34.7
175	32.7
251	38.3
189	70.7
78	+0.08
56
28	Rutgers	B10	3	2–1
0–0	115.2
50	96.0
59	.8910
28	51.1
126	48.4
117	16.7
155	14.7
246	34.0
46	20.8
47	30.5
200	46.5
289	49.7
161	51.2
205	38.7
84	30.1
77	17.8
336	47.1
306	66.1
245	+0.44
38
29	Louisville	ACC	5	2–3
0–2	116.7
38	97.3
76	.8900
29	49.8
166	49.2
139	15.1
85	15.1
234	24.5
233	30.2
213	35.3
138	29.1
97	44.2
281	48.0
126	40.9
47	34.3
165	32.7
251	33.1
80	68.5
151	-0.29
88
30	Wofford	SC	2	1–1
0–0	102.6
200	85.6
4	.8896
30	49.0
190	44.1
44	12.8
35	22.3
19	15.9
320	25.0
113	27.6
255	26.5
70	53.7
66	47.1
103	29.4
246	27.5
41	48.6
22	50.0
315	66.2
239	-0.50
118
31	Arizona
   4 seed, R64	P12	5	5–0
2–0	112.3
69	93.8
39	.8885
31	51.1
126	46.2
72	16.2
131	15.0
237	34.4
39	19.2
30	41.7
64	26.2
65	53.9
63	49.5
169	30.0
235	26.9
32	31.8
264	36.4
155	65.5
268	+1.5
9
32	New Mexico	MWC	5	4–1
2–0	123.0
7	102.7
153	.8883
32	58.4
21	53.6
239	18.0
202	19.1
86	29.5
128	24.2
98	44.0
41	40.3
247	60.8
10	55.2
277	36.5
116	33.7
153	39.5
122	33.8
95	72.9
39	+0.35
44
33	Clemson
   5 seed, Sweet Sixteen	ACC	4	2–2
1–1	117.1
36	97.8
82	.8883
33	48.4
207	47.3
94	16.1
127	14.2
259	29.9
120	29.0
194	40.8
71	34.7
178	46.6
236	44.2
54	33.7
174	34.4
166	44.6
53	41.9
261	66.0
251	+0.21
51
34	Georgia	SEC	5	2–3
0–2	108.4
115	90.6
18	.8870
34	43.6
296	44.3
48	14.4
58	12.2
298	33.8
47	28.4
179	31.9
185	22.3
31	40.8
316	41.0
21	32.1
205	34.0
160	37.8
158	33.3
83	63.6
304	-0.34
98
35	Lipscomb
   15 seed, R64	ASun	2	2–0
0–0	120.4
18	100.8
118	.8850
35	64.4
2	50.4
169	19.3
255	23.8
12	21.2
283	32.9
272	56.5
4	31.0
130	70.4
1	44.6
66	38.9
78	37.7
230	50.0
14	48.4
311	76.1
12	+0.35
43
36	Northern Iowa	MVC	2	1–1
0–0	104.0
180	87.8
11	.8752
36	44.7
279	43.9
39	11.9
26	11.1
313	18.5
308	12.3
5	22.3
296	13.1
3	47.7
202	50.0
177	26.3
290	19.4
4	36.9
174	29.0
35	61.2
326	-0.29
87
37	Providence
   10 seed, R64	BE	5	3–2
1–1	107.5
127	90.9
20	.8735
37	45.6
262	48.0
105	18.1
208	18.3
112	30.3
108	32.0
248	36.4
115	28.7
93	52.5
80	47.8
122	20.8
324	32.3
123	32.7
251	33.0
78	63.4
307	+1.2
11
38	Virginia Tech
   8 seed, R64	ACC	2	0–2
0–1	111.9
72	94.6
46	.8729
38	51.8
110	52.9
226	19.0
244	18.3
112	25.8
207	23.8
90	25.7
273	41.7
259	52.5
80	47.9
124	34.0
166	38.2
248	45.9
39	53.4
329	67.7
191	-0.8
190
39	Kansas St.
   9 seed, Elite Eight	B12	3	2–1
1–0	109.8
97	92.9
34	.8729
39	51.5
116	54.3
254	16.5
147	19.9
59	19.6
294	25.8
131	32.5
172	31.9
141	58.5
13	51.0
202	22.9
315	39.7
265	28.9
292	38.7
199	66.3
235	+0.7
22
40	South Dakota St.
   12 seed, R64	Sum	3	3–0
0–0	111.4
76	94.6
44	.8684
40	50.5
141	44.3
48	10.1
6	13.3
278	21.5
276	16.2
12	37.0
106	26.5
70	48.1
194	44.4
58	35.8
131	29.4
64	42.9
73	36.8
161	72.7
44	+0.6
30
41	Boston College	ACC	6	3–3
1–1	119.7
23	101.8
133	.8659
41	50.9
129	54.1
247	16.4
143	16.6
183	26.8
188	25.7
126	36.2
119	32.7
149	49.1
173	53.3
249	35.9
127	37.0
219	38.4
145	37.6
174	75.0
18	+0.38
42
42	Northeastern	CAA	3	2–1
0–0	106.4
150	91.3
25	.8527
42	58.5
20	41.4
13	19.5
259	15.6
217	27.2
180	23.3
80	23.4
290	30.9
128	56.5
31	41.3
24	40.5
51	27.8
45	46.2
37	30.9
51	66.6
222	-0.6
142
43	Penn St.	B10	4	3–1
0–0	113.2
63	97.2
73	.8526
43	44.3
287	50.7
177	13.2
40	15.6
217	34.9
33	28.1
173	39.2
84	28.3
90	32.8
332	50.0
177	41.1
44	34.6
172	39.6
119	37.0
164	63.9
302	+0.8
15
44	Purdue
   2 seed, Sweet Sixteen	B10	3	2–1
0–0	130.2
1	111.8
264	.8514
44	59.4
15	49.4
147	16.1
127	11.5
311	27.7
164	33.6
282	38.7
87	34.6
176	57.5
21	47.5
113	41.2
40	35.6
193	43.9
60	33.0
78	66.1
245	+0.6
24
45	South Florida	Amer	3	2–1
2–0	109.4
103	94.1
41	.8499
45	56.3
35	49.1
132	19.1
249	17.0
168	32.3
68	24.8
111	37.3
101	34.0
164	54.1
61	57.6
302	40.0
60	23.8
10	38.0
152	38.9
201	67.3
200	-0.31
90
46	Missouri
   8 seed, R64	SEC	2	1–1
1–0	111.7
74	96.3
65	.8472
46	45.5
263	46.8
84	14.9
76	12.5
288	32.9
60	24.3
101	40.2
75	31.5
136	38.1
325	47.2
107	36.7
114	30.8
91	43.8
61	35.1
125	64.8
284	-0.21
75
47	Texas
   10 seed, R64	B12	3	2–1
1–0	118.5
28	102.1
140	.8470
47	53.8
68	51.9
201	15.6
107	16.6
183	32.3
68	32.7
269	34.5
148	20.8
25	51.5
104	49.6
172	38.2
93	37.9
238	39.8
116	31.7
59	63.6
304	+0.6
28
48	Wichita St.
   4 seed, R64	Amer	4	2–2
1–1	122.5
9	105.6
188	.8463
48	50.2
153	51.1
190	14.9
76	12.3
295	31.4
85	22.0
66	40.0
78	40.5
250	51.7
101	45.2
79	31.8
212	40.2
275	37.0
173	39.2
210	67.2
204	-0.03
63
49	Bucknell
   14 seed, R64	Pat	3	3–0
0–0	115.7
47	99.8
110	.8448
49	61.7
9	43.3
25	16.4
143	15.9
206	27.8
157	31.1
229	44.6
38	26.3
68	65.6
2	42.3
31	38.2
93	30.6
89	45.8
40	26.3
16	70.0
101	+0.13
54
50	UCLA
   11 seed, R68	P12	4	2–2
1–0	110.1
91	95.0
49	.8448
50	53.5
77	46.6
80	16.2
131	10.9
318	21.8
269	22.4
72	19.5
315	33.5
158	50.4
130	47.6
118	37.8
98	29.8
69	48.4
24	33.9
100	68.5
151	+0.5
32
Rk	Team	Conf	G	Rec	AdjOE	AdjDE	Barthag	Efg%	EfgD%	TOR	TORD	ORB	DRB	FTR	FTRD	2P%	2P%D	3P%	3P%D	3PR	3PRD	Adj T.	WAB
51	Notre Dame	ACC	6	4–2
1–1	111.2
78	96.1
60	.8438
51	45.3
271	45.4
61	11.7
18	12.4
291	31.3
88	25.2
119	30.1
211	18.3
13	47.3
210	46.4
97	28.1
271	29.3
62	39.2
130	38.5
193	68.5
151	+0.40
40
52	Marquette	BE	4	3–1
1–0	119.0
26	102.9
156	.8427
52	56.1
36	54.4
258	19.6
265	18.1
122	22.1
262	34.3
286	30.7
197	31.4
134	47.6
206	50.7
197	45.5
18	39.8
266	41.5
86	41.5
255	67.2
204	+0.6
25
53	USC	P12	5	3–2
0–1	108.0
122	93.5
37	.8392
53	52.3
101	49.8
155	15.5
100	18.4
104	25.4
213	27.3
159	28.2
245	20.6
23	53.3
71	47.8
122	33.7
174	35.2
186	34.6
210	40.2
230	67.2
204	-0.5
131
54	Pepperdine	WCC	2	1–1
0–0	117.3
35	101.7
127	.8381
54	59.2
18	52.3
211	15.5
100	20.9
35	22.0
264	34.4
288	27.5
256	29.6
103	55.6
36	52.5
235	46.4
12	34.7
175	25.7
320	45.4
298	68.9
138	-0.43
109
55	Alabama
   9 seed, R32	SEC	4	2–2
0–1	110.5
87	96.2
64	.8305
55	48.7
201	48.7
123	19.1
249	17.7
139	29.3
131	29.7
207	40.9
69	45.1
282	50.7
124	48.5
140	30.1
232	32.6
127	36.9
174	41.1
245	67.7
191	+0.43
39
56	Northwestern	B10	1	0–1
0–0	113.4
62	98.9
95	.8285
56	45.2
274	46.7
82	15.5
100	8.6
334	31.4
85	32.5
266	28.8
233	19.7
19	48.5
189	28.1
1	26.3
290	44.8
306	36.5
179	47.5
307	58.5
334	-0.33
94
57	Texas A&M
   7 seed, Sweet Sixteen	SEC	3	2–1
2–0	104.0
178	91.0
21	.8228
57	42.9
302	43.9
39	19.1
249	17.7
139	36.7
17	28.6
182	36.4
115	35.2
186	43.7
287	44.9
74	27.6
275	27.9
46	31.5
267	34.1
104	70.8
76	+0.33
45
58	New Mexico St.
   12 seed, R64	WAC	4	4–0
1–0	111.2
79	97.4
77	.8224
58	53.8
68	43.9
39	18.1
208	17.4
150	35.5
28	21.0
51	42.6
55	39.7
241	47.4
209	43.3
47	43.0
26	30.0
73	37.3
165	33.8
95	72.3
51	+0.5
31
59	UAB	CUSA	4	3–1
2–0	120.9
17	105.9
191	.8218
59	59.5
14	52.7
220	17.1
165	15.4
224	29.4
129	26.8
150	22.5
294	25.3
53	58.3
14	54.6
269	41.2
40	33.0
137	33.6
240	36.6
158	71.3
67	-0.03
64
60	Michigan St.
   3 seed, R32	B10	2	1–1
0–0	116.2
43	101.8
132	.8199
60	45.4
267	52.4
213	15.5
100	12.2
298	34.2
44	23.4
84	17.6
326	37.5
214	46.2
247	51.6
219	29.3
251	35.7
196	34.5
213	40.4
235	65.7
257	+0.12
55
61	Marshall
   13 seed, R32	CUSA	5	4–1
1–1	114.3
56	100.3
113	.8171
61	52.7
93	48.0
105	15.2
91	15.2
230	23.0
251	32.0
248	37.8
95	31.5
136	51.3
107	49.3
162	36.2
121	30.3
82	46.9
34	33.6
91	72.7
44	+0.7
17
62	Middle Tennessee	CUSA	4	2–2
1–1	110.1
90	96.7
69	.8169
62	59.7
12	49.5
149	18.4
226	17.0
168	24.2
235	19.4
34	20.6
310	33.0
154	57.1
23	51.3
208	43.0
26	30.4
83	33.9
225	31.2
55	67.6
196	-1.4
285
63	Richmond	A10	4	3–1
2–0	123.9
6	108.8
233	.8166
63	63.9
4	56.5
284	15.5
100	17.0
168	26.2
197	22.8
77	33.6
162	35.0
182	61.3
7	55.3
279	45.3
19	39.0
258	38.6
140	38.3
189	68.1
173	-0.25
79
64	Tulsa	Amer	3	2–1
2–0	103.8
185	91.2
24	.8159
64	48.2
214	45.3
59	16.7
155	20.2
48	33.3
52	24.5
106	46.4
32	24.6
48	50.0
139	44.7
69	30.0
235	30.9
97	36.1
187	39.8
224	68.5
151	-0.5
126
65	Creighton
   8 seed, R64	BE	2	0–2
0–1	110.5
86	97.2
72	.8149
65	50.0
156	51.3
193	11.8
22	16.6
183	23.4
246	28.2
175	24.8
280	40.8
255	51.3
107	45.2
79	32.1
205	40.4
278	41.1
93	39.2
210	68.1
173	-0.9
219
66	LSU	SEC	4	2–2
1–1	116.1
44	102.2
142	.8125
66	54.4
57	51.5
196	18.4
226	20.5
43	34.1
45	31.9
246	33.9
158	34.1
165	56.8
29	47.5
113	34.0
166	38.5
252	41.1
93	39.2
210	68.4
160	-0.6
151
67	Oklahoma
   10 seed, R64	B12	2	1–1
1–0	97.5
259	85.9
5	.8113
67	45.4
267	41.1
11	12.2
31	21.0
33	17.2
316	35.6
301	24.6
285	29.5
102	47.3
210	40.0
15	28.6
260	28.6
52	43.1
70	38.0
184	73.2
32	-0.27
83
68	Georgia St.
   15 seed, R64	SB	5	4–1
1–1	114.1
57	100.5
114	.8112
68	55.2
44	42.4
20	16.3
138	17.2
158	26.1
198	32.3
259	34.1
154	48.9
309	49.7
161	44.4
58	42.6
30	26.9
32	38.7
138	48.6
313	66.1
245	-0.33
96
69	Mississippi St.	SEC	4	2–2
0–1	106.7
143	94.1
40	.8090
69	50.0
156	48.1
109	21.9
312	16.6
183	30.2
109	35.8
304	29.5
221	27.7
85	49.3
167	45.9
92	34.2
165	34.4
166	36.4
184	39.7
221	67.0
209	-0.36
100
70	Utah	P12	3	2–1
1–0	111.0
81	98.2
85	.8024
70	53.7
70	43.0
23	15.7
111	16.3
195	18.8
305	32.1
252	51.9
9	26.9
78	54.3
56	42.5
34	35.4
144	29.3
62	48.1
26	33.9
100	62.5
315	-0.47
116
71	Miami FL
   6 seed, R64	ACC	2	1–1
1–0	107.3
132	95.1
50	.8002
71	48.8
196	49.6
151	15.3
94	16.8
177	23.7
243	35.5
300	25.8
271	35.0
182	44.0
282	49.3
162	37.8
98	33.3
140	37.5
160	37.5
171	66.4
230	+0.07
57
72	Arkansas
   7 seed, R64	SEC	4	2–2
0–1	121.3
13	107.6
216	.7988
72	49.3
179	53.9
243	14.7
71	19.3
82	30.2
109	35.4
298	43.9
43	38.2
220	46.7
233	45.4
83	37.1
108	42.9
293	29.0
290	45.2
296	66.1
245	+0.40
41
73	Nevada
   7 seed, Sweet Sixteen	MWC	4	2–2
1–1	120.2
21	106.8
200	.7961
73	53.6
73	49.8
155	11.6
17	17.3
152	30.1
113	41.1
329	21.9
297	37.5
214	50.3
133	52.4
232	39.2
71	29.9
71	38.5
143	34.4
111	68.4
160	+0.02
59
74	Saint Joseph's	A10	3	2–1
1–0	117.0
37	104.2
170	.7913
74	56.0
37	43.6
32	14.8
74	10.4
321	26.6
191	29.4
199	39.2
84	26.7
74	49.1
173	43.4
49	46.4
12	29.2
61	33.7
238	45.6
299	67.1
208	-0.34
97
75	BYU	WCC	4	2–2
0–0	114.3
54	101.9
134	.7901
75	51.6
114	54.5
260	10.8
12	17.8
133	19.0
302	26.9
154	27.4
257	34.9
180	54.4
55	55.2
277	29.4
246	35.7
196	27.4
310	42.2
265	72.0
53	+0.45
37
Rk	Team	Conf	G	Rec	AdjOE	AdjDE	Barthag	Efg%	EfgD%	TOR	TORD	ORB	DRB	FTR	FTRD	2P%	2P%D	3P%	3P%D	3PR	3PRD	Adj T.	WAB
76	South Carolina	SEC	4	2–2
1–1	106.3
152	94.7
47	.7900
76	50.4
147	47.3
94	22.1
315	18.0
127	33.1
58	30.3
215	42.9
52	39.7
241	39.7
319	45.8
90	44.6
22	33.0
137	39.5
122	41.3
253	69.6
117	-0.25
80
77	Stanford	P12	5	3–2
1–1	108.3
116	96.8
70	.7851
77	51.2
122	48.5
118	20.0
278	13.1
279	33.2
57	26.0
133	43.1
50	30.3
113	47.7
202	48.1
128	38.8
81	32.8
133	33.0
244	35.7
138	74.1
27	-0.20
74
78	Baylor	B12	3	1–2
0–1	107.0
135	95.7
53	.7832
78	54.2
62	46.0
69	25.9
333	18.4
104	27.8
157	34.5
290	39.7
82	38.6
226	51.0
117	48.6
143	39.7
66	28.2
50	37.2
167	40.3
233	71.4
61	-0.6
139
79	East Tennessee St.	SC	3	2–1
0–0	99.5
236	89.4
15	.7755
79	49.4
175	42.0
18	18.1
208	20.7
40	27.6
167	32.1
252	24.8
280	35.0
182	54.2
58	48.9
151	24.4
306	22.7
7	27.3
312	46.0
300	66.3
235	-0.32
92
80	Penn
   16 seed, R64	Ivy	4	3–1
1–1	116.1
45	104.3
173	.7748
80	59.8
11	46.9
86	15.1
85	14.1
260	16.5
318	23.3
80	37.9
94	32.4
147	54.6
53	49.4
165	46.2
14	28.0
48	35.6
195	33.6
91	70.3
88	-0.46
114
81	Syracuse
   11 seed, Sweet Sixteen	ACC	5	3–2
1–1	106.4
148	96.1
61	.7631
81	44.9
276	49.3
143	20.0
278	17.8
133	34.7
36	31.8
241	43.2
49	33.5
158	40.9
313	47.7
120	34.0
166	34.1
163	40.1
113	45.2
296	61.6
323	+0.01
60
82	St. Bonaventure
   11 seed, R64	A10	4	3–1
1–0	111.8
73	101.0
121	.7630
82	53.2
85	53.1
231	13.6
44	20.2
48	25.2
216	28.0
172	37.0
106	31.6
138	52.2
91	50.5
191	36.6
115	36.9
216	38.0
152	52.4
327	65.8
254	-0.07
66
83	Rhode Island
   7 seed, R32	A10	4	2–2
0–1	109.4
104	99.3
101	.7533
83	49.6
168	49.8
155	14.0
54	16.6
183	31.9
78	25.2
119	28.2
245	30.8
124	43.4
290	48.9
151	39.0
74	34.1
163	40.8
101	37.9
183	66.9
212	-0.44
112
84	Oregon St.	P12	4	2–2
1–1	110.9
83	100.7
116	.7527
84	50.9
129	52.4
213	15.6
107	14.8
245	30.9
96	17.3
16	33.6
162	34.1
165	51.0
117	51.5
216	33.8
172	35.8
200	34.9
209	38.4
191	63.2
308	-0.5
127
85	Georgetown	BE	2	0–2
0–1	118.4
30	107.5
215	.7522
85	46.7
243	63.4
327	16.3
138	14.3
258	26.9
187	17.9
17	33.3
165	32.8
152	47.3
210	68.1
330	30.6
227	38.0
243	39.8
116	42.0
262	72.8
42	-0.5
123
86	Wright St.
   14 seed, R64	Horz	3	3–0
0–0	106.9
140	97.2
75	.7482
86	49.1
185	44.5
52	12.1
30	15.6
217	27.3
175	18.3
23	36.2
119	19.8
20	46.8
230	42.4
32	35.4
144	31.5
105	37.4
164	42.4
270	66.2
239	+0.24
49
87	Utah Valley	WAC	4	3–1
1–0	104.5
171	95.4
51	.7419
87	53.3
84	44.6
53	23.0
323	17.8
133	31.5
84	22.4
72	43.7
44	26.9
78	50.4
130	47.7
120	39.2
71	26.4
30	34.4
218	37.6
174	73.1
33	-0.6
135
88	Montana
   14 seed, R64	BSky	5	5–0
2–0	112.3
70	102.6
150	.7380
88	54.1
65	52.8
224	15.4
97	16.0
204	33.7
50	18.2
19	36.5
113	23.1
35	52.5
80	51.3
208	40.3
56	37.4
224	20.4
334	31.4
56	67.3
200	+0.7
18
89	Long Beach St.	BW	3	2–1
2–0	107.0
134	97.9
83	.7359
89	50.3
150	52.5
218	19.5
259	21.8
25	34.9
33	18.3
23	32.4
174	28.6
92	46.3
240	51.4
213	41.9
36	36.5
211	24.0
327	32.3
67	70.2
93	-0.46
115
90	Butler
   10 seed, R32	BE	4	1–3
0–2	108.3
118	99.0
97	.7356
90	48.6
205	55.0
264	15.9
117	19.7
68	22.8
253	27.6
168	23.6
288	36.9
207	52.1
92	51.4
213	29.2
254	41.0
283	43.1
70	35.1
125	65.8
254	-0.21
76
91	St. John's	BE	4	2–2
1–1	99.5
238	91.1
22	.7340
91	49.3
179	47.1
90	21.1
297	18.4
104	15.3
322	27.8
170	32.4
174	34.8
179	51.3
107	45.1
77	30.1
232	33.3
140	32.4
259	41.8
259	69.8
111	-0.11
68
92	UNC Greensboro
   13 seed, R64	SC	3	3–0
0–0	96.6
271	88.5
13	.7311
92	47.0
238	40.2
6	18.2
214	20.8
37	34.6
37	26.4
140	26.0
269	25.9
60	50.6
126	41.6
27	28.8
259	25.9
25	47.3
31	51.3
325	60.7
328	+0.49
36
93	Western Illinois	Sum	1	0–1
0–0	95.1
285	87.3
10	.7282
93	48.2
214	38.3
3	14.9
76	8.9
332	12.1
331	28.6
182	17.9
325	39.1
233	51.2
112	38.9
12	26.7
285	25.0
16	26.8
314	43.8
283	65.3
275	-0.6
138
94	North Texas	CUSA	4	2–2
1–1	108.6
112	99.8
109	.7263
94	52.4
99	48.0
105	16.5
147	16.8
177	26.6
191	23.1
78	34.3
151	38.7
228	48.6
183	49.3
162	39.1
73	30.8
91	37.3
165	40.4
235	68.6
150	-1.7
302
95	Old Dominion	CUSA	4	3–1
2–0	100.4
228	92.6
31	.7175
95	47.7
226	38.8
4	17.4
174	17.4
150	30.9
96	30.4
217	34.7
147	30.2
112	51.0
117	40.3
18	27.4
279	24.1
11	33.8
234	35.8
140	64.4
295	-0.27
82
96	Western Kentucky	CUSA	6	3–3
0–2	111.2
80	102.7
151	.7139
96	50.0
156	52.1
209	15.9
117	15.2
230	32.4
65	27.4
162	35.5
136	21.0
26	52.4
83	49.8
176	29.2
254	37.6
228	27.7
308	34.5
113	66.9
212	-1.0
254
97	N.C. State
   9 seed, R64	ACC	3	1–2
1–1	116.5
39	107.6
217	.7124
97	54.3
59	54.1
247	12.7
34	18.3
112	27.4
173	33.7
283	28.2
245	27.6
84	47.0
220	54.5
268	48.1
5	35.3
187	28.7
296	27.6
26	70.8
76	-0.9
218
98	Eastern Washington	BSky	6	4–2
2–0	110.7
85	102.3
145	.7121
98	57.4
28	52.0
205	17.4
174	20.0
54	19.2
298	28.7
189	25.2
279	34.6
176	55.2
43	53.1
246	40.4
55	33.0
137	40.4
110	31.9
61	66.9
212	-0.38
101
99	Northern Colorado	BSky	5	3–2
1–1	112.3
67	104.3
172	.7025
99	56.7
31	49.3
143	17.4
174	15.4
224	31.0
94	25.4
122	33.1
169	35.9
195	53.4
70	48.1
128	42.4
32	35.8
200	32.5
256	22.0
5	70.2
93	-1.1
260
100	Saint Mary's	WCC	3	2–1
0–0	115.8
46	107.5
214	.7005
100	62.7
7	48.5
118	17.9
194	11.6
310	29.1
138	19.2
30	22.4
295	24.3
46	59.6
12	52.5
235	44.4
23	25.5
21	44.7
49	27.8
29	64.6
289	-0.6
140
Rk	Team	Conf	G	Rec	AdjOE	AdjDE	Barthag	Efg%	EfgD%	TOR	TORD	ORB	DRB	FTR	FTRD	2P%	2P%D	3P%	3P%D	3PR	3PRD	Adj T.	WAB
101	Harvard	Ivy	5	3–2
2–0	108.4
114	101.0
122	.6933
101	58.3
23	50.5
174	20.7
288	14.9
241	30.5
106	16.2
12	25.4
276	33.0
154	50.3
133	45.6
87	46.6
10	39.0
258	41.0
95	38.0
184	64.1
301	-0.40
102
102	La Salle	A10	3	1–2
1–1	102.9
195	95.9
56	.6932
102	47.7
226	50.7
177	15.8
113	20.8
37	24.7
230	29.3
196	29.5
221	43.1
269	52.4
83	48.3
135	27.1
282	35.9
202	40.5
108	41.8
259	68.1
173	-1.4
283
103	UC Davis	BW	5	3–2
2–0	105.7
158	98.7
91	.6860
103	51.1
126	49.6
151	18.8
237	20.0
54	21.4
277	23.4
84	31.5
191	37.9
218	46.0
256	57.3
301	40.2
58	26.1
28	35.5
196	42.5
272	65.4
272	-0.41
105
104	DePaul	BE	2	0–2
0–1	97.0
263	90.6
19	.6846
104	46.5
247	52.9
226	18.4
226	24.3
8	27.8
157	27.1
157	30.7
197	34.3
167	50.0
139	55.0
272	27.3
281	33.3
140	38.6
140	41.2
250	66.2
239	-0.9
237
105	Arizona St.
   11 seed, R68	P12	4	1–3
1–1	115.1
51	107.7
218	.6825
105	54.3
59	51.3
193	11.1
14	20.0
54	18.2
310	31.7
237	39.6
83	40.4
248	54.8
47	49.0
154	35.8
131	37.2
222	46.1
38	34.7
122	70.5
83	-1.5
288
106	South Dakota	Sum	4	2–2
0–0	109.1
109	102.1
137	.6823
106	49.6
168	48.5
118	11.7
18	15.0
237	25.3
214	27.6
168	33.1
169	31.9
141	51.2
112	43.1
44	31.2
217	38.0
243	35.4
198	38.5
193	74.4
24	-0.40
103
107	Eastern Michigan	MAC	4	3–1
1–0	100.9
221	94.4
42	.6822
107	50.8
134	46.5
77	17.7
187	20.3
47	32.1
72	35.4
298	21.3
304	22.0
29	50.3
133	42.4
32	34.7
156	35.1
183	31.3
268	40.2
230	65.1
276	-0.28
85
108	Boise St.	MWC	3	1–2
1–0	111.4
77	104.3
174	.6810
108	49.2
181	59.4
310	18.4
226	18.4
104	33.3
52	15.6
9	42.7
54	37.1
210	46.4
239	48.5
140	35.6
135	49.3
326	39.5
122	42.9
276	74.2
26	-0.7
161
109	Colorado	P12	3	1–2
0–1	109.6
101	102.7
152	.6785
109	50.3
150	52.7
220	17.1
165	9.7
329	27.8
157	21.6
60	30.5
200	51.5
314	48.7
180	47.4
110	35.6
135	40.0
268	33.9
225	42.4
270	68.5
151	-0.41
106
110	Belmont	OVC	2	1–1
0–0	112.1
71	105.0
182	.6785
110	55.3
41	48.8
127	19.6
265	10.6
320	27.0
183	30.4
217	19.3
316	25.4
54	61.0
8	47.1
103	32.7
198	33.9
157	48.2
25	44.4
286	66.5
224	-0.49
117
111	Cal St. Fullerton
   15 seed, R64	BW	5	4–1
1–1	103.8
183	97.4
78	.6759
111	50.7
138	43.3
25	16.8
161	17.3
152	25.0
219	26.4
140	39.9
81	32.1
144	54.7
51	38.0
8	25.0
302	36.6
214	23.2
329	31.7
59	69.7
115	-0.34
99
112	Washington	P12	4	2–2
1–1	107.3
128	100.9
119	.6715
112	50.7
138	49.3
143	16.3
138	19.5
75	19.1
300	32.6
267	40.7
74	39.6
239	49.3
167	48.9
151	35.5
140	33.3
140	35.2
202	40.4
235	69.6
117	-1.3
275
113	Auburn
   4 seed, R32	SEC	2	1–1
1–0	104.9
165	98.6
89	.6712
113	43.3
299	50.9
181	14.7
71	23.4
13	21.7
271	28.2
175	42.9
52	44.2
273	41.8
299	47.1
103	29.7
241	37.8
232	53.8
3	39.8
224	74.3
25	-0.32
91
114	Florida St.
   9 seed, Elite Eight	ACC	3	1–2
1–1	109.3
107	102.9
157	.6668
114	52.6
94	52.4
213	19.0
244	16.7
181	25.9
205	30.6
220	36.4
115	30.3
113	52.4
83	42.6
35	35.3
148	45.7
314	39.3
129	37.8
180	71.5
59	-0.50
119
115	Iona
   15 seed, R64	MAAC	3	3–0
0–0	107.8
125	101.7
129	.6616
115	49.1
185	46.3
74	11.7
18	20.9
35	19.0
302	32.2
258	49.1
16	31.4
134	47.1
217	44.0
51	35.1
152	33.3
140	35.4
198	37.7
178	70.2
93	+0.30
46
116	UT Arlington	SB	4	3–1
1–0	110.1
93	103.9
168	.6600
116	50.2
153	47.9
103	17.7
187	16.3
195	34.3
42	30.2
213	35.8
127	38.4
223	50.0
139	47.6
118	33.7
174	32.2
122	37.1
169	38.0
184	70.3
88	-0.00
61
117	VCU	A10	4	2–2
1–1	109.5
102	103.4
164	.6594
117	55.3
41	49.4
147	14.5
64	14.5
252	21.4
277	22.2
69	30.4
204	28.8
96	53.0
75	48.0
126	38.8
81	34.4
166	43.5
63	37.5
171	71.4
61	-1.2
269
118	San Diego	WCC	2	1–1
0–0	121.2
14	115.0
289	.6476
118	63.7
5	54.5
260	19.5
259	12.3
295	25.5
211	20.6
44	47.1
28	41.1
257	65.3
4	53.1
246	41.5
39	38.7
256	52.0
11	27.7
28	70.4
84	-0.7
157
119	Southern Miss	CUSA	4	3–1
1–0	108.9
111	103.3
163	.6454
119	53.7
70	51.6
197	15.8
113	18.8
94	19.7
292	26.5
146	35.0
143	30.4
115	52.0
97	49.6
172	37.2
105	36.1
205	43.3
67	43.3
280	65.1
276	-0.06
65
120	Charleston
   13 seed, R64	CAA	3	3–0
0–0	107.9
124	102.4
148	.6437
120	54.5
55	55.4
272	12.9
36	19.8
64	25.0
219	21.5
59	29.5
221	18.5
14	52.8
77	52.6
238	38.2
93	39.4
263	38.6
140	42.3
268	64.5
292	+0.5
35
121	Connecticut	Amer	3	1–2
1–1	110.1
92	104.7
178	.6398
121	50.3
150	48.1
109	18.2
214	16.8
177	30.8
98	38.1
318	33.7
160	37.3
211	50.0
139	49.5
169	33.8
172	30.8
91	37.1
169	42.2
265	71.2
71	-0.7
167
122	Georgia Tech	ACC	3	2–1
2–0	94.0
292	89.6
16	.6351
122	46.6
245	46.4
75	19.0
244	21.6
28	26.1
198	29.5
201	31.3
194	36.3
202	46.9
225	44.7
69	30.6
227	34.0
160	25.5
321	27.5
24	75.1
17	-0.12
70
123	UCF	Amer	4	2–2
1–1	99.4
240	94.8
48	.6325
123	46.3
250	49.6
151	15.8
113	19.6
73	24.7
230	33.1
274	48.8
20	26.5
70	39.4
321	50.9
198	38.5
89	30.8
91	38.0
152	28.8
34	62.6
314	-0.8
188
124	Louisiana	SB	5	2–3
1–1	104.8
166	100.1
112	.6279
124	49.2
181	50.2
167	18.1
208	20.1
52	33.0
59	29.6
204	29.4
225	38.3
221	49.7
161	51.5
216	32.3
201	31.0
101	42.9
73	25.6
13	69.8
111	-1.6
298
125	Fairfield	MAAC	4	3–1
0–0	100.2
230	95.7
54	.6276
125	50.4
147	45.0
54	15.5
100	16.9
175	25.0
219	24.0
95	31.7
187	42.6
266	46.2
247	47.4
110	36.9
110	25.4
20	45.7
43	25.7
15	70.7
78	-0.6
146
Rk	Team	Conf	G	Rec	AdjOE	AdjDE	Barthag	Efg%	EfgD%	TOR	TORD	ORB	DRB	FTR	FTRD	2P%	2P%D	3P%	3P%D	3PR	3PRD	Adj T.	WAB
126	UC Santa Barbara	BW	4	2–2
1–1	105.7
154	101.1
123	.6263
126	53.6
73	46.1
71	16.7
155	18.2
118	30.7
101	26.8
150	23.1
293	26.1
64	50.0
139	44.6
66	39.0
74	32.9
136	42.7
76	32.1
65	64.9
281	-1.7
305
127	William & Mary	CAA	2	1–1
0–0	111.0
82	106.4
195	.6194
127	59.3
16	52.0
205	17.4
174	10.8
319	14.3
325	20.5
42	29.0
231	18.0
12	57.1
23	55.4
283	41.2
40	31.5
105	47.7
28	42.2
265	71.2
71	-0.7
154
128	Iowa St.	B12	2	0–2
0–1	96.7
266	92.8
32	.6174
128	44.1
293	45.9
66	21.4
303	11.0
315	26.0
202	27.9
171	30.3
207	26.9
78	48.8
177	52.7
240	23.1
314	25.0
16	32.8
248	44.8
289	70.2
93	-0.8
191
129	UMBC
   16 seed, R32	AE	3	3–0
0–0	103.3
190	99.2
99	.6159
129	55.4
39	50.0
161	14.5
64	19.9
59	24.8
227	19.2
30	32.4
174	48.7
307	54.8
47	47.2
107	37.5
101	36.1
205	40.9
99	40.7
242	69.6
117	+0.5
33
130	Oregon	P12	6	4–2
1–1	106.7
141	102.4
146	.6155
130	51.3
118	53.2
232	18.5
231	19.7
68	34.8
35	27.5
165	30.5
200	29.9
108	46.2
247	53.0
245	38.5
89	35.7
196	44.4
55	39.0
204	65.5
268	-0.24
77
131	Air Force	MWC	3	1–2
1–1	103.1
192	99.3
100	.6083
131	52.1
105	50.8
180	17.6
184	17.6
142	27.0
183	22.4
72	21.9
297	36.0
198	47.1
217	47.3
109	38.6
87	37.9
238	45.8
40	37.1
166	68.1
173	-1.2
264
132	Illinois Chicago	Horz	2	1–1
0–0	104.7
168	100.8
117	.6081
132	56.5
33	43.9
39	21.2
300	13.7
274	28.6
145	21.9
63	30.2
208	36.9
207	52.1
92	39.8
14	42.2
33	37.9
238	38.8
137	23.8
7	74.6
19	-0.9
213
133	UNC Asheville	BSth	3	1–2
0–0	109.9
96	106.0
192	.6035
133	52.5
97	54.2
249	13.7
48	17.8
133	18.8
305	26.5
146	32.0
181	34.3
167	46.1
253	54.4
264	40.5
51	35.9
202	43.6
62	36.0
147	69.2
133	-0.9
211
134	Saint Peter's	MAAC	3	2–1
0–0	94.3
291	91.1
23	.5971
134	49.4
175	44.4
50	22.6
321	17.5
145	32.0
75	24.3
101	29.8
216	49.0
310	50.6
126	48.3
135	31.9
209	25.8
24	44.7
49	41.1
245	62.0
320	-0.5
121
135	Missouri St.	MVC	2	1–1
0–0	120.3
19	116.5
298	.5929
135	50.4
147	54.3
254	14.4
58	10.4
321	38.0
11	25.0
113	34.8
146	24.3
46	48.7
180	45.3
82	35.9
127	47.5
322	33.9
225	34.8
124	62.5
315	-0.7
152
136	Grand Canyon	WAC	5	3–2
1–0	105.2
162	101.9
135	.5920
136	48.4
207	47.9
103	16.9
163	17.8
133	28.3
151	28.8
190	40.8
71	39.4
237	49.5
165	49.2
160	30.9
220	30.5
87	33.8
234	37.0
164	70.9
74	-0.17
73
137	Princeton	Ivy	2	1–1
1–1	110.3
88	106.9
202	.5896
137	52.8
90	48.8
127	10.1
6	14.1
260	13.7
328	26.3
137	36.6
112	35.4
189	54.2
58	48.2
132	34.4
161	33.3
140	52.0
11	33.1
80	68.1
173	-0.7
153
138	Wyoming	MWC	4	2–2
1–1	109.4
105	106.3
194	.5812
138	58.4
21	52.0
205	17.4
174	18.8
94	19.2
298	32.3
259	27.3
259	31.9
141	57.1
23	49.4
165	39.8
64	38.4
251	47.6
29	31.9
61	69.3
130	-1.0
253
139	Illinois St.	MVC	3	2–1
0–0	101.7
213	98.8
92	.5809
139	44.6
280	45.1
56	13.7
48	12.7
285	26.1
198	24.2
98	35.6
132	40.0
243	45.1
270	44.8
73	29.3
251	30.4
83	42.4
78	45.1
295	66.2
239	-0.12
69
140	Liberty	BSth	4	3–1
0–0	101.6
214	98.9
94	.5787
140	54.3
59	43.3
25	18.2
214	12.0
302	17.9
314	19.9
37	35.8
127	36.5
204	55.0
46	36.8
6	35.5
140	35.9
202	40.6
106	38.4
191	61.2
326	-0.43
110
141	Nebraska	B10	2	0–2
0–0	104.7
169	101.9
136	.5772
141	37.3
330	50.4
169	11.8
22	17.3
152	27.2
180	40.8
326	30.5
200	28.0
87	36.3
329	44.2
54	26.3
290	41.5
287	32.2
263	34.7
122	65.9
252	-0.26
81
142	Central Michigan	MAC	4	3–1
1–0	117.6
33	114.6
286	.5735
142	55.0
48	53.3
235	16.2
131	12.6
287	30.0
116	34.4
288	41.1
68	25.7
55	52.7
78	53.4
250	38.0
97	35.4
190	52.4
8	43.3
280	64.9
281	-0.42
107
143	Mississippi	SEC	3	0–3
0–2	109.7
99	107.1
210	.5688
143	46.4
249	58.9
305	15.0
82	16.8
177	30.8
98	27.3
159	26.6
265	48.0
302	47.0
220	49.1
157	30.1
232	50.8
328	35.3
200	36.0
147	76.0
14	-1.7
301
144	Appalachian St.	SB	3	2–1
1–0	108.2
119	105.6
189	.5684
144	48.9
194	48.8
127	16.7
155	18.0
127	31.3
88	25.7
126	46.6
31	35.3
188	51.9
99	46.3
96	29.7
241	36.5
211	41.6
85	30.1
43	71.9
54	-0.7
163
145	UTSA	CUSA	5	3–2
1–1	105.3
161	102.8
155	.5667
145	51.2
122	48.5
118	16.1
127	14.4
255	26.6
191	26.2
135	32.0
181	30.5
119	49.4
166	50.0
177	35.6
135	31.1
103	44.0
58	42.9
276	69.9
104	-1.2
265
146	Loyola Marymount	WCC	2	1–1
0–0	118.2
31	115.6
291	.5650
146	50.9
129	68.7
333	10.1
6	19.3
82	21.4
277	24.1
96	37.2
104	35.4
189	41.0
311	58.3
309	48.6
4	56.4
331	31.0
273	39.4
216	64.6
289	-0.24
78
147	Maryland	B10	1	0–1
0–0	101.4
215	99.1
98	.5646
147	46.0
258	39.0
5	21.1
297	12.3
295	32.1
72	35.3
296	18.0
324	48.0
302	55.6
36	46.9
101	14.3
334	16.7
2	28.0
306	36.0
147	61.8
321	-0.6
143
148	Southern Illinois	MVC	2	1–1
0–0	107.3
129	105.1
183	.5603
148	50.0
156	48.1
109	13.9
52	17.0
168	27.0
183	33.3
277	20.8
309	47.2
294	46.8
230	47.4
110	37.2
105	32.7
130	35.8
192	46.2
301	61.5
324	-0.6
134
149	Temple	Amer	5	1–4
0–2	102.0
207	100.0
111	.5567
149	47.2
235	50.7
177	15.4
97	18.0
127	26.1
198	30.4
217	30.2
208	45.0
280	46.7
233	46.7
99	31.9
209	37.8
232	39.5
122	39.6
219	70.3
88	-1.6
297
150	SMU	Amer	4	1–3
0–2	101.3
217	99.4
105	.5534
150	45.5
263	49.8
155	17.5
183	19.1
86	29.1
138	35.6
301	28.6
238	25.7
55	50.4
130	54.4
264	25.3
301	27.7
42	39.5
122	36.1
151	66.1
245	-1.5
289
Rk	Team	Conf	G	Rec	AdjOE	AdjDE	Barthag	Efg%	EfgD%	TOR	TORD	ORB	DRB	FTR	FTRD	2P%	2P%D	3P%	3P%D	3PR	3PRD	Adj T.	WAB
151	Pacific	WCC	1	0–1
0–0	112.3
68	110.5
247	.5481
151	48.2
214	55.0
264	13.8
50	13.8
269	21.9
268	24.2
98	30.4
204	13.3
4	43.9
284	52.9
243	40.0
60	38.5
252	26.8
314	43.3
280	59.4
333	-0.8
185
152	Utah St.	MWC	5	3–2
1–1	103.8
184	102.1
139	.5470
152	53.6
73	51.8
199	17.9
194	16.7
181	21.2
283	23.8
90	24.7
284	31.7
139	54.2
58	51.6
219	35.4
144	34.7
175	50.0
14	33.8
95	67.8
187	-0.9
228
153	Holy Cross	Pat	2	1–1
0–0	110.3
89	108.6
230	.5429
153	65.2
1	43.8
35	23.0
323	16.5
190	10.8
334	37.2
312	51.9
9	33.0
154	63.6
5	44.6
66	45.8
15	28.6
52	30.4
279	50.0
315	62.8
311	-0.6
144
154	Georgia Southern	SB	4	3–1
2–0	104.5
172	103.0
160	.5420
154	51.8
110	49.1
132	15.1
85	20.0
54	22.0
264	26.4
140	48.9
18	29.9
108	48.9
176	48.2
132	37.8
98	33.7
153	37.1
169	40.6
240	71.7
57	-0.46
113
155	Bradley	MVC	2	1–1
0–0	103.9
181	102.6
149	.5377
155	48.5
206	51.0
186	20.5
287	11.9
304	31.3
88	18.8
27	30.0
215	30.0
111	48.5
189	51.1
203	32.4
199	34.0
160	34.0
223	53.0
328	60.1
331	-0.30
89
156	Stony Brook	AE	2	1–1
0–0	92.4
300	91.3
26	.5348
156	41.8
316	40.7
8	18.0
202	15.8
211	27.8
157	25.0
113	28.4
242	59.8
328	44.9
271	33.8
3	23.7
310	35.1
183	32.8
248	36.3
153	69.8
111	-0.27
84
157	Quinnipiac	MAAC	3	2–1
0–0	99.5
237	98.4
87	.5326
157	51.9
109	45.0
54	21.9
312	17.0
168	25.0
219	27.0
156	34.0
156	39.6
239	51.1
116	47.1
103	35.2
151	27.7
42	44.7
49	38.5
193	68.4
160	-0.6
145
158	Southeastern Louisiana	Slnd	5	3–2
2–0	107.6
126	106.5
196	.5309
158	52.6
94	51.0
186	17.8
192	16.2
200	22.7
255	35.3
296	34.9
144	23.1
35	57.0
28	46.8
100	30.7
225	39.2
261	40.1
113	35.2
128	63.1
309	-0.43
111
159	Toledo	MAC	4	2–2
0–1	108.0
121	106.9
203	.5294
159	48.3
211	49.0
131	17.3
171	13.8
269	32.0
75	31.0
225	27.0
263	22.2
30	45.7
260	47.5
113	34.7
156	34.6
172	40.8
101	33.3
83	66.2
239	-1.1
261
160	Fairleigh Dickinson	NEC	2	1–1
0–0	113.4
61	112.6
270	.5226
160	52.4
99	52.0
205	18.3
222	13.9
265	44.4
1	31.9
246	37.4
99	26.0
63	47.7
202	51.3
208	42.9
28	35.6
193	28.5
298	36.6
158	66.5
224	-0.7
168
161	Idaho St.	BSky	3	1–2
1–1	109.4
106	108.5
229	.5218
161	55.3
41	50.0
161	15.1
85	15.6
217	21.7
271	29.9
208	28.9
232	43.9
272	55.4
41	50.4
189	36.8
111	32.8
133	37.8
158	33.5
88	69.1
137	-1.3
274
162	Jacksonville St.	OVC	3	2–1
0–0	102.3
203	101.6
126	.5204
162	49.2
181	49.1
132	23.3
325	17.2
158	38.8
9	25.0
113	29.4
225	47.3
295	54.7
51	49.0
154	20.9
322	32.8
133	23.9
328	40.1
229	68.2
170	-0.5
129
163	Loyola MD	Pat	1	0–1
0–0	114.3
55	113.5
274	.5193
163	48.7
201	56.0
277	11.4
15	12.8
283	41.9
4	21.9
63	16.0
328	76.0
334	50.0
139	72.7
333	29.4
246	28.6
52	22.7
331	56.0
330	67.0
209	-0.6
136
164	Monmouth	MAAC	1	0–1
0–0	98.2
256	97.7
80	.5159
164	47.1
236	48.1
109	21.6
304	20.0
54	28.6
145	18.2
19	41.2
67	18.9
17	54.5
54	50.0
177	22.2
319	31.4
104	35.3
200	66.0
336	70.6
81	-0.9
220
165	LIU
   16 seed, R68	NEC	4	3–1
0–0	98.3
253	98.0
84	.5102
165	50.9
129	41.5
14	18.8
237	18.5
101	27.3
175	33.1
274	37.1
105	30.9
128	51.5
104	42.9
40	33.3
178	25.9
25	39.4
128	34.6
118	69.9
104	+0.26
47
166	Vermont	AE	4	2–2
0–0	105.7
157	105.5
187	.5050
166	48.8
196	52.6
219	16.0
123	17.5
145	20.8
289	22.1
67	47.3
26	16.2
9	47.9
199	50.3
188	33.9
171	37.8
232	29.4
285	35.8
140	65.4
272	-0.8
194
167	Vanderbilt	SEC	2	1–1
1–0	108.5
113	108.4
225	.5044
167	55.4
39	47.2
93	17.9
194	10.4
321	21.0
287	31.6
234	23.2
291	31.2
133	49.2
169	50.5
191	42.6
30	25.0
16	42.0
82	25.6
13	68.3
166	-0.14
71
168	Drake	MVC	2	1–1
0–0	105.4
160	105.3
185	.5027
168	45.3
271	44.4
50	13.1
39	18.2
118	25.0
219	42.4
333	35.6
132	9.9
2	46.3
240	48.4
137	29.4
246	24.5
12	43.2
69	34.5
113	65.0
278	-0.8
177
169	Indiana	B10	1	0–1
0–0	115.6
48	115.8
293	.4958
169	41.5
317	62.0
320	16.3
138	16.3
195	27.0
183	8.7
2	54.7
5	36.0
198	44.8
273	59.5
313	25.0
302	50.0
327	45.3
47	16.0
2	69.9
104	-0.8
180
170	Radford
   16 seed, R64	BSth	4	4–0
0–0	96.7
267	97.2
74	.4857
170	44.4
286	48.7
123	14.0
54	24.3
8	25.9
205	22.2
69	42.2
60	24.6
48	41.8
299	50.0
177	32.9
196	31.5
105	34.3
222	47.6
309	60.1
331	+0.24
50
171	Eastern Illinois	OVC	2	1–1
0–0	102.7
198	103.3
162	.4823
171	53.4
81	52.3
211	19.9
274	21.3
29	21.7
271	25.4
122	48.1
21	38.5
224	51.6
103	40.9
20	37.5
101	46.5
316	38.5
143	39.4
216	71.5
59	-0.8
173
172	Fresno St.	MWC	2	0–2
0–1	98.5
251	99.3
104	.4750
172	48.2
214	54.2
249	19.9
274	20.6
41	22.4
257	26.8
150	38.2
91	51.9
315	48.1
194	52.1
225	32.3
201	39.4
263	28.2
301	31.1
54	66.8
217	-1.0
255
173	Memphis	Amer	5	3–2
1–1	107.3
131	108.3
222	.4730
173	52.6
94	51.1
190	18.7
236	14.1
260	28.6
145	28.8
190	40.2
75	40.4
248	54.0
62	53.6
254	33.3
178	30.9
97	33.8
234	34.6
118	68.5
151	-0.8
187
174	Hawaii	BW	3	1–2
1–1	99.8
234	100.9
120	.4692
174	48.7
201	51.3
193	18.8
237	22.8
14	21.8
269	20.2
40	34.0
156	34.4
170	47.9
199	52.5
235	33.3
178	32.7
130	39.6
119	34.4
111	68.0
180	-1.2
268
175	Texas Southern
   16 seed, R64	SWAC	6	6–0
2–0	104.0
179	105.1
184	.4682
175	52.0
106	43.7
34	15.6
107	17.2
158	30.0
116	33.7
283	49.7
14	29.6
103	48.2
193	44.7
69	39.3
69	27.2
36	35.1
207	25.4
12	73.9
29	+0.20
52
Rk	Team	Conf	G	Rec	AdjOE	AdjDE	Barthag	Efg%	EfgD%	TOR	TORD	ORB	DRB	FTR	FTRD	2P%	2P%D	3P%	3P%D	3PR	3PRD	Adj T.	WAB
176	Louisiana Tech	CUSA	3	1–2
0–1	100.6
224	101.7
130	.4679
176	47.0
238	51.0
186	17.2
170	17.2
158	26.7
190	23.9
92	29.7
217	35.9
195	51.2
112	50.5
191	28.4
262	34.6
172	49.1
20	34.0
103	66.3
235	-1.2
263
177	George Washington	A10	4	2–2
1–1	110.0
95	111.3
259	.4665
177	53.1
86	51.8
199	19.8
269	15.3
228	37.4
13	24.8
111	28.5
240	36.2
201	53.1
73	56.3
290	35.3
148	30.6
89	22.4
332	43.8
283	69.6
117	-1.4
284
178	North Dakota	BSky	4	2–2
1–1	108.9
110	110.4
246	.4612
178	57.4
28	53.2
232	16.6
150	18.6
98	22.1
262	31.0
225	36.1
122	33.5
158	51.0
117	49.7
175	45.1
20	40.2
275	38.2
150	32.7
72	71.4
61	-1.2
272
179	Furman	SC	2	1–1
0–0	104.2
176	105.6
190	.4607
179	48.7
201	50.4
169	14.4
58	19.5
75	28.2
152	29.6
204	36.1
122	30.4
115	55.6
36	49.4
165	25.5
299	35.3
187	39.5
122	29.6
38	68.8
145	-0.7
162
180	Akron	MAC	3	2–1
1–0	103.3
189	104.9
181	.4565
180	54.2
62	52.7
220	21.0
291	18.5
101	25.5
211	20.9
50	38.7
87	44.3
275	58.3
14	57.9
305	33.7
174	31.5
105	53.5
4	49.0
314	67.8
187	-0.5
124
181	Milwaukee	Horz	2	1–1
0–0	100.6
223	102.2
141	.4565
181	43.4
298	44.1
44	11.7
18	19.0
89	23.7
243	28.2
175	28.7
235	40.0
243	45.2
267	38.8
10	26.3
290	34.9
182	31.1
270	39.1
207	66.5
224	-0.7
156
182	Wake Forest	ACC	2	0–2
0–1	93.7
294	95.6
52	.4420
182	40.5
322	48.5
118	23.8
329	24.5
6	31.7
80	28.3
178	24.8
280	53.5
320	40.0
318	55.4
283	27.5
277	23.5
9	42.1
80	34.3
109	75.7
15	-1.1
258
183	Miami OH	MAC	4	1–3
0–1	104.6
170	106.8
201	.4405
183	53.5
77	54.2
249	14.4
58	16.6
183	20.9
288	20.8
47	29.6
220	29.4
101	53.7
66	56.6
292	35.5
140	33.7
153	46.5
35	40.4
235	67.7
191	-1.6
296
184	Drexel	CAA	2	1–1
0–0	93.7
293	95.9
57	.4339
184	40.3
323	43.0
23	16.2
131	16.2
200	27.8
157	31.0
225	42.5
56	31.1
131	42.7
294	38.8
10	23.7
310	35.1
183	33.6
240	30.3
45	69.6
117	-0.7
169
185	North Dakota St.	Sum	2	1–1
0–0	100.5
227	102.9
158	.4317
185	50.5
141	55.0
264	15.9
117	10.4
321	11.8
332	14.3
6	37.6
96	35.0
182	48.4
191	55.3
279	35.6
135	36.4
210	41.3
88	36.7
160	68.9
138	-0.42
108
186	Seattle	WAC	4	1–3
0–1	101.9
208	104.7
177	.4231
186	48.8
196	47.1
90	17.9
194	15.8
211	27.6
167	32.1
252	35.1
141	44.4
276	45.7
260	42.8
37	35.3
148	36.9
216	42.1
80	34.6
118	67.9
185	-1.1
256
187	Illinois	B10	1	0–1
0–0	116.4
40	119.6
309	.4219
187	59.1
19	64.6
332	11.0
13	24.8
5	22.2
259	50.0
336	18.2
323	85.4
335	50.0
139	55.9
289	46.7
9	57.1
333	45.5
46	29.2
36	70.6
81	-0.7
158
188	UMass Lowell	AE	1	0–1
0–0	109.8
98	112.9
271	.4215
188	47.5
232	56.2
282	17.1
165	13.1
279	21.6
275	27.5
165	38.3
90	40.0
243	48.6
183	61.9
320	30.4
229	30.4
83	38.3
147	35.4
131	76.2
10	-0.7
172
189	Northern Kentucky	Horz	2	0–2
0–0	99.9
233	102.7
154	.4202
189	42.3
312	50.9
181	18.6
233	12.4
291	30.0
116	18.3
23	35.8
127	50.9
313	52.1
92	50.0
177	19.2
328	34.8
178	42.3
79	41.1
245	72.8
42	-0.9
239
190	Colgate	Pat	4	2–2
0–0	100.5
226	103.4
165	.4195
190	41.9
315	52.9
226	14.7
71	18.2
118	31.6
83	22.6
75	30.9
195	30.6
122	36.4
327	53.6
254	33.3
178	34.5
170	40.7
103	40.2
230	65.5
268	-0.5
120
191	Troy	SB	4	2–2
1–1	103.5
188	106.5
197	.4194
191	47.7
226	53.2
232	18.0
202	17.6
142	33.3
52	25.0
113	36.0
126	28.3
90	50.0
139	50.4
189	29.6
243	38.3
249	41.5
86	40.3
233	69.7
115	-0.9
204
192	Tennessee Tech	OVC	2	1–1
0–0	94.7
289	97.6
79	.4149
192	42.5
308	44.2
47	13.4
42	18.5
101	23.4
246	32.4
263	42.5
56	22.5
32	46.2
247	52.4
232	22.9
315	16.7
2	31.0
273	30.0
42	68.0
180	-0.8
178
193	Florida Gulf Coast	ASun	3	1–2
0–0	108.0
123	111.9
265	.3976
193	54.7
53	57.6
296	18.5
231	22.0
23	31.7
80	29.6
204	25.7
273	58.8
326	46.8
230	58.2
307	42.9
28	37.8
232	45.0
48	44.8
289	72.9
39	-0.9
199
194	Cleveland St.	Horz	4	3–1
0–0	96.2
275	99.7
108	.3969
194	47.9
223	43.8
35	16.6
150	17.7
139	21.7
271	34.0
285	36.7
110	29.8
106	47.7
202	45.6
87	32.2
204	27.4
40	41.3
88	39.3
213	66.5
224	-0.28
86
195	Oakland	Horz	2	1–1
0–0	80.1
332	83.3
1	.3895
195	39.1
327	41.3
12	19.8
269	19.8
64	26.0
202	21.1
53	23.6
288	20.2
22	41.8
299	40.0
15	23.3
313	29.4
64	39.1
132	32.7
72	64.7
287	-0.9
214
196	Northern Illinois	MAC	2	1–1
1–0	95.3
283	99.3
102	.3850
196	41.0
319	46.9
86	14.5
64	14.5
252	34.5
38	21.3
56	28.7
235	33.0
154	35.2
331	51.6
219	38.7
84	27.1
35	25.4
323	42.9
276	64.3
298	-0.7
171
197	Cornell	Ivy	3	1–2
1–1	114.0
58	118.9
308	.3830
197	54.8
51	57.9
298	16.0
123	17.5
145	17.2
316	27.2
158	36.7
110	35.9
195	52.4
83	51.5
216	39.3
69	44.9
307	36.7
176	40.6
240	67.2
204	-1.4
278
198	Washington St.	P12	3	1–2
1–1	105.7
153	110.2
244	.3829
198	54.7
53	54.0
246	20.3
283	15.8
211	18.9
304	37.8
317	27.7
252	26.7
74	53.6
68	52.2
230	37.3
104	37.8
232	47.2
33	39.6
219	66.4
230	-1.2
267
199	Massachusetts	A10	4	2–2
1–1	108.3
117	113.0
273	.3795
199	57.5
26	49.8
155	21.0
291	12.1
301	25.2
216	31.6
234	35.6
132	32.7
149	49.2
169	50.9
198	47.4
8	31.6
110	37.5
160	31.0
53	68.3
166	-1.4
276
200	Kent St.	MAC	4	2–2
0–1	97.8
258	102.1
138	.3795
200	44.6
280	45.9
66	16.1
127	13.5
277	29.9
120	31.6
234	35.8
127	30.5
119	43.5
288	42.8
37	30.7
225	34.5
170	43.5
63	34.6
118	65.7
257	-1.2
271
Rk	Team	Conf	G	Rec	AdjOE	AdjDE	Barthag	Efg%	EfgD%	TOR	TORD	ORB	DRB	FTR	FTRD	2P%	2P%D	3P%	3P%D	3PR	3PRD	Adj T.	WAB
201	Northwestern St.	Slnd	2	0–2
0–2	91.6
304	95.9
55	.3711
201	46.1
255	50.5
174	21.6
304	24.4
7	32.4
65	23.2
79	29.3
227	62.6
330	46.2
247	52.1
225	30.4
229	30.0
73	19.8
335	22.0
5	64.7
287	-1.8
309
202	Southern Utah	BSky	5	2–3
0–2	105.0
164	110.0
241	.3690
202	53.4
81	57.2
293	17.6
184	17.9
131	26.3
196	25.5
125	34.4
149	32.7
149	50.0
139	57.6
302	39.8
64	37.6
228	35.5
196	36.3
153	69.9
104	-1.8
315
203	Rider	MAAC	2	0–2
0–0	102.9
196	108.0
220	.3656
203	43.6
296	61.1
318	18.2
214	22.3
19	30.6
102	33.3
277	40.8
71	48.1
304	50.0
139	57.1
299	20.9
322	44.4
304	34.4
218	41.7
257	77.5
3	-0.9
220
204	Winthrop	BSth	2	1–1
0–0	101.8
210	107.0
205	.3599
204	50.5
141	45.2
57	21.7
307	16.9
175	26.6
191	32.4
263	26.5
266	39.0
231	45.5
264	43.1
44	36.2
121	32.5
126	56.9
2	38.1
187	64.6
289	-0.8
179
205	Valparaiso	MVC	1	0–1
0–0	115.4
49	121.3
315	.3597
205	54.5
55	49.2
139	8.9
1	11.9
304	15.6
321	42.9
334	45.5
36	42.2
263	41.7
303	44.7
69	52.6
1	41.2
285	34.5
213	26.6
19	70.1
99	-0.8
174
206	UNLV	MWC	4	1–3
0–2	108.1
120	113.7
278	.3588
206	49.0
190	57.2
293	18.6
233	12.7
285	38.9
8	30.3
215	37.3
101	23.8
42	52.3
89	48.1
128	27.6
275	47.6
323	30.2
281	38.9
201	70.7
78	-1.9
322
207	Pittsburgh	ACC	2	0–2
0–1	98.3
252	103.5
166	.3582
207	42.5
308	43.3
25	11.9
26	11.1
313	26.8
188	40.5
325	13.4
332	38.3
221	46.9
225	44.2
54	25.4
300	27.9
46	49.6
17	35.8
140	65.6
262	-0.9
210
208	South Alabama	SB	3	0–3
0–2	101.0
220	106.3
193	.3571
208	42.3
312	48.9
130	18.0
202	13.9
265	29.4
129	36.3
306	48.0
23	47.6
298	43.1
292	43.2
46	27.4
279	40.3
277	41.7
84	33.2
82	72.6
47	-2.1
328
209	Ohio	MAC	2	1–1
1–0	93.3
297	98.3
86	.3525
209	47.3
234	51.0
186	21.0
291	15.4
224	20.3
290	10.8
4	30.1
211	42.3
264	50.0
139	55.8
288	28.2
268	30.8
91	34.5
213	50.0
315	73.1
33	-0.5
130
210	Mercer	SC	2	1–1
0–0	105.7
156	111.4
262	.3517
210	53.5
77	53.9
243	24.7
332	10.0
327	27.6
167	21.2
54	33.3
165	28.1
88	51.8
100	61.9
320	37.2
105	29.4
64	43.4
66	44.7
287	65.6
262	-0.8
193
211	Dayton	A10	3	1–2
1–1	103.3
191	108.9
234	.3517
211	51.8
110	57.5
295	17.9
194	19.8
64	25.3
214	26.7
149	32.0
181	26.9
78	57.8
19	61.1
318	28.4
262	33.9
157	39.6
119	35.3
130	68.9
138	-1.4
277
212	Chicago St.	WAC	2	1–1
1–0	109.2
108	115.6
292	.3413
212	49.6
168	55.5
275	17.7
187	22.2
21	23.4
246	39.7
323	50.4
13	28.7
93	47.5
208	54.7
270	35.9
127	38.0
243	32.8
248	36.8
161	78.3
1	-0.5
128
213	Longwood	BSth	1	0–1
0–0	94.8
287	100.5
115	.3369
213	50.0
156	41.7
17	23.9
330	11.9
304	22.2
259	24.3
101	10.4
336	56.3
324	50.0
139	34.4
5	33.3
178	37.5
225	37.5
160	33.3
83	63.5
306	-0.9
200
214	Portland St.	BSky	4	2–2
1–1	101.7
212	107.9
219	.3361
214	48.8
196	54.6
262	18.2
214	20.8
37	33.8
47	29.3
196	43.3
48	36.3
202	50.3
133	51.2
205	30.3
231	41.0
283	30.8
276	32.5
70	72.4
48	-1.5
291
215	UC Irvine	BW	4	2–2
0–1	96.9
264	103.0
159	.3334
215	45.9
259	48.1
109	18.3
222	12.5
288	24.8
227	21.4
57	28.6
238	33.6
161	46.6
236	44.4
58	29.6
243	36.5
211	30.3
280	35.7
138	66.5
224	-1.4
279
216	Texas St.	SB	3	1–2
0–1	103.6
187	110.1
243	.3301
216	49.1
185	55.0
264	20.4
285	17.0
168	28.4
150	32.0
248	43.5
47	23.2
38	48.4
191	50.5
191	33.3
178	41.4
286	41.0
95	38.7
199	66.4
230	-1.4
280
217	Duquesne	A10	3	1–2
1–1	110.0
94	117.1
300	.3287
217	57.3
30	64.5
331	19.2
254	20.2
48	28.2
152	28.6
182	34.2
152	46.6
290	56.0
34	58.4
311	39.7
66	49.2
325	36.7
176	39.9
226	68.2
170	-1.5
292
218	Maine	AE	1	0–1
0–0	92.5
299	98.4
88	.3284
218	48.2
214	49.2
139	21.8
310	17.5
145	18.2
310	34.3
286	12.5
334	35.6
191	41.7
303	52.6
238	40.0
60	28.6
52	35.7
194	35.6
136	73.1
33	-0.6
137
219	Louisiana Monroe	SB	4	2–2
1–1	90.4
312	96.3
66	.3262
219	47.5
232	45.4
61	15.9
117	20.1
52	25.7
209	25.7
126	18.5
322	29.2
99	45.7
260	44.2
54	33.0
194	31.9
114	45.8
40	31.9
61	65.9
252	-1.7
306
220	Central Arkansas	Slnd	5	4–1
2–0	102.6
201	109.3
236	.3261
220	52.2
103	48.7
123	19.9
274	19.9
59	27.3
175	37.0
310	41.5
65	25.7
55	53.5
69	49.1
157	33.3
178	32.0
115	37.5
160	32.7
72	68.5
151	-0.5
125
221	San Francisco	WCC	3	2–1
0–0	98.1
257	104.6
175	.3227
221	47.0
238	50.3
168	16.3
138	13.9
265	27.8
157	20.8
47	26.5
266	29.1
97	50.0
139	44.0
51	28.2
268	40.0
268	39.2
130	39.1
207	67.8
187	-0.17
72
222	Wagner	NEC	4	2–2
0–0	97.3
261	103.8
167	.3215
222	44.2
289	53.9
243	17.4
174	24.3
8	35.0
31	20.5
42	28.8
233	39.4
237	44.4
276	47.9
124	29.3
251	41.7
288	40.7
103	41.4
254	69.4
126	-0.9
223
223	Yale	Ivy	3	2–1
2–0	107.0
137	114.4
282	.3159
223	48.4
207	56.7
286	14.5
64	13.6
276	23.3
249	18.2
19	33.7
160	33.7
162	51.7
101	57.1
299	28.4
262	37.5
225	35.8
192	44.9
291	71.4
61	-0.33
93
224	Sacramento St.	BSky	3	1–2
1–1	106.4
149	114.0
279	.3102
224	52.0
106	53.0
230	16.2
131	15.7
214	24.5
233	28.6
182	32.0
181	46.4
287	49.2
169	53.8
257	38.6
87	34.4
166	32.6
255	38.1
187	65.8
254	-1.6
299
225	Tulane	Amer	3	0–3
0–2	101.0
219	108.4
227	.3060
225	43.1
300	50.9
181	22.3
318	15.7
214	33.6
51	30.9
224	30.1
211	43.2
270	41.2
309	45.5
84	31.9
209	42.0
289	28.3
300	30.9
51	68.3
166	-1.7
303
Rk	Team	Conf	G	Rec	AdjOE	AdjDE	Barthag	Efg%	EfgD%	TOR	TORD	ORB	DRB	FTR	FTRD	2P%	2P%D	3P%	3P%D	3PR	3PRD	Adj T.	WAB
226	Oral Roberts	Sum	1	0–1
0–0	106.6
145	114.5
284	.3051
226	52.8
90	49.3
143	14.9
76	12.4
291	28.6
145	31.8
241	25.4
276	30.7
123	44.7
275	50.9
198	45.8
15	30.0
73	33.8
234	26.7
20	66.4
230	-0.9
212
227	George Mason	A10	4	2–2
1–1	102.7
197	110.5
249	.3012
227	44.9
276	58.6
299	13.6
44	17.5
145	28.8
143	21.0
51	32.4
174	29.6
103	47.6
206	51.1
203	26.5
288	47.1
319	33.6
240	38.5
193	69.3
130	-1.2
266
228	Hartford	AE	3	1–2
0–0	103.0
194	110.9
252	.3008
228	52.3
101	55.6
276	18.2
214	20.2
48	21.1
285	31.7
237	41.9
63	29.2
99	50.6
126	53.4
250	36.4
118	38.6
254	42.6
77	48.5
312	69.2
133	-0.7
165
229	Canisius	MAAC	2	0–2
0–0	99.3
241	106.9
204	.3006
229	46.2
251	48.7
123	17.7
187	25.8
4	32.5
64	40.8
326	51.3
11	37.3
211	52.9
76	55.1
276	24.5
305	26.5
31	41.9
83	41.5
255	71.3
67	-0.9
236
230	Saint Louis	A10	4	1–3
0–2	104.2
175	112.3
267	.2970
230	50.8
134	57.1
290	21.7
307	18.0
127	34.4
39	32.1
252	45.9
34	37.9
218	48.1
194	53.4
250	36.0
124	43.1
296	44.3
56	32.8
75	62.7
313	-1.9
319
231	Hofstra	CAA	1	0–1
0–0	116.2
42	125.3
322	.2955
231	55.2
44	57.1
290	9.6
3	9.6
330	25.6
210	32.4
263	35.8
127	41.3
258	50.0
139	55.3
279	40.0
60	40.0
268	52.2
10	39.7
221	68.9
138	-0.9
227
232	Gardner Webb	BSth	1	0–1
0–0	99.1
245	107.0
206	.2924
232	50.0
156	51.9
201	23.7
328	17.8
133	34.4
39	21.2
54	27.3
259	35.2
186	47.2
215	45.5
84	36.8
111	37.5
225	34.5
213	59.3
333	64.4
295	-0.9
201
233	Savannah St.	MEAC	2	1–1
1–0	90.5
311	97.8
81	.2912
233	46.5
247	42.9
21	17.9
194	20.5
43	27.9
155	30.8
223	34.9
144	37.5
214	50.8
121	45.7
89	28.1
271	26.0
27	49.6
17	41.7
257	75.6
16	-0.9
234
234	Ball St.	MAC	2	0–2
0–1	96.9
265	104.8
179	.2884
234	45.5
263	43.4
29	14.5
64	13.8
269	30.0
116	36.0
305	36.1
122	36.7
205	48.8
177	39.1
13	26.2
296	36.1
205	34.4
218	28.1
30	69.4
126	-1.8
310
235	Indiana St.	MVC	1	0–1
0–0	97.4
260	105.4
186	.2879
235	40.3
323	55.4
272	9.6
3	13.7
274	21.3
281	9.1
3	46.8
30	39.3
236	44.8
273	57.6
302	24.2
307	34.8
178	53.2
5	41.1
245	72.4
48	-0.8
184
236	Campbell	BSth	2	1–1
0–0	119.5
24	129.4
328	.2865
236	60.4
10	63.5
329	13.2
40	15.5
221	19.6
294	22.2
69	32.1
180	20.7
24	53.8
64	60.9
317	44.4
23	45.2
309	50.9
13	37.8
180	67.9
185	-0.9
205
237	Cal St. Bakersfield	WAC	2	0–2
0–1	102.3
204	110.9
254	.2828
237	48.8
196	56.2
282	17.9
194	19.3
82	24.0
239	22.6
75	27.3
259	53.3
319	50.0
139	46.0
94	31.1
218	47.6
323	37.2
167	40.0
227	72.4
48	-1.3
273
238	The Citadel	SC	2	1–1
0–0	102.7
199	111.4
260	.2815
238	48.3
211	48.1
109	18.2
214	18.2
118	27.3
175	37.0
310	30.8
196	21.7
27	46.3
240	48.6
143	32.9
196	31.6
110	65.0
1	44.2
285	70.0
101	-0.6
150
239	Austin Peay	OVC	2	1–1
0–0	106.9
139	116.2
297	.2767
239	51.3
118	59.6
313	16.6
150	19.5
75	32.1
72	29.5
201	34.2
152	29.8
106	40.5
317	59.4
312	45.7
17	40.0
268	38.3
147	39.5
218	71.1
73	-0.6
141
240	Prairie View A&M	SWAC	4	3–1
2–0	98.3
254	107.1
209	.2712
240	49.0
190	49.8
155	17.4
174	19.4
80	29.7
123	30.1
211	46.3
33	41.7
259	48.7
180	50.6
195	33.0
194	32.0
115	36.1
187	31.9
61	74.1
27	-0.8
186
241	Delaware	CAA	2	1–1
0–0	100.6
225	109.7
239	.2695
241	50.5
141	55.0
264	14.0
54	16.2
200	14.7
324	29.2
195	48.1
21	21.7
27	60.9
9	65.6
327	20.0
325	28.6
52	33.7
238	46.7
303	69.2
133	-0.6
149
242	Arkansas St.	SB	3	1–2
1–1	104.4
173	114.0
280	.2664
242	49.7
167	57.6
296	20.2
281	14.0
264	28.7
144	24.4
105	30.2
208	25.8
59	46.9
225	53.9
260	39.0
74	42.9
293	24.3
326	35.4
131	70.1
99	-1.2
262
243	FIU	CUSA	3	1–2
1–1	95.3
284	104.2
171	.2637
243	43.1
300	55.1
270	18.2
214	18.7
97	29.2
134	21.4
57	38.5
89	38.7
228	44.9
271	53.9
260	26.6
287	37.9
238	35.2
202	39.3
213	74.5
21	-1.2
270
244	Portland	WCC	1	0–1
0–0	106.6
146	116.6
299	.2626
244	64.0
3	52.8
224	17.1
165	9.3
331	14.8
323	23.3
80	26.0
269	52.8
317	54.8
47	48.7
148	52.6
1	42.9
293	38.0
152	26.4
17	65.6
262	-0.9
226
245	Hampton	MEAC	5	3–2
1–0	100.1
231	109.6
238	.2614
245	46.2
251	47.4
98	14.9
76	13.8
269	29.6
127	31.2
231	29.1
228	27.2
83	46.1
253	48.7
148	30.9
220	29.9
71	28.8
294	32.3
67	73.9
29	-0.8
195
246	Florida Atlantic	CUSA	3	0–3
0–2	98.8
249	108.2
221	.2602
246	43.9
295	50.9
181	15.1
85	16.0
204	27.6
167	27.3
159	20.6
310	39.1
233	42.4
296	53.8
257	31.7
213	29.8
69	29.4
285	32.8
75	73.0
36	-2.1
327
247	Green Bay	Horz	2	1–1
0–0	110.9
84	121.6
316	.2570
247	56.6
32	56.8
288	17.4
174	12.5
288	24.2
235	20.0
38	36.3
118	44.4
276	46.3
240	56.7
293	47.8
6	38.0
243	40.7
103	42.7
275	69.9
104	-0.8
175
248	Sam Houston St.	Slnd	4	1–3
0–2	105.7
155	116.0
295	.2546
248	49.4
175	56.9
289	18.6
233	19.7
68	38.0
11	26.4
140	35.5
136	49.8
311	46.5
238	55.0
272	36.8
111	39.8
266	32.9
246	40.9
243	66.6
222	-2.5
332
249	Charlotte	CUSA	2	1–1
1–1	107.3
130	117.9
302	.2520
249	50.9
129	50.4
169	16.7
155	17.9
131	19.1
300	31.7
237	49.6
15	31.1
131	45.2
267	46.1
95	40.5
51	39.1
260	36.5
179	34.1
104	77.3
4	-0.9
215
250	UNC Wilmington	CAA	2	1–1
0–0	103.1
193	113.5
275	.2478
250	45.4
267	55.3
271	10.7
11	10.0
327	30.1
113	25.3
121	28.5
240	28.2
89	41.2
309	54.7
270	35.6
135	37.3
223	34.6
210	51.1
324	70.4
84	-0.5
132
Rk	Team	Conf	G	Rec	AdjOE	AdjDE	Barthag	Efg%	EfgD%	TOR	TORD	ORB	DRB	FTR	FTRD	2P%	2P%D	3P%	3P%D	3PR	3PRD	Adj T.	WAB
251	UTEP	CUSA	3	1–2
1–1	96.6
268	106.6
198	.2445
251	48.9
194	48.0
105	14.8
74	15.3
228	19.3
297	30.7
222	21.6
300	35.8
194	49.1
173	49.1
157	32.3
201	30.9
97	35.2
202	38.6
198	66.9
212	-1.4
282
252	Little Rock	SB	3	1–2
1–1	87.3
322	96.4
67	.2435
252	42.7
304	47.0
88	18.9
243	19.9
59	31.3
88	27.4
162	28.2
245	39.2
235	42.7
294	48.8
150	28.3
265	30.2
79	26.0
318	51.8
326	65.4
272	-1.1
259
253	Abilene Christian	Slnd	3	1–2
1–1	92.1
301	101.7
131	.2426
253	44.5
283	47.1
90	22.3
318	17.6
142	35.8
24	23.6
88	19.3
316	37.0
209	46.3
240	50.9
198	27.5
277	27.0
34	35.9
190	36.4
155	67.6
196	-0.5
122
254	Robert Morris	NEC	2	1–1
0–0	95.0
286	104.9
180	.2418
254	53.9
66	51.9
201	23.5
327	14.9
241	19.7
292	19.7
36	19.6
314	26.7
74	45.8
258	44.4
58	40.7
50	45.5
311	52.9
6	31.4
56	65.6
262	-0.6
147
255	North Carolina Central
   16 seed, R68	MEAC	6	5–1
1–0	87.8
320	97.0
71	.2403
255	44.1
293	40.6
7	21.0
291	19.0
89	37.0
14	28.6
182	29.7
217	30.4
115	47.0
220	42.8
37	24.8
304	24.6
13	29.7
283	37.7
178	64.5
292	+0.18
53
256	Dartmouth	Ivy	2	1–1
1–1	106.7
142	118.1
303	.2369
256	62.6
8	60.0
315	18.4
226	17.0
168	23.2
250	28.8
190	31.8
186	27.8
86	57.8
19	61.8
319	46.5
11	38.3
249	40.2
112	40.9
243	66.4
230	-0.9
222
257	Boston University	Pat	2	1–1
0–0	99.4
239	110.1
242	.2367
257	49.6
168	59.0
306	18.8
237	22.2
21	26.5
195	34.9
292	49.1
16	38.5
224	48.1
194	62.5
323	35.5
140	35.6
193	27.7
308	38.5
193	71.3
67	-0.41
104
258	Idaho	BSky	3	2–1
2–0	107.0
136	118.5
305	.2360
258	53.0
87	53.4
236	19.6
265	15.1
234	36.4
18	26.4
140	37.5
98	35.6
191	52.1
92	44.4
58	36.1
123	47.3
320	42.9
73	33.7
94	63.9
302	-0.9
206
259	Bethune Cookman	MEAC	2	1–1
1–0	99.1
244	109.9
240	.2345
259	49.6
168	41.6
16	20.8
289	11.7
309	34.3
42	32.7
269	52.1
7	30.4
115	58.3
14	36.8
6	18.2
330	35.7
196	28.2
301	28.4
32	77.3
4	-0.9
235
260	IU Indy	Horz	1	0–1
0–0	85.1
325	94.5
43	.2311
260	42.5
308	49.1
132	21.8
310	17.1
163	27.3
175	19.4
34	18.9
318	25.9
60	38.5
323	54.3
262	35.7
133	26.3
29	26.4
317	35.2
128	61.8
321	-0.8
196
261	Charleston Southern	BSth	1	0–1
0–0	102.3
202	113.6
277	.2305
261	48.2
214	56.5
284	16.0
123	14.4
255	32.3
68	21.9
63	23.2
291	25.9
60	48.6
183	63.0
324	31.6
214	33.3
140	33.9
225	50.0
315	61.3
325	-0.8
176
262	Western Michigan	MAC	2	0–2
0–1	104.3
174	116.0
294	.2279
262	51.3
118	63.1
326	13.8
50	22.5
18	22.7
255	26.8
150	29.1
228	40.8
255	56.5
31	65.9
329	29.2
254	40.7
281	41.0
95	57.3
332	69.9
104	-1.8
311
263	Chattanooga	SC	2	1–1
0–0	100.8
222	112.2
266	.2272
263	53.5
77	58.8
303	17.9
194	16.5
190	28.6
145	17.9
17	36.8
109	25.7
55	50.7
124	64.6
326	38.3
92	29.0
60	41.2
91	27.4
23	68.7
147	-0.7
160
264	Minnesota	B10	1	0–1
0–0	91.8
303	102.3
144	.2230
264	37.5
329	42.0
18	13.6
44	19.6
73	12.8
330	39.5
321	42.3
59	44.6
279	45.5
264	40.4
19	15.8
333	33.3
140	36.5
179	16.1
3	68.4
160	-0.8
180
265	Lamar	Slnd	3	0–3
0–1	88.9
316	99.3
103	.2188
265	41.0
319	52.7
220	15.7
111	21.0
33	31.1
93	26.4
140	26.3
268	58.4
325	43.9
284	57.0
298	23.9
309	30.4
83	36.6
178	37.6
174	66.8
217	-1.8
314
266	California	P12	3	0–3
0–2	85.9
324	95.9
58	.2187
266	36.0
333	50.0
161	19.1
249	18.6
98	29.3
131	33.3
277	28.0
249	52.8
317	40.9
313	51.4
213	16.9
331	31.5
105	31.7
266	33.5
88	68.2
170	-1.4
281
267	Delaware St.	MEAC	2	1–1
1–0	96.0
278	107.3
211	.2175
267	55.1
46	50.0
161	18.1
208	18.1
122	18.3
309	24.6
108	42.1
61	48.6
306	55.4
41	54.3
262	36.4
118	28.2
50	30.8
276	35.8
140	67.3
200	-0.9
241
268	Purdue Fort Wayne	Sum	2	0–2
0–0	113.5
60	127.0
323	.2150
268	59.6
13	62.5
322	9.8
5	14.7
246	14.3
325	24.6
108	31.7
187	30.8
124	63.2
6	55.0
272	36.5
116	46.7
317	43.3
67	50.0
315	73.0
36	-0.9
203
269	Arkansas Pine Bluff	SWAC	4	3–1
1–0	98.9
247	111.0
256	.2098
269	52.2
103	49.5
149	15.1
85	27.0
1	22.2
259	37.5
315	40.9
69	52.7
316	55.2
43	50.0
177	29.9
239	32.3
123	28.9
292	31.4
56	70.3
88	-0.9
208
270	James Madison	CAA	1	0–1
0–0	86.1
323	96.7
68	.2094
270	36.4
332	38.2
2	15.5
100	18.3
112	32.0
75	31.7
237	33.3
165	60.0
329	31.3
335	34.3
4	33.3
178	30.0
73	27.3
312	36.4
155	70.4
84	-0.9
233
271	Alabama A&M	SWAC	2	1–1
1–1	98.9
246	111.4
261	.2032
271	53.7
70	43.5
31	24.0
331	18.4
104	30.2
109	41.1
329	33.3
165	23.0
33	54.8
47	41.9
28	34.3
163	32.4
125	32.4
259	24.5
10	67.3
200	-1.0
250
272	UMKC	WAC	2	0–2
0–1	107.1
133	121.0
314	.1983
272	50.0
156	50.4
169	19.0
244	16.3
195	32.9
60	37.7
316	40.0
78	56.2
323	56.8
29	51.3
208	26.1
297	32.6
127	38.3
147	35.5
134	71.4
61	-1.7
307
273	Montana St.	BSky	3	0–3
0–2	106.9
138	120.8
312	.1974
273	50.5
141	58.6
299	15.2
91	12.0
302	29.7
123	20.4
41	37.3
101	44.2
273	44.0
282	52.9
243	40.3
56	44.2
301	39.9
115	42.5
272	70.9
74	-2.8
333
274	UC Riverside	BW	3	1–2
1–1	91.9
302	104.0
169	.1947
274	45.7
261	49.7
154	16.8
161	19.2
85	23.9
241	28.4
179	29.7
217	35.7
193	45.5
264	49.0
154	30.8
222	33.8
156	37.1
169	40.5
239	69.5
124	-1.6
293
275	Texas A&M Corpus Chris	Slnd	3	2–1
2–0	100.3
229	113.6
276	.1928
275	52.8
90	54.2
249	18.0
202	19.7
68	29.0
140	28.8
190	45.8
35	45.2
283	50.8
121	53.7
256	38.8
81	37.0
219	27.4
310	30.5
46	74.5
21	-0.9
202
Rk	Team	Conf	G	Rec	AdjOE	AdjDE	Barthag	Efg%	EfgD%	TOR	TORD	ORB	DRB	FTR	FTRD	2P%	2P%D	3P%	3P%D	3PR	3PRD	Adj T.	WAB
276	Tennessee St.	OVC	1	0–1
0–0	96.6
269	109.6
237	.1904
276	55.0
48	56.1
280	21.1
297	19.7
68	12.9
329	20.6
44	44.0
41	63.3
331	50.0
139	51.9
223	40.9
47	40.9
282	44.0
58	44.9
291	73.9
29	-0.9
231
277	Denver	Sum	2	1–1
0–0	97.3
262	110.8
250	.1824
277	42.6
306	56.0
277	15.0
82	15.0
237	36.3
20	25.7
126	25.4
276	26.2
65	46.1
253	50.0
177	22.5
317	45.2
309	28.2
301	33.3
83	65.7
257	-0.6
133
278	Bowling Green	MAC	2	0–2
0–1	104.1
177	118.7
306	.1810
278	44.5
283	60.4
317	16.4
143	12.8
283	38.1
10	30.0
209	35.2
140	41.7
259	42.3
297	62.1
322	32.0
207	38.9
257	39.1
132	45.0
294	64.8
284	-1.5
287
279	Evansville	MVC	1	0–1
0–0	90.1
314	103.3
161	.1712
279	40.0
326	46.2
72	10.2
9	6.8
335	11.8
332	18.2
19	12.7
333	30.8
124	46.3
240	50.0
177	14.3
334	27.3
38	25.5
321	42.3
268	64.3
298	-0.7
170
280	Mount St. Mary's	NEC	1	0–1
0–0	101.2
218	116.2
296	.1699
280	46.2
251	58.7
301	10.5
10	22.7
16	17.6
315	26.9
154	21.2
306	23.9
43	36.4
327	52.2
230	42.1
34	43.5
297	36.5
179	50.0
315	56.3
336	-1.0
248
281	McNeese St.	Slnd	2	1–1
1–1	92.7
298	106.7
199	.1658
281	50.0
156	46.5
77	22.1
315	18.6
98	24.6
232	34.9
292	32.2
178	26.6
73	53.2
72	44.9
74	28.9
258	33.3
140	33.0
244	30.5
46	72.9
39	-0.9
209
282	Coastal Carolina	SB	2	0–2
0–1	99.3
243	114.7
287	.1592
282	45.2
274	46.0
69	19.5
259	15.0
237	33.3
52	35.1
294	31.6
190	50.4
312	41.6
306	55.4
283	35.1
152	24.6
13	32.5
256	50.4
321	68.7
147	-1.7
304
283	Norfolk St.	MEAC	3	1–2
0–1	95.4
280	110.5
248	.1563
283	50.5
141	52.9
226	14.9
76	21.1
31	28.2
152	22.1
67	21.7
299	44.5
278	46.9
225	55.0
272	39.0
74	32.7
130	31.2
269	35.5
134	69.2
133	-1.9
320
284	Colorado St.	MWC	2	0–2
0–1	96.2
274	111.6
263	.1533
284	49.6
168	62.8
324	17.3
171	21.2
30	22.8
253	28.6
182	34.1
154	40.2
246	47.3
210	77.4
336	37.1
108	30.9
97	27.8
307	47.0
305	77.1
6	-1.6
300
285	Elon	CAA	1	0–1
0–0	109.6
100	127.2
325	.1527
285	52.9
88	63.0
325	13.0
38	8.7
333	28.9
142	15.6
9	11.8
335	53.7
322	65.6
2	75.8
335	27.8
273	28.6
52	52.9
6	38.9
201	71.9
54	-0.9
225
286	New Orleans	Slnd	4	2–2
0–1	101.7
211	118.3
304	.1496
286	51.2
122	54.3
254	19.4
258	19.4
80	29.2
134	32.0
248	58.5
3	37.3
211	51.3
107	52.1
225	34.0
166	39.2
261	25.9
319	33.6
91	68.0
180	-1.8
312
287	Weber St.	BSky	3	1–2
1–1	96.5
273	112.5
268	.1458
287	44.9
276	54.2
249	14.4
58	17.1
163	18.2
310	34.8
291	47.6
24	34.9
180	47.0
220	49.6
172	26.5
288	44.2
301	29.5
284	27.5
24	67.4
198	-1.1
257
288	Rice	CUSA	2	1–1
1–1	98.7
250	115.5
290	.1402
288	46.7
243	56.1
280	17.6
184	15.4
224	35.0
31	21.7
62	30.1
211	14.8
7	50.8
121	48.6
143	28.3
265	44.2
301	48.8
21	42.6
274	66.9
212	-0.9
198
289	Nebraska Omaha	Sum	1	0–1
0–0	102.1
206	119.9
311	.1352
289	47.6
230	54.7
263	16.5
147	11.0
315	23.7
243	31.3
233	27.4
257	32.8
152	43.2
291	56.9
297	38.9
78	30.8
91	29.0
290	20.3
4	70.2
93	-0.6
148
290	Brown	Ivy	2	0–2
0–2	103.9
182	122.2
318	.1342
290	46.1
255	59.8
314	14.1
57	14.1
260	29.3
131	14.3
6	38.0
93	46.4
287	47.8
201	54.4
264	28.2
268	45.5
311	30.2
281	39.3
213	76.2
10	-1.7
308
291	Northern Arizona	BSky	3	0–3
0–2	91.0
309	107.1
208	.1337
291	44.6
280	57.1
290	21.0
291	19.5
75	24.8
227	32.7
269	29.5
221	33.9
163	45.2
267	50.6
195	28.6
260	42.4
292	25.3
324	50.6
322	68.4
160	-2.1
326
292	Youngstown St.	Horz	1	0–1
0–0	94.3
290	111.3
258	.1305
292	47.6
230	47.4
98	21.3
301	19.9
59	40.5
6	36.8
309	30.6
199	47.4
296	46.3
240	45.0
76	33.3
178	35.3
187	33.9
225	29.8
41	71.7
57	-0.9
239
293	Central Connecticut	NEC	1	0–1
0–0	96.6
270	114.0
281	.1290
293	44.2
289	59.2
308	23.3
325	17.1
163	18.2
310	25.0
113	67.4
1	42.9
267	29.2
336	51.9
223	42.1
34	45.5
311	44.2
57	44.9
291	65.0
278	-0.8
182
294	North Florida	ASun	1	0–1
0–0	112.8
65	133.3
332	.1278
294	57.9
24	64.1
330	26.6
334	10.4
321	35.5
28	41.2
331	15.8
329	8.5
1	58.1
18	55.3
279	38.5
89	54.2
329	45.6
44	33.8
95	64.9
281	-0.7
159
295	Grambling St.	SWAC	2	2–0
2–0	95.4
282	112.9
272	.1253
295	49.6
168	46.5
77	19.8
269	18.4
104	33.8
47	32.9
272	40.2
75	23.4
39	46.2
247	45.1
77	41.7
38	32.6
127	20.5
333	35.9
146	67.0
209	+0.05
58
296	Nicholls St.	Slnd	3	1–2
1–1	90.7
310	107.5
213	.1235
296	42.5
308	49.1
132	22.2
317	19.0
89	29.2
134	31.8
241	44.3
40	47.9
301	40.9
313	52.1
225	30.8
222	28.0
48	31.1
270	29.6
38	71.4
61	-1.4
286
297	East Carolina	Amer	3	0–3
0–2	93.5
296	111.1
257	.1215
297	46.2
251	52.4
213	19.8
269	11.9
304	21.4
277	32.1
252	20.6
310	48.8
308	43.5
288	50.0
177	34.5
160	37.9
238	32.4
259	34.1
104	69.4
126	-2.3
329
298	Manhattan	MAAC	1	0–1
0–0	85.1
326	101.2
124	.1196
298	40.9
321	44.1
44	22.0
314	10.2
326	29.7
123	20.0
38	40.0
78	66.7
332	41.7
303	40.0
15	26.3
290	33.3
140	34.5
213	41.2
250	66.3
235	-0.8
189
299	New Hampshire	AE	1	0–1
0–0	91.1
308	108.4
226	.1192
299	42.6
306	52.1
209	18.3
222	15.2
230	31.7
80	19.2
30	21.3
304	59.6
327	35.5
330	56.7
293	33.3
178	29.4
64	49.2
19	36.2
152	67.4
198	-0.8
192
300	Incarnate Word	Slnd	2	1–1
1–1	91.3
306	108.8
231	.1178
300	46.6
245	43.8
35	19.8
269	15.5
221	27.9
155	29.3
196	32.5
172	37.5
214	52.4
83	42.9
40	21.2
321	30.2
79	28.2
301	35.8
140	68.0
180	-1.0
242
Rk	Team	Conf	G	Rec	AdjOE	AdjDE	Barthag	Efg%	EfgD%	TOR	TORD	ORB	DRB	FTR	FTRD	2P%	2P%D	3P%	3P%D	3PR	3PRD	Adj T.	WAB
301	Florida A&M	MEAC	3	1–2
0–1	101.3
216	121.0
313	.1155
301	47.9
223	51.9
201	12.2
31	18.3
112	29.7
123	37.4
314	36.5
113	36.1
200	41.8
299	53.5
253	41.8
37	32.1
117	29.1
288	30.6
48	66.8
217	-1.9
317
302	San Jose St.	MWC	3	1–2
1–1	96.1
276	114.8
288	.1146
302	49.4
175	53.8
242	18.0
202	12.4
291	24.0
239	26.2
135	21.2
306	17.4
11	45.9
257	58.3
309	37.5
101	33.9
157	33.9
225	60.9
334	64.5
292	-1.5
290
303	SIU Edwardsville	OVC	1	0–1
0–0	77.6
333	93.0
35	.1104
303	32.6
335	36.2
1	16.2
131	5.9
336	27.7
164	16.3
14	13.6
330	46.6
290	41.5
307	42.9
40	12.0
336	12.5
1	37.9
156	27.6
26	65.5
268	-0.9
224
304	UT Rio Grande Valley	WAC	3	0–3
0–1	93.6
295	112.5
269	.1076
304	41.3
318	53.7
241	17.3
171	19.5
75	25.8
207	31.8
241	47.4
25	46.9
293	42.2
298	51.7
222	26.3
290	38.6
254	32.9
246	32.6
71	74.5
21	-1.6
294
305	North Carolina A&T	MEAC	5	2–3
0–1	90.3
313	108.8
232	.1057
305	47.0
238	49.1
132	19.5
259	14.9
241	25.1
218	23.6
88	43.0
51	38.8
230	48.6
183	46.5
98	29.5
245	36.9
216	35.2
202	29.4
37	69.5
124	-1.8
313
306	Samford	SC	1	0–1
0–0	101.8
209	122.6
320	.1056
306	57.5
26	58.7
301	20.0
278	14.7
246	10.0
335	25.7
126	41.5
65	31.7
139	57.1
23	52.8
242	38.9
78	44.4
304	34.0
223	42.9
276	78.1
2	-1.0
243
307	Western Carolina	SC	1	0–1
0–0	105.6
159	127.5
326	.1027
307	49.2
181	62.7
323	19.3
255	11.0
315	30.6
102	25.9
132	35.6
132	47.5
297	48.8
177	65.8
328	33.3
178	38.1
247	30.5
278	35.6
136	72.3
51	-0.7
164
308	Fordham	A10	3	0–3
0–2	94.8
288	114.5
283	.1024
308	44.5
283	59.3
309	15.9
117	18.4
104	19.8
291	32.6
267	23.7
287	28.7
93	52.1
92	55.5
286	23.4
312	45.8
315	44.5
54	28.7
33	68.1
173	-2.5
331
309	Columbia	Ivy	2	0–2
0–2	113.9
59	137.8
335	.1007
309	52.0
106	72.8
334	12.0
29	21.7
26	26.0
202	33.3
277	21.6
300	14.3
6	51.5
104	63.3
325	35.1
152	55.8
330	45.6
44	46.4
302	68.9
138	-1.6
295
310	Southern	SWAC	4	1–3
0–2	91.4
305	110.9
251	.0982
310	44.2
289	48.1
109	18.8
237	17.1
163	36.1
22	29.5
201	47.1
28	41.8
262	44.3
278	48.4
137	29.1
257	31.6
110	22.9
330	23.8
7	72.7
44	-2.9
335
311	VMI	SC	1	0–1
0–0	87.7
321	107.3
212	.0891
311	44.3
287	51.7
198	20.3
283	14.9
241	37.0
14	26.3
137	18.6
320	45.0
280	44.4
276	43.5
50	29.4
246	37.8
232	48.6
22	61.7
335	65.0
278	-1.0
244
312	Alabama St.	SWAC	3	1–2
1–1	88.5
319	108.3
224	.0887
312	45.4
267	45.7
64	19.3
255	18.4
104	30.8
98	30.6
220	34.4
149	45.7
285	41.0
311	44.4
58	35.9
127	32.1
117	34.4
218	32.4
69	71.9
54	-1.8
316
313	Houston Christian	Slnd	2	0–2
0–2	99.3
242	122.0
317	.0858
313	48.4
207	53.6
239	17.4
174	18.1
122	32.2
71	31.0
225	50.8
12	46.8
292	43.9
284	53.2
248	38.1
96	36.7
215	33.9
225	24.2
9	76.9
7	-1.9
323
314	Towson	CAA	1	0–1
0–0	83.2
329	102.3
143	.0847
314	45.5
263	56.7
286	15.3
94	18.1
122	22.0
264	16.7
15	13.6
330	46.2
286	51.2
112	48.1
128	24.0
308	44.0
300	37.9
156	48.1
310	70.2
93	-0.8
197
315	Morgan St.	MEAC	4	2–2
0–1	96.5
272	119.7
310	.0778
315	50.2
153	55.4
272	18.3
222	21.7
26	30.1
113	32.3
259	44.4
39	47.7
299	49.7
161	60.4
316	34.3
163	29.4
64	28.6
297	30.6
48	73.0
36	-1.9
318
316	Lehigh	Pat	1	0–1
0–0	102.3
205	127.1
324	.0758
316	52.5
97	59.4
310	19.9
274	17.3
152	30.6
102	28.6
182	36.1
122	67.9
333	55.6
36	56.8
295	32.0
207	43.8
299	41.0
95	30.2
44	76.1
12	-1.0
245
317	Jacksonville	ASun	1	0–1
0–0	88.7
318	110.3
245	.0752
317	48.2
214	53.4
236	26.8
335	15.5
221	25.0
219	20.7
46	20.0
313	23.7
41	47.1
217	58.1
306	33.3
178	32.1
117	38.2
150	47.5
307	64.8
284	-0.7
166
318	Niagara	MAAC	2	0–2
0–0	95.4
279	118.8
307	.0746
318	40.1
325	55.0
264	13.9
52	13.9
265	29.9
120	31.1
229	31.4
192	17.0
10	44.3
278	52.1
225	20.0
325	40.4
278	29.2
287	33.3
83	76.7
8	-0.9
216
319	Saint Francis	NEC	2	0–2
0–0	98.9
248	123.3
321	.0732
319	45.8
260	58.8
303	15.9
117	18.1
122	27.5
171	40.3
324	32.2
178	24.0
44	39.3
322	56.3
290	41.2
40	42.2
290	28.8
294	36.0
147	66.1
245	-1.0
252
320	Albany	AE	1	0–1
0–0	88.7
317	110.9
253	.0716
320	36.8
331	47.5
100	20.4
285	14.6
250	30.2
109	26.3
137	42.1
61	32.2
145	32.4
333	47.5
113	30.0
235	31.6
110	35.1
207	32.2
66	68.5
151	-0.9
238
321	Alcorn St.	SWAC	3	0–3
0–2	91.3
307	114.6
285	.0682
321	51.8
110	47.8
102	21.0
291	11.9
304	22.3
258	27.4
162	37.6
96	48.4
305	56.4
33	48.6
143	27.1
282	31.0
101	29.1
288	39.0
204	69.9
104	-2.8
334
322	Howard	MEAC	2	1–1
1–0	103.7
186	131.8
330	.0596
322	51.6
114	54.4
258	20.2
281	14.4
255	42.1
3	23.9
92	24.2
286	40.7
252	50.0
139	48.6
143	36.0
124	43.6
298	39.1
132	34.5
113	70.3
88	-1.0
247
323	Detroit Mercy	Horz	1	0–1
0–0	105.1
163	133.8
334	.0582
323	54.8
51	63.4
327	13.6
44	19.1
86	19.4
296	35.7
303	31.7
187	42.9
267	60.0
11	48.5
140	33.3
178	56.5
332	52.4
8	41.1
245	69.6
117	-0.9
232
324	Jackson St.	SWAC	3	0–3
0–2	81.3
330	104.6
176	.0522
324	37.6
328	51.1
190	17.0
164	26.3
3	36.9
16	26.5
146	17.0
327	53.6
321	39.6
320	47.5
113	22.4
318	40.5
280	32.5
256	26.8
21	68.9
138	-2.9
336
325	Lafayette	Pat	1	0–1
0–0	83.9
328	108.3
223	.0501
325	47.8
225	50.0
161	22.5
320	16.5
190	9.4
336	39.5
321	37.0
106	20.0
21	48.1
194	42.2
29	31.6
214	45.0
308	41.3
88	30.8
50	68.4
160	-0.8
183
Rk	Team	Conf	G	Rec	AdjOE	AdjDE	Barthag	Efg%	EfgD%	TOR	TORD	ORB	DRB	FTR	FTRD	2P%	2P%D	3P%	3P%D	3PR	3PRD	Adj T.	WAB
326	Cal Poly	BW	3	0–3
0–2	89.3
315	117.2
301	.0420
326	42.1
314	54.3
254	16.7
155	12.2
298	22.9
252	30.1
211	28.7
235	23.0
33	38.4
324	52.7
240	30.8
222	37.7
230	47.6
29	41.2
250	66.7
221	-2.3
330
327	Navy	Pat	1	0–1
0–0	98.2
255	129.9
329	.0389
327	49.1
185	75.7
335	21.3
301	22.8
14	32.4
65	6.3
1	26.8
264	86.5
336	46.7
233	70.4
331	34.6
158	60.0
336	46.4
36	27.0
22	71.3
67	-1.0
249
328	Coppin St.	MEAC	2	0–2
0–1	80.3
331	107.0
207	.0353
328	42.7
304	46.6
80	19.1
249	22.7
16	25.0
219	37.3
313	21.6
300	34.5
173	42.9
293	42.9
40	28.3
265	34.8
178	39.7
118	39.7
221	68.8
145	-2.0
325
329	Santa Clara	WCC	1	0–1
0–0	100.1
232	133.6
333	.0347
329	46.8
242	78.1
336	18.8
237	22.0
23	43.6
2	23.5
87	21.0
308	27.1
82	57.1
23	75.0
334	22.2
319	58.3
335	43.5
63	25.0
11	64.4
295	-0.9
229
330	South Carolina St.	MEAC	2	0–2
0–1	95.4
281	128.3
327	.0320
330	53.4
81	61.3
319	21.7
307	20.4
45	22.0
264	33.3
277	62.7
2	47.8
300	58.3
14	70.8
332	31.0
219	30.2
79	41.2
91	37.4
168	68.9
138	-1.9
324
331	Maryland Eastern Shore	MEAC	1	0–1
0–0	96.1
277	133.3
331	.0227
331	49.0
190	59.1
307	18.1
208	16.6
183	24.2
235	28.1
173	52.0
8	34.5
173	53.1
73	44.4
58	27.8
273	57.9
334	36.0
189	34.5
113	65.7
257	-1.0
246
332	Cal St. Northridge	BW	1	0–1
0–1	99.8
235	140.3
336	.0194
332	50.8
134	60.0
315	17.1
165	13.1
279	16.2
319	48.5
335	18.8
319	34.3
167	50.0
139	60.0
314	34.6
158	40.0
268	40.6
106	14.3
1	74.6
19	-0.9
230
333	Marist	MAAC	1	0–1
0–0	76.4
335	108.5
228	.0175
333	42.9
302	43.8
35	22.8
322	17.1
163	14.3
325	36.6
308	44.9
37	26.2
65	48.6
183	46.9
101	16.7
332	27.3
38	24.5
325	50.8
323	68.1
173	-0.9
216
334	St. Francis NY	NEC	1	0–1
0–0	76.8
334	109.2
235	.0172
334	31.0
336	50.9
181	15.3
94	18.3
112	25.0
219	38.9
319	32.8
171	36.8
206	32.4
333	45.9
92	19.0
329	40.0
268	36.2
186	35.1
125	62.4
318	-0.9
207
335	Mississippi Valley St.	SWAC	2	0–2
0–1	84.8
327	122.4
319	.0144
335	44.2
289	56.0
277	33.5
336	15.1
234	41.5
5	18.3
23	42.5
56	34.4
170	45.8
258	58.2
307	26.7
285	34.8
178	26.5
316	36.8
161	76.7
8	-1.9
321
336	Siena	MAAC	1	0–1
0–0	73.5
336	111.0
255	.0087
336	35.5
334	62.0
320	8.9
1	26.6
2	21.3
281	16.0
11	33.9
158	32.6
148	38.1
325	60.0
314	20.0
325	42.3
291	32.3
262	56.5
331	69.3
130	-1.0
251