Rk	Team	Conf	G	Rec	AdjOE	AdjDE	Barthag	EFG%	EFGD%	TOR	TORD	ORB	DRB	FTR	FTRD	2P%	2P%D	3P%	3P%D	3PR	3PRD	Adj T.	WAB
1	Michigan
   2 seed, Sweet Sixteen	B10	4	2–2
0–1	118.7
28	82.9
6	.9841
1	52.3
113	44.7
44	9.8
5	16.1
203	17.3
306	27.0
143	13.9
329	33.6
179	52.2
108	48.6
143	35.0
158	24.7
18	43.5
86	33.6
73	63.5
295	+0.7
25
2	North Carolina
   1 seed, Sweet Sixteen	ACC	3	2–1
1–0	118.4
31	85.4
11	.9771
2	47.4
228	46.6
76	12.0
26	15.6
216	30.2
121	24.8
97	23.1
284	18.6
18	49.3
169	50.9
193	29.5
244	27.3
31	36.8
194	43.1
258	71.9
41	+1.2
8
3	Michigan St.
   2 seed, Final Four	B10	4	4–0
1–0	125.3
9	91.2
32	.9746
3	52.9
95	46.8
82	18.5
217	12.0
309	30.8
112	15.6
11	39.6
58	16.3
9	50.8
132	45.4
73	37.3
108	32.6
122	40.1
136	39.5
180	67.9
154	+2.8
2
4	Saint Mary's
   11 seed, R64	WCC	2	2–0
0–0	112.9
61	83.8
8	.9685
4	53.5
86	46.0
60	18.7
226	17.9
127	21.8
270	16.1
12	26.0
244	24.2
58	53.3
77	54.2
262	36.0
138	22.5
9	25.0
321	40.4
201	60.5
324	+1.2
9
5	Kentucky
   2 seed, Elite Eight	SEC	3	2–1
1–0	124.0
11	92.9
47	.9651
5	52.2
117	46.1
64	17.3
172	12.1
308	37.0
29	24.8
97	41.0
49	33.1
168	49.2
172	44.0
51	42.4
28	33.3
133	20.5
332	34.3
87	64.7
261	+0.7
28
6	Virginia Tech
   4 seed, Sweet Sixteen	ACC	3	2–1
1–0	119.9
21	91.2
31	.9587
6	56.1
41	47.1
87	13.8
55	16.9
168	20.8
278	25.5
110	19.2
311	22.7
43	53.0
85	50.6
183	40.3
49	29.2
64	41.9
112	51.7
323	63.0
307	+0.34
44
7	Duke
   1 seed, Elite Eight	ACC	4	3–1
0–1	116.5
36	88.7
17	.9581
7	49.8
173	46.0
60	19.0
235	16.2
197	32.7
77	30.7
215	32.0
154	25.2
68	57.0
32	43.6
45	24.7
300	33.3
133	36.0
209	37.8
140	69.4
105	+2.0
4
8	Houston
   3 seed, Sweet Sixteen	Amer	5	4–1
2–0	118.3
32	90.4
27	.9566
8	50.3
158	40.9
9	15.3
97	17.4
144	39.4
10	31.4
229	28.4
210	49.6
314	46.8
219	40.7
15	37.0
114	27.4
33	40.1
136	39.6
183	67.4
169	+1.5
6
9	Longwood	BSth	1	1–0
0–0	139.4
1	107.1
211	.9538
9	68.4
1	50.9
179	12.5
32	11.0
321	25.0
213	18.2
21	22.8
288	37.7
228	52.2
108	50.0
164	52.9
1	34.5
169	59.6
3	54.7
330	67.2
181	+0.00
77
10	Oregon
   12 seed, Sweet Sixteen	P12	6	6–0
2–0	107.9
124	83.4
7	.9510
10	52.8
99	40.5
6	18.3
210	23.4
21	32.3
86	29.0
188	28.9
200	34.6
194	52.6
95	44.9
66	35.5
147	23.1
12	36.6
196	42.9
253	63.7
289	+2.2
3
11	Louisville
   7 seed, R64	ACC	3	1–2
0–1	119.2
26	92.1
41	.9509
11	48.1
208	43.4
25	13.6
51	8.0
331	30.7
114	27.4
152	21.3
301	31.7
155	48.0
193	43.0
38	32.2
205	29.3
67	47.9
43	39.7
188	67.9
154	+0.07
67
12	South Carolina	SEC	2	1–1
1–0	107.0
143	82.7
5	.9504
12	46.1
252	45.5
56	20.8
267	24.6
13	34.2
58	23.4
72	48.5
22	59.6
330	40.3
302	45.5
74	36.6
124	30.4
85	39.8
141	62.9
332	64.3
278	-0.08
85
13	Mississippi St.
   5 seed, R64	SEC	3	2–1
1–0	128.0
5	99.4
108	.9483
13	60.1
13	51.1
191	18.7
226	15.2
228	37.4
21	30.8
219	24.6
260	33.1
168	56.6
37	48.8
147	42.9
25	38.0
240	45.9
57	28.6
23	67.9
154	+0.33
45
14	Kansas St.
   4 seed, R64	B12	3	2–1
1–0	109.5
96	85.2
9	.9476
14	47.3
232	47.7
98	11.9
23	24.3
16	27.8
165	28.7
182	22.4
291	25.2
68	48.0
193	50.5
180	30.9
227	28.6
55	44.3
71	36.1
112	63.8
287	+0.6
32
15	Auburn
   5 seed, Final Four	SEC	5	5–0
1–0	129.6
2	100.8
128	.9471
15	56.0
43	57.4
297	12.3
30	25.6
8	27.7
169	33.8
262	31.9
157	29.3
117	53.2
80	52.6
231	38.6
82	42.1
294	60.6
2	45.8
290	64.4
273	+2.9
1
16	Florida St.
   4 seed, Sweet Sixteen	ACC	4	3–1
1–0	111.0
78	86.5
13	.9464
16	48.6
197	43.0
20	19.5
245	14.5
250	31.2
102	25.8
116	28.4
210	33.3
173	44.8
258	50.0
164	36.4
127	18.9
4	39.6
144	32.5
57	65.6
237	+1.8
5
17	Wisconsin
   5 seed, R64	B10	4	3–1
2–0	102.7
196	80.1
1	.9459
17	45.1
267	43.8
32	17.6
185	17.2
149	29.1
143	23.9
79	28.7
203	18.3
17	48.7
185	40.7
15	25.3
294	32.3
115	33.3
253	39.8
191	66.5
203	+1.3
7
18	LSU
   3 seed, Sweet Sixteen	SEC	3	2–1
2–0	128.0
6	100.9
131	.9391
18	53.1
94	52.1
211	17.9
196	14.9
240	41.4
5	26.2
125	20.6
306	40.6
261	50.8
132	51.6
207	38.7
80	35.1
180	32.0
268	44.8
276	67.7
162	+0.49
37
19	Arkansas	SEC	4	3–1
2–0	119.7
23	95.5
66	.9308
19	54.2
75	43.6
29	17.3
172	22.2
28	31.8
94	41.4
325	33.3
131	38.6
241	47.3
214	44.7
61	45.3
12	28.1
46	33.3
253	42.1
242	67.3
175	+0.20
60
20	Buffalo
   6 seed, R32	MAC	4	4–0
1–0	115.8
41	92.5
46	.9294
20	51.7
128	45.0
47	12.2
29	17.0
165	31.3
101	24.7
93	33.1
139	28.4
110	60.3
15	47.1
113	27.1
277	27.8
41	43.9
77	38.8
162	72.1
40	+1.0
17
21	TCU	B12	4	3–1
1–0	113.1
59	91.1
29	.9234
21	57.1
30	48.0
106	22.4
301	16.5
185	30.9
110	26.8
141	31.3
164	16.1
8	56.8
34	51.9
214	38.5
86	27.7
40	35.9
210	37.9
142	70.7
73	+0.8
21
22	New Mexico St.
   12 seed, R64	WAC	4	4–0
1–0	119.3
25	96.1
71	.9230
22	59.3
20	44.0
34	14.8
77	15.2
228	32.6
79	16.9
16	25.9
245	26.5
89	58.9
19	49.6
161	39.7
63	24.2
16	53.9
10	42.0
241	66.1
218	+0.50
36
23	Tennessee
   2 seed, Sweet Sixteen	SEC	4	2–2
0–1	129.1
4	104.2
175	.9215
23	54.7
62	55.0
270	16.9
149	12.8
295	34.6
53	32.6
245	29.5
192	35.3
199	50.3
144	53.1
246	42.7
26	38.2
244	32.1
267	46.2
295	66.9
193	+1.1
13
24	Utah St.
   8 seed, R64	MWC	3	3–0
0–0	117.1
35	94.8
60	.9197
24	54.5
66	43.2
23	20.5
258	13.8
271	36.7
33	25.8
116	48.5
22	22.9
45	52.9
86	45.9
86	38.1
94	26.5
28	38.2
168	43.2
260	68.4
141	+0.8
23
25	Iowa St.
   6 seed, R64	B12	5	3–2
0–2	119.5
24	96.9
80	.9181
25	53.4
88	48.2
112	18.6
221	15.9
210	28.3
160	33.8
262	36.8
86	19.3
21	51.5
119	46.3
96	37.6
106	34.1
158	38.9
156	37.7
139	69.6
99	+1.1
11
Rk	Team	Conf	G	Rec	AdjOE	AdjDE	Barthag	Efg%	EfgD%	TOR	TORD	ORB	DRB	FTR	FTRD	2P%	2P%D	3P%	3P%D	3PR	3PRD	Adj T.	WAB
26	Virginia
   1 seed, CHAMPS	ACC	3	2–1
1–0	123.7
12	100.7
124	.9141
26	52.8
99	51.0
187	11.6
19	17.7
137	24.0
236	33.7
261	35.4
105	37.7
228	50.6
135	55.6
277	37.0
114	29.5
75	46.2
54	40.4
201	59.2
327	+0.7
29
27	Vermont
   13 seed, R64	AE	3	3–0
0–0	120.2
18	98.0
91	.9132
27	60.1
13	49.3
141	16.1
124	20.2
63	34.9
49	16.3
13	31.2
167	22.1
38	56.3
41	44.3
53	43.3
23	36.4
215	43.5
86	48.5
307	60.6
322	+0.09
66
28	Purdue
   3 seed, Elite Eight	B10	2	1–1
1–0	121.6
14	99.6
110	.9083
28	48.0
211	52.9
225	12.4
31	17.1
158	32.4
82	18.3
24	27.0
230	28.4
110	52.7
92	46.2
92	27.1
277	43.2
302	39.3
148	36.3
116	65.4
244	+0.00
76
29	Georgia St.
   14 seed, R64	SB	3	3–0
1–0	107.5
131	88.3
14	.9056
29	47.9
214	38.7
1	15.2
89	20.8
47	25.2
211	35.3
293	53.6
7	30.4
129	47.4
209	43.6
45	32.4
200	20.8
6	42.8
96	39.7
188	71.7
47	+0.9
19
30	Florida
   10 seed, R32	SEC	5	2–3
0–2	114.9
48	94.5
55	.9046
30	52.5
107	48.6
127	18.0
201	17.4
144	30.6
115	34.3
273	36.8
86	28.3
108	56.2
43	47.2
117	31.5
219	34.4
166	41.4
118	31.8
49	60.6
322	+0.28
50
31	Missouri	SEC	4	2–2
1–1	111.4
71	91.6
37	.9042
31	52.3
113	45.0
47	17.8
190	16.7
177	32.6
79	23.6
75	31.0
172	44.3
290	47.4
209	47.0
110	40.5
47	28.4
52	36.6
196	45.2
279	63.8
287	-0.21
91
32	West Virginia	B12	6	4–2
1–1	117.7
33	96.9
81	.9033
32	48.5
199	52.3
215	17.0
153	16.5
185	37.2
24	23.4
72	23.5
280	25.0
65	46.2
233	51.9
214	35.1
156	35.4
193	35.9
210	34.5
90	72.5
34	+1.1
10
33	Seton Hall
   10 seed, R64	BE	5	4–1
2–0	115.4
45	95.0
63	.9030
33	47.5
226	49.1
136	12.8
39	20.7
50	33.5
67	30.3
208	41.2
48	43.3
278	46.3
230	47.2
117	33.1
187	34.1
158	38.6
161	46.7
297	68.9
124	+1.1
12
34	Kansas
   4 seed, R32	B12	4	3–1
1–0	108.8
110	89.9
24	.9002
34	48.4
204	46.1
64	18.3
210	15.1
232	34.4
55	28.0
161	32.7
146	33.3
173	49.2
172	49.0
151	30.8
228	27.8
41	26.2
316	39.4
178	71.9
41	+1.0
14
35	Indiana	B10	4	3–1
2–0	124.0
10	102.4
150	.8999
35	56.5
35	50.0
151	12.9
41	17.5
142	29.8
127	28.5
174	33.6
125	37.8
231	60.5
13	46.1
91	32.6
195	38.3
246	34.0
243	34.8
95	71.4
50	+0.28
51
36	Penn St.	B10	3	2–1
2–0	106.8
146	88.4
15	.8985
36	46.4
247	42.0
16	17.5
183	18.0
123	34.2
58	30.4
210	24.2
268	36.9
216	45.1
254	42.7
31	32.8
192	26.7
29	31.4
276	25.6
12	66.9
193	+0.26
53
37	Cincinnati
   7 seed, R64	Amer	5	3–2
0–2	118.6
29	98.2
94	.8977
37	47.6
222	48.3
115	15.3
97	16.9
168	39.5
8	39.0
319	35.9
97	27.8
103	44.4
263	44.9
66	36.3
131	35.7
199	31.7
274	39.5
180	64.5
270	+1.0
18
38	Memphis	Amer	5	4–1
1–0	103.6
188	86.0
12	.8944
38	45.0
271	42.2
17	18.5
217	21.0
43	34.4
55	30.9
222	38.9
60	27.6
102	48.1
191	39.0
9	26.7
284	32.1
112	38.3
164	35.2
100	71.9
41	+0.34
42
39	Arizona St.
   11 seed, R64	P12	4	3–1
1–0	109.8
91	91.2
30	.8943
39	51.4
133	46.5
72	20.6
260	18.2
115	25.4
208	26.7
136	53.2
8	37.9
235	48.7
185	44.6
57	38.7
80	32.7
125	28.7
306	42.1
242	71.0
61	+0.34
43
40	Gonzaga
   1 seed, Elite Eight	WCC	2	1–1
0–0	108.3
117	90.1
26	.8919
40	55.9
48	50.4
164	18.3
210	19.7
79	23.3
244	24.2
84	30.9
174	17.2
14	60.0
16	50.0
164	32.5
197	34.2
161	36.4
202	32.8
61	69.2
110	-0.22
94
41	UC Irvine
   13 seed, R32	BW	5	5–0
2–0	120.4
17	100.8
127	.8846
41	56.7
33	43.4
25	11.0
14	14.0
266	37.9
17	25.5
110	20.9
303	33.3
173	56.0
46	42.4
29	38.8
77	30.3
84	29.7
296	30.3
34	66.5
203	+0.36
41
42	Xavier	BE	4	3–1
1–0	112.6
63	94.8
58	.8791
42	50.2
161	48.7
129	15.0
81	12.8
295	35.4
42	19.9
39	24.2
268	18.8
19	53.6
72	48.5
141	29.9
242	32.7
125	39.1
150	44.8
276	64.7
261	+0.22
56
43	San Diego	WCC	5	3–2
0–0	101.1
215	85.3
10	.8757
43	50.9
144	43.0
20	21.2
280	19.1
96	23.2
247	19.8
37	27.4
224	34.8
196	47.4
209	42.9
35	37.3
108	28.8
59	41.4
118	30.3
34	66.4
206	+0.07
68
44	Marquette
   5 seed, R64	BE	4	1–3
0–2	115.0
47	97.1
83	.8744
44	47.8
217	45.9
59	17.0
153	12.9
292	33.9
61	26.5
130	45.3
30	53.5
324	42.2
290	45.9
86	36.4
127	30.5
86	44.9
63	35.7
105	69.3
107	-1.3
273
45	Utah	P12	3	2–1
2–0	120.9
15	102.3
149	.8715
45	52.8
99	53.8
242	14.4
63	13.9
268	30.6
115	22.3
58	28.9
200	31.2
149	54.3
64	55.5
274	34.1
168	33.3
133	48.9
32	30.0
31	65.8
228	-0.02
80
46	Colorado	P12	6	5–1
2–0	108.4
114	91.8
38	.8708
46	49.6
177	45.4
53	18.4
215	15.5
221	35.5
41	19.4
32	37.7
76	33.9
183	49.3
169	44.9
66	33.3
176	30.8
90	33.8
248	35.7
105	67.9
154	+0.29
47
47	SMU	Amer	4	2–2
1–1	125.6
8	106.5
201	.8702
47	60.0
15	50.8
173	17.8
190	14.8
244	20.0
287	37.1
310	38.8
63	30.3
126	56.1
44	51.0
195	44.6
15	33.7
153	35.9
210	41.4
227	68.9
124	+0.22
57
48	Maryland
   6 seed, R32	B10	2	1–1
1–0	107.2
137	91.3
35	.8647
48	45.1
267	48.2
112	16.2
127	16.2
197	29.4
133	24.6
92	31.3
164	30.9
144	43.1
280	44.6
57	32.5
197	35.6
196	35.7
215	40.9
218	65.6
237	-0.17
88
49	Wofford
   7 seed, R32	SC	3	3–0
0–0	111.6
68	95.2
64	.8608
49	62.1
5	46.0
60	19.6
247	17.2
149	27.4
176	21.9
55	31.2
167	33.1
168	63.4
4	47.6
126	40.3
49	29.2
64	41.6
115	41.1
221	70.3
82	+0.7
30
50	Clemson	ACC	4	3–1
2–0	106.8
144	91.2
33	.8600
50	45.8
259	46.1
64	18.6
221	17.0
165	33.8
64	24.5
90	33.3
131	26.1
81	44.4
263	44.5
56	32.5
197	32.2
114	33.8
248	41.3
225	65.5
240	+0.38
40
Rk	Team	Conf	G	Rec	AdjOE	AdjDE	Barthag	Efg%	EfgD%	TOR	TORD	ORB	DRB	FTR	FTRD	2P%	2P%D	3P%	3P%D	3PR	3PRD	Adj T.	WAB
51	Rhode Island	A10	4	3–1
1–0	118.8
27	101.9
145	.8534
51	52.4
110	46.5
72	16.3
133	19.4
90	32.0
92	35.0
288	34.5
113	30.3
126	53.9
69	45.9
86	32.2
205	31.6
98	26.1
317	41.7
236	66.4
206	+0.11
64
52	Northwestern	B10	3	1–2
1–1	103.7
186	89.1
18	.8524
52	46.1
252	41.3
13	13.0
42	13.0
291	20.4
281	28.7
182	20.2
309	31.0
145	46.9
217	43.7
48	30.0
239	24.6
17	44.9
63	35.3
101	64.4
273	-0.6
142
53	Northeastern
   13 seed, R64	CAA	3	3–0
0–0	114.1
55	98.0
92	.8512
53	58.1
25	47.3
89	14.4
63	11.3
320	26.0
199	19.2
30	31.7
159	30.7
139	54.8
58	46.3
96	41.0
42	33.3
133	49.7
24	27.1
16	65.3
247	+0.6
34
54	California	P12	2	1–1
1–0	95.3
267	82.1
3	.8473
54	44.8
276	44.5
40	15.7
111	28.4
1	15.1
325	34.3
273	33.3
131	23.6
53	35.4
327	50.0
164	40.0
56	25.0
20	38.1
171	43.6
265	65.7
233	-0.22
93
55	Boise St.	MWC	4	2–2
1–1	111.9
66	96.4
75	.8472
55	56.4
37	51.0
187	16.2
127	19.3
93	21.3
274	22.0
57	27.8
218	30.7
139	54.7
60	50.9
193	39.3
68	34.1
158	39.6
144	44.4
274	63.6
292	-1.0
250
56	Creighton	BE	4	3–1
2–0	107.3
136	92.5
45	.8455
56	55.9
48	49.8
149	17.2
165	19.7
79	18.9
301	27.1
148	28.4
210	24.4
60	58.6
23	53.0
242	35.6
146	28.4
52	51.5
17	31.1
40	70.5
78	-0.18
89
57	Belmont
   11 seed, R64	OVC	3	2–1
0–0	111.1
77	96.4
76	.8360
57	54.4
70	46.4
71	14.7
75	12.8
295	22.0
265	29.6
200	23.3
281	26.4
87	58.9
19	47.1
113	32.9
190	29.8
78	47.2
47	28.9
25	69.0
119	-0.30
103
58	Mississippi
   8 seed, R64	SEC	2	1–1
1–0	110.4
83	95.9
68	.8354
58	47.8
217	50.0
151	13.1
45	20.1
69	16.4
317	35.3
293	21.9
297	27.0
97	48.5
187	46.8
107	31.3
221	38.2
244	42.1
107	30.6
38	65.7
233	+0.04
72
59	N.C. State	ACC	5	3–2
1–1	104.8
174	91.2
34	.8316
59	44.1
285	46.8
82	14.4
63	17.4
144	33.7
65	23.7
76	20.8
304	30.6
135	47.7
199	46.2
92	25.6
293	31.9
108	38.8
158	33.8
79	69.2
110	+0.02
73
60	Nebraska	B10	5	4–1
1–0	114.3
51	99.7
112	.8286
60	51.2
138	51.5
198	13.8
55	20.8
47	27.5
173	28.2
166	36.6
92	34.2
189	50.8
132	50.0
164	34.6
163	35.8
206	36.9
192	39.6
183	67.7
162	+1.0
16
61	Murray St.
   12 seed, R32	OVC	2	2–0
0–0	107.8
125	94.1
51	.8280
61	52.2
117	47.7
98	17.4
179	14.6
249	27.3
178	24.4
88	40.0
55	14.4
3	56.3
41	55.8
282	28.6
261	21.7
8	30.4
288	34.8
95	70.0
89	+0.7
24
62	Penn	Ivy	3	2–1
2–0	104.6
177	91.5
36	.8231
62	51.2
138	47.8
102	17.0
153	24.3
16	23.0
252	28.0
161	17.4
316	23.1
47	54.3
64	43.3
42	31.5
219	35.7
199	43.7
83	43.8
267	63.0
307	-0.39
112
63	Syracuse
   8 seed, R64	ACC	3	1–2
0–1	111.3
72	97.4
87	.8225
63	52.0
124	46.7
80	23.8
313	23.3
22	28.3
160	41.4
325	39.2
59	44.8
299	45.3
248	46.3
96	40.3
49	31.4
97	43.8
80	42.4
247	66.4
206	-0.15
87
64	Purdue Fort Wayne	Sum	2	1–1
0–0	105.5
161	92.4
42	.8215
64	60.0
15	44.8
45	17.0
153	19.1
96	20.6
280	28.8
185	27.0
230	20.6
29	56.9
33	45.3
71	42.1
30	29.4
70	49.6
26	40.5
208	71.0
61	-0.7
181
65	Providence	BE	5	2–3
1–1	107.8
128	94.5
57	.8184
65	52.2
117	50.9
179	20.8
267	17.2
149	29.4
133	24.1
83	39.9
56	30.5
131	54.3
64	52.8
235	32.4
200	32.3
115	37.8
177	45.5
286	70.4
80	-0.23
95
66	Samford	SC	2	1–1
0–0	116.4
38	102.3
148	.8152
66	58.1
25	48.8
131	16.2
127	19.7
79	29.8
127	34.9
286	33.1
139	27.8
103	63.0
5	47.6
126	33.3
176	33.3
133	38.1
171	50.0
314	67.9
154	-0.6
147
67	Dayton	A10	4	2–2
2–0	110.1
88	97.1
82	.8094
67	56.2
39	44.5
40	20.2
253	14.4
252	25.7
205	27.0
143	25.1
255	21.3
33	59.1
18	45.6
81	33.8
171	28.4
52	35.1
220	37.4
134	63.9
285	-0.36
109
68	Wichita St.	Amer	5	4–1
1–0	112.1
64	98.8
103	.8089
68	47.0
244	47.3
89	15.9
117	16.2
197	35.9
38	28.7
182	36.8
86	32.2
158	50.3
144	45.5
74	27.8
274	34.0
156	37.8
177	32.9
64	69.3
107	+0.28
49
69	Nevada
   7 seed, R64	MWC	3	2–1
1–0	107.1
139	94.5
56	.8076
69	53.4
88	48.4
118	17.2
165	15.8
213	27.8
165	11.3
3	42.9
40	29.2
115	54.9
55	38.2
7	34.3
167	47.1
319	43.5
86	31.7
47	69.0
119	-0.26
99
70	Lipscomb	ASun	3	2–1
0–0	116.4
37	102.8
156	.8067
70	57.4
28	54.9
268	17.7
187	19.7
79	29.7
129	20.2
42	24.0
273	22.1
38	56.8
34	51.0
195	39.1
73	40.3
274	36.6
196	41.1
221	71.2
55	-0.7
165
71	Villanova
   6 seed, R32	BE	4	3–1
0–1	113.6
58	100.6
122	.8018
71	51.4
133	47.5
94	19.4
243	17.6
139	31.6
98	32.0
234	38.9
60	30.3
126	47.6
202	47.9
131	36.4
127	31.3
94	53.4
14	40.3
198	66.3
212	+0.8
22
72	Abilene Christian
   15 seed, R64	Slnd	3	3–0
1–0	106.5
151	94.4
53	.7993
72	55.4
51	51.0
187	16.0
118	27.0
3	28.7
150	19.3
31	34.1
119	28.3
108	53.2
80	48.4
136	39.7
63	37.0
221	34.7
225	37.2
132	68.1
151	+0.18
61
73	Liberty
   12 seed, R32	ASun	2	2–0
0–0	115.6
43	102.6
154	.7975
73	54.9
59	56.7
289	11.1
15	20.6
52	22.6
258	22.4
59	24.8
259	17.1
13	55.7
50	51.7
212	35.3
151	42.2
296	30.1
291	42.9
253	59.1
328	+0.7
27
74	DePaul	BE	4	2–2
1–1	115.3
46	102.5
151	.7962
74	54.5
66	54.8
263	16.2
127	15.6
216	32.2
87	19.0
27	33.6
125	37.3
223	52.3
106	53.2
248	39.3
68	38.0
240	33.6
252	41.5
230	73.9
20	-0.7
166
75	Temple
   11 seed, R68	Amer	4	2–2
2–0	109.4
101	97.3
85	.7924
75	48.1
208	50.7
171	17.1
159	19.5
87	30.3
119	28.9
186	33.1
139	36.6
214	45.5
242	48.4
136	36.1
136	35.6
196	30.1
291	44.5
275	69.9
91	+0.39
39
Rk	Team	Conf	G	Rec	AdjOE	AdjDE	Barthag	Efg%	EfgD%	TOR	TORD	ORB	DRB	FTR	FTRD	2P%	2P%D	3P%	3P%D	3PR	3PRD	Adj T.	WAB
76	Iowa
   10 seed, R32	B10	4	1–3
0–2	108.1
119	96.3
73	.7916
76	46.2
250	54.9
268	16.8
147	18.2
115	25.9
201	29.5
198	27.1
227	26.9
94	45.0
256	56.7
295	32.2
205	35.0
176	35.2
219	42.7
251	69.4
105	-0.32
105
77	Gardner Webb
   16 seed, R64	BSth	3	3–0
0–0	123.2
13	110.1
247	.7842
77	60.7
10	50.3
161	13.5
49	11.9
313	25.3
210	33.9
267	49.7
19	14.9
6	61.1
11	47.0
110	40.0
56	37.0
221	34.5
229	38.8
162	64.8
258	+0.7
26
78	Pittsburgh	ACC	3	2–1
1–0	109.8
90	98.3
97	.7821
78	46.1
252	45.4
53	18.1
204	17.0
165	36.9
30	35.1
289	33.3
131	39.6
254	39.4
309	39.5
13	39.0
74	34.6
173	35.1
220	47.6
300	64.1
281	+0.01
74
79	Drake	MVC	2	1–1
0–0	103.8
184	93.2
49	.7770
79	53.5
86	43.7
30	17.3
172	18.0
123	16.1
318	25.0
100	38.0
70	30.6
135	52.9
86	47.8
130	36.7
121	25.0
20	30.0
293	39.6
183	68.8
127	-0.7
175
80	Texas Tech
   3 seed, Finals	B12	2	1–1
1–0	108.5
113	97.4
86	.7755
80	51.2
138	47.5
94	16.5
139	21.3
40	24.6
222	35.1
289	25.4
251	39.7
257	47.4
209	42.2
27	38.6
82	39.5
263	36.1
205	31.4
42	71.4
50	+0.13
63
81	Northern Illinois	MAC	4	3–1
1–0	111.4
70	100.1
117	.7739
81	54.9
59	49.3
141	13.1
45	17.9
127	16.8
313	25.5
110	18.8
314	36.9
216	52.5
98	50.4
179	40.3
49	31.7
103	30.8
283	37.8
140	65.6
237	+0.13
62
82	Saint Louis
   13 seed, R64	A10	6	5–1
1–1	106.7
149	96.4
74	.7641
82	46.5
246	46.9
84	15.4
101	17.3
147	39.7
7	24.4
88	32.5
150	26.8
93	45.5
242	44.6
57	32.4
200	33.6
152	31.1
279	39.9
192	64.8
258	+0.8
20
83	Loyola Chicago	MVC	3	1–2
0–0	98.9
233	89.7
23	.7533
83	50.6
151	45.4
53	17.2
165	19.8
77	17.0
309	28.0
161	14.1
328	15.0
7	47.8
195	42.7
31	38.0
99	33.3
133	30.7
285	36.4
119	65.4
244	-0.7
171
84	Iona
   16 seed, R64	MAAC	3	3–0
0–0	116.1
39	105.5
195	.7509
84	55.0
57	50.9
179	12.5
32	19.7
79	23.1
250	27.4
152	42.1
45	20.9
30	51.1
125	55.8
282	40.3
49	29.4
70	42.1
107	41.7
236	68.3
146	+0.28
48
85	UT Arlington	SB	3	2–1
1–0	104.7
176	95.4
65	.7436
85	47.5
226	44.4
39	17.6
185	18.0
123	27.7
169	24.8
97	34.5
113	47.8
313	52.4
103	50.0
164	27.0
279	23.8
14	41.8
114	39.1
172	68.6
136	-0.27
101
86	Oklahoma St.	B12	3	2–1
2–0	107.8
127	98.3
98	.7431
86	50.5
153	50.8
173	11.4
17	18.1
121	19.5
296	28.3
167	25.8
246	26.0
79	55.8
48	43.9
49	29.3
250	40.5
278	44.1
73	40.9
218	69.7
96	+0.41
38
87	Minnesota
   10 seed, R32	B10	4	2–2
0–1	109.5
98	100.2
118	.7360
87	47.3
232	50.0
151	15.1
87	13.6
277	24.1
232	34.0
268	34.5
113	13.8
1	47.8
195	51.1
199	30.5
231	31.8
104	26.8
313	32.6
58	65.8
228	+1.0
15
88	Central Michigan	MAC	5	3–2
1–0	114.6
49	105.0
186	.7309
88	55.4
51	49.2
138	12.7
36	15.1
232	22.6
258	37.6
312	32.5
150	23.7
54	54.0
68	55.6
277	38.3
90	26.2
25	40.4
131	39.7
188	72.3
37	+0.05
71
89	Northern Kentucky
   14 seed, R64	Horz	3	3–0
0–0	109.7
93	100.7
123	.7292
89	54.5
66	49.2
138	12.8
39	17.5
142	27.0
183	27.0
143	26.8
235	32.6
161	50.0
147	41.8
23	41.4
36	37.9
239	36.8
194	48.9
311	71.0
61	+0.5
35
90	Bowling Green	MAC	4	2–2
0–1	111.2
74	102.2
147	.7266
90	52.5
107	53.9
245	17.0
153	15.4
223	27.5
173	21.8
54	36.9
85	26.6
90	52.9
86	60.8
317	34.5
164	29.6
76	35.7
215	42.2
244	71.8
45	-0.21
90
91	UNC Greensboro	SC	4	3–1
0–0	106.1
154	97.6
88	.7236
91	50.9
144	49.6
148	17.9
196	18.2
115	31.2
102	23.5
74	35.6
102	25.9
78	46.9
217	54.0
259	38.8
77	28.2
50	35.6
218	37.9
142	68.2
148	+0.26
52
92	Western Kentucky	CUSA	4	2–2
0–1	100.9
218	92.9
48	.7215
92	44.0
286	46.5
72	17.8
190	23.6
19	32.2
87	27.4
152	50.5
15	23.5
50	45.1
254	41.8
23	27.8
274	35.4
193	33.3
253	41.7
236	68.3
146	-1.1
259
93	VCU
   8 seed, R64	A10	2	1–1
1–0	109.0
105	100.5
120	.7192
93	50.4
155	46.6
76	17.1
159	17.1
158	32.9
73	30.6
213	34.2
116	26.1
81	47.8
195	44.4
54	36.0
138	34.2
161	42.7
98	31.9
51	67.4
169	-0.7
159
94	Charleston	CAA	2	1–1
0–0	105.1
168	97.2
84	.7120
94	57.4
28	48.7
129	14.6
73	20.0
72	14.8
326	33.8
262	19.4
310	27.2
99	57.7
28	52.2
223	37.8
104	28.9
60	34.3
234	39.5
180	65.2
249	-0.6
149
95	Brown	Ivy	3	2–1
1–1	96.7
254	89.6
22	.7058
95	49.4
181	45.0
47	23.4
312	22.0
32	20.4
281	31.7
232	34.0
120	21.7
35	45.2
250	47.7
128	35.9
143	27.5
34	48.1
36	42.3
246	74.3
18	-0.26
100
96	Pepperdine	WCC	4	3–1
0–0	108.7
111	100.7
125	.7056
96	55.0
57	52.9
225	20.6
260	20.2
63	25.0
213	29.3
194	31.2
167	38.5
239	48.8
179	53.4
252	42.1
30	34.7
174	43.6
84	33.9
80	70.5
78	+0.6
31
97	Louisiana Monroe	SB	5	3–2
1–1	111.3
73	103.6
166	.6960
97	54.7
62	50.9
179	16.3
133	16.9
168	29.3
138	26.6
133	37.9
71	25.8
75	52.4
103	51.5
205	38.1
94	33.3
133	48.4
34	43.3
263	64.6
266	-1.0
253
98	USC	P12	4	1–3
0–2	113.1
60	105.4
194	.6915
98	54.0
78	54.5
253	17.1
159	16.3
191	24.1
232	30.5
212	23.1
284	30.5
131	52.0
111	54.9
270	38.4
89	36.0
208	36.1
205	38.2
150	69.8
95	-1.2
261
99	Wake Forest	ACC	2	0–2
0–1	105.3
167	98.2
96	.6886
99	40.7
307	52.8
220	17.1
159	15.6
216	31.7
97	27.1
148	38.1
67	42.2
272	38.8
313	52.8
235	30.3
236	35.1
180	28.0
311	33.9
80	67.4
169	-1.1
255
100	Marshall	CUSA	5	4–1
2–0	105.6
160	98.7
102	.6869
100	53.6
85	49.3
141	15.2
89	20.5
54	22.3
262	24.7
93	25.1
255	25.7
73	50.3
144	51.6
207	38.2
91	30.5
86	47.1
48	38.8
162	73.1
29	-0.46
118
Rk	Team	Conf	G	Rec	AdjOE	AdjDE	Barthag	Efg%	EfgD%	TOR	TORD	ORB	DRB	FTR	FTRD	2P%	2P%D	3P%	3P%D	3PR	3PRD	Adj T.	WAB
101	UNLV	MWC	2	1–1
1–0	95.6
264	89.4
21	.6857
101	43.5
290	38.8
2	14.4
63	9.9
326	21.1
276	24.7
93	24.3
265	35.0
197	44.4
263	39.1
10	27.9
272	25.5
22	37.4
183	42.5
248	66.6
202	-0.6
138
102	St. Bonaventure	A10	5	3–2
1–1	102.6
199	95.9
69	.6832
102	44.6
279	42.6
18	16.3
133	17.9
127	28.8
149	35.6
297	33.6
125	25.1
67	39.3
310	41.3
19	36.3
131	29.7
77	35.1
220	39.2
175	61.5
319	-0.6
156
103	UCF
   9 seed, R32	Amer	3	1–2
1–1	98.8
234	92.5
44	.6822
103	44.4
284	47.7
98	24.2
317	17.2
149	33.3
68	30.2
206	28.6
206	32.2
158	40.8
300	49.1
157	33.3
176	30.2
82	39.1
150	36.8
126	64.9
253	-0.34
107
104	Charleston Southern	BSth	2	1–1
0–0	95.2
269	89.2
19	.6795
104	50.0
162	44.1
35	15.5
106	20.6
52	21.1
276	31.2
225	18.2
315	23.7
54	42.7
283	37.3
5	41.3
39	35.3
187	38.0
173	43.2
260	67.0
190	-0.6
150
105	Akron	MAC	3	1–2
0–1	95.2
268	89.3
20	.6765
105	47.3
232	41.8
15	17.2
165	16.2
197	14.7
327	33.3
250	24.0
273	37.2
221	41.5
295	45.0
69	35.3
151	24.7
18	50.9
19	41.0
220	68.6
136	-0.9
230
106	Fresno St.	MWC	4	3–1
2–0	110.5
82	103.8
167	.6742
106	59.5
19	52.2
214	14.4
63	20.4
56	21.9
268	26.6
133	25.2
253	32.0
157	56.8
34	54.0
259	41.2
41	33.3
133	54.1
8	45.5
286	71.0
61	+0.06
70
107	Ohio St.
   11 seed, R32	B10	4	1–3
0–2	107.0
141	100.5
121	.6725
107	45.3
265	51.5
198	16.9
149	15.1
232	26.9
185	23.2
70	24.6
260	29.4
118	42.1
293	50.7
186	33.3
176	35.3
187	40.6
128	36.2
114	69.2
110	-0.7
174
108	Notre Dame	ACC	4	1–3
0–2	109.4
100	102.9
159	.6700
108	41.3
302	48.9
133	11.6
19	12.0
309	30.3
119	28.3
167	32.9
143	20.2
27	39.6
308	49.0
151	29.3
250	32.5
121	39.8
141	34.9
99	63.2
304	-1.3
263
109	Austin Peay	OVC	2	1–1
0–0	120.1
20	113.0
266	.6685
109	49.6
177	57.4
297	9.6
4	13.3
286	34.6
53	28.4
169	37.5
78	26.4
87	44.3
266	58.3
304	38.8
77	37.7
236	38.3
164	50.4
319	66.3
212	-0.44
117
110	Washington
   9 seed, R32	P12	5	3–2
1–1	102.6
200	96.5
77	.6685
110	49.1
188	50.2
159	19.4
243	24.8
12	24.2
230	37.8
314	35.1
107	38.0
236	49.0
177	50.3
178	32.8
192	33.3
133	43.8
80	40.7
214	65.8
228	-0.08
84
111	Furman	SC	3	1–2
0–0	113.9
56	107.2
212	.6680
111	54.9
59	52.3
215	16.1
124	20.2
63	25.8
202	38.0
315	21.4
299	26.9
94	57.5
30	53.7
256	34.9
159	32.7
125	49.7
24	29.7
29	66.4
206	-0.6
137
112	Texas A&M	SEC	3	1–2
0–1	109.7
92	103.4
164	.6641
112	52.2
117	57.0
294	18.8
229	20.3
59	28.4
158	36.8
308	33.5
129	24.4
60	49.5
164	59.6
308	38.5
86	36.1
211	32.3
262	48.3
305	65.7
233	-0.42
115
113	Texas	B12	3	1–2
0–1	103.7
185	97.8
90	.6633
113	47.1
241	51.8
203	14.3
61	19.4
90	23.1
250	32.3
238	27.5
222	24.9
63	44.9
257	48.7
145	32.9
190	38.9
256	48.0
39	32.0
52	63.3
299	-1.0
244
114	Utah Valley	WAC	5	4–1
2–0	109.0
106	102.9
160	.6610
114	56.8
32	46.9
84	22.5
304	13.9
268	32.9
73	30.3
208	41.9
47	25.3
71	57.9
26	46.5
101	37.0
114	31.8
104	46.7
50	33.4
71	70.2
85	-0.41
114
115	Colgate
   15 seed, R64	Pat	3	3–0
0–0	115.6
42	109.3
234	.6580
115	62.3
4	52.1
211	19.1
240	21.5
38	31.0
107	29.0
188	42.0
46	30.6
135	60.9
12	50.5
180	42.7
26	36.2
212	46.3
51	40.6
209	69.9
91	+0.21
59
116	Yale
   14 seed, R64	Ivy	4	3–1
1–1	120.6
16	114.1
279	.6546
116	56.4
37	50.6
168	12.0
26	13.1
289	22.0
265	24.3
86	31.3
164	31.6
152	55.3
51	55.6
277	39.2
70	29.4
70	31.8
272	43.0
256	69.5
103	+0.01
75
117	Fairleigh Dickinson
   16 seed, R64	NEC	4	4–0
0–0	114.4
50	108.2
225	.6540
117	64.1
3	49.0
135	22.4
301	22.0
32	39.3
11	37.7
313	45.0
32	16.4
10	62.8
7	40.8
17	44.3
17	40.2
272	36.6
196	41.8
240	65.4
244	+0.22
55
118	Montana
   15 seed, R64	BSky	5	4–1
1–1	108.3
116	102.5
152	.6528
118	59.6
18	47.5
94	17.4
179	18.8
102	19.7
291	25.1
105	21.4
299	30.4
129	60.5
13	49.1
157	38.9
76	29.9
80	38.6
161	38.2
150	66.9
193	-0.48
124
119	Green Bay	Horz	2	1–1
0–0	114.2
52	108.4
226	.6463
119	58.0
27	52.0
207	20.1
252	16.5
185	29.0
147	36.0
302	34.8
111	34.4
192	52.8
91	50.8
188	45.0
14	35.6
196	35.7
215	48.4
306	71.3
54	-0.7
170
120	Davidson	A10	5	3–2
2–0	104.8
175	99.7
111	.6391
120	49.3
185	50.2
159	17.9
196	16.3
191	28.7
150	22.6
61	27.4
224	25.7
73	49.1
174	47.7
128	33.0
189	36.3
214	40.4
131	37.0
131	65.1
251	-0.05
82
121	UAB	CUSA	5	3–2
1–0	110.4
84	105.1
188	.6381
121	49.6
177	48.3
115	16.0
118	17.2
149	31.4
99	26.7
136	44.0
35	25.8
75	49.5
164	44.2
52	33.3
176	35.3
187	31.9
271	46.3
296	66.1
218	-0.25
97
122	Baylor
   9 seed, R32	B12	3	0–3
0–2	104.5
179	99.5
109	.6353
122	43.8
288	51.4
197	17.8
190	12.5
302	32.8
76	25.5
110	30.3
182	34.3
190	45.7
238	51.4
203	27.5
276	34.3
165	43.2
92	38.7
160	69.1
115	-1.3
270
123	Loyola Marymount	WCC	2	1–1
0–0	100.7
221	96.0
70	.6340
123	45.6
263	51.1
191	11.6
19	23.2
23	24.6
222	30.0
203	22.1
296	32.6
161	46.6
225	42.6
30	28.0
269	41.5
287	22.1
329	43.2
260	59.0
330	-0.8
196
124	Wright St.	Horz	3	1–2
0–0	107.6
129	103.0
162	.6243
124	45.9
257	54.8
263	13.8
55	19.4
90	29.2
141	26.7
136	35.1
107	27.3
101	42.7
283	45.9
86	33.3
176	48.2
321	43.9
77	33.9
80	64.1
281	-0.5
131
125	San Diego St.	MWC	5	2–3
0–2	94.7
274	90.9
28	.6143
125	41.9
295	46.6
76	15.7
111	16.8
174	23.2
247	26.1
123	37.2
81	37.8
231	38.5
315	48.8
147	32.0
209	29.1
63	36.1
205	41.3
225	68.0
152	-0.7
179
Rk	Team	Conf	G	Rec	AdjOE	AdjDE	Barthag	Efg%	EfgD%	TOR	TORD	ORB	DRB	FTR	FTRD	2P%	2P%D	3P%	3P%D	3PR	3PRD	Adj T.	WAB
126	Northern Iowa	MVC	3	2–1
0–0	93.4
284	90.0
25	.6063
126	45.1
267	43.7
30	14.6
73	15.1
232	22.0
265	18.8
26	14.5
325	21.0
31	42.6
286	44.8
63	33.3
176	27.5
34	33.1
257	30.5
37	64.9
253	-0.37
111
127	Georgia Tech	ACC	2	1–1
1–0	109.0
107	105.0
184	.6062
127	58.3
24	45.2
50	17.3
172	11.8
315	20.0
287	35.8
299	26.2
240	27.0
97	61.5
8	42.9
35	32.0
209	32.7
125	24.3
327	38.9
166	63.3
299	-0.01
79
128	Eastern Washington	BSky	5	4–1
2–0	107.4
135	103.5
165	.6059
128	56.6
34	50.7
171	15.7
111	16.9
168	26.4
192	17.4
19	28.0
216	31.0
145	54.8
58	46.2
92	39.2
70	38.4
249	43.9
77	39.9
192	68.4
141	-0.34
106
129	Georgia Southern	SB	3	1–2
0–1	106.0
158	102.1
146	.6040
129	47.9
214	49.4
145	18.4
215	17.9
127	37.2
24	32.1
235	24.1
271	36.2
208	53.4
75	45.5
74	24.2
303	37.3
228	31.8
272	37.9
142	70.9
66	-1.4
280
130	Nicholls St.	Slnd	2	2–0
2–0	108.3
118	104.5
179	.6006
130	54.7
62	46.3
68	14.3
61	26.4
5	28.4
158	34.8
281	27.6
221	26.9
94	50.0
147	45.3
71	39.7
63	31.8
104	50.0
22	40.7
214	66.9
193	+0.06
69
131	Louisiana Tech	CUSA	3	2–1
1–0	106.3
153	102.8
157	.5944
131	48.4
204	44.1
35	17.3
172	20.0
72	29.3
138	36.7
307	37.9
71	33.8
181	44.1
268	47.4
123	36.7
121	26.2
25	39.2
149	40.6
209	63.3
299	-0.26
98
132	Southern Miss	CUSA	5	3–2
2–0	106.0
156	102.5
153	.5932
132	53.9
79	49.3
141	16.9
149	18.1
121	24.2
230	23.9
79	24.3
265	36.5
213	47.4
209	42.9
35	41.3
39	37.0
221	45.0
62	50.9
322	65.2
249	-0.03
81
133	Cornell	Ivy	3	2–1
2–0	101.7
208	98.5
100	.5929
133	58.9
21	44.5
40	22.0
295	20.2
63	19.3
299	34.8
281	27.0
230	24.0
57	64.3
2	42.7
31	33.8
171	31.3
94	39.9
139	41.5
230	71.4
50	+0.24
54
134	Florida A&M	MEAC	1	1–0
1–0	84.5
319	82.0
2	.5856
134	46.4
247	40.7
8	27.9
330	26.5
4	27.3
178	28.6
176	32.1
153	25.4
72	52.0
111	41.7
21	0.0
333	26.1
24	10.7
333	39.0
170	71.1
58	+0.10
65
135	Detroit Mercy	Horz	1	0–1
0–0	129.4
3	125.7
319	.5829
135	56.9
31	59.0
306	15.2
89	11.0
321	33.3
68	41.2
324	26.2
240	37.3
223	53.3
77	56.1
286	40.0
56	42.3
297	53.8
11	38.8
162	72.2
39	-0.5
133
136	Presbyterian	BSth	2	1–1
0–0	117.2
34	113.9
276	.5818
136	54.2
75	54.7
260	10.0
8	16.1
203	23.0
252	33.3
250	24.2
268	31.0
145	52.5
98	50.7
186	37.3
108	41.5
287	49.2
29	35.3
101	67.1
187	-0.8
191
137	Middle Tennessee	CUSA	3	2–1
2–0	97.0
251	94.2
52	.5809
137	45.4
264	40.5
6	21.5
287	16.3
191	37.2
24	27.0
143	20.8
304	36.0
206	43.6
273	43.6
45	31.9
211	23.8
14	41.6
115	38.4
156	64.5
270	-0.7
160
138	Harvard	Ivy	5	3–2
1–1	107.0
140	104.1
172	.5785
138	47.4
228	51.8
203	20.8
267	16.3
191	34.3
57	25.0
100	35.8
98	36.0
206	51.6
116	52.2
223	28.4
265	34.0
156	45.7
59	36.4
119	67.2
181	-0.8
195
139	Miami FL	ACC	3	1–2
0–1	109.1
104	106.6
204	.5642
139	49.7
174	58.2
303	14.2
60	16.8
174	23.8
237	26.4
128	31.5
161	21.2
32	55.3
51	50.5
180	28.4
265	46.4
316	44.0
75	40.6
209	68.4
141	-0.23
96
140	Columbia	Ivy	2	1–1
1–1	103.3
191	101.0
134	.5624
140	56.1
41	45.5
56	17.7
187	20.5
54	16.9
311	34.8
281	28.7
203	33.6
179	54.9
55	56.3
290	38.6
82	16.7
2	38.3
164	34.4
88	70.3
82	-0.8
188
141	Oakland	Horz	2	1–1
0–0	98.8
236	96.8
79	.5581
141	49.1
188	50.4
164	20.9
272	13.5
282	29.3
138	20.0
40	55.5
5	17.0
12	39.3
310	48.1
132	40.8
43	35.7
199	44.5
67	41.5
230	74.5
15	-0.6
155
142	Bucknell	Pat	3	2–1
0–0	109.2
102	107.0
209	.5565
142	59.7
17	55.4
274	17.8
190	17.8
131	20.4
281	19.6
36	37.1
82	38.9
243	56.1
44	54.0
259	42.0
33	38.9
256	51.8
16	32.3
56	74.0
19	-0.47
123
143	Western Illinois	Sum	2	1–1
0–0	107.6
130	105.6
197	.5524
143	52.9
95	56.7
289	15.1
87	13.7
276	27.0
183	15.2
9	33.6
125	33.9
183	50.0
147	53.0
242	40.0
56	41.3
285	29.4
300	41.1
221	68.9
124	-0.5
132
144	Jacksonville St.	OVC	2	1–1
0–0	108.8
109	106.9
206	.5520
144	54.4
70	55.6
277	18.9
230	20.3
59	38.2
15	25.8
116	26.2
240	45.8
305	57.8
27	56.7
295	30.6
230	36.2
212	28.6
307	43.9
268	70.6
76	-0.49
126
145	Oklahoma
   9 seed, R32	B12	2	0–2
0–1	103.1
192	101.3
135	.5504
145	47.4
228	48.1
109	15.2
89	12.2
306	19.7
291	33.3
250	16.5
318	23.3
48	47.7
199	50.0
164	31.0
223	30.5
86	25.2
320	45.7
289	66.4
206	-0.9
219
146	North Florida	ASun	1	0–1
0–0	108.0
123	106.1
199	.5490
146	60.2
11	55.5
275	25.8
326	9.7
327	22.2
263	22.6
61	14.3
327	29.1
114	45.5
242	54.8
268	48.1
6	38.5
250	55.1
6	23.6
7	67.6
164	-0.46
119
147	Bradley
   15 seed, R64	MVC	3	3–0
0–0	94.0
280	92.4
43	.5482
147	44.9
273	44.3
37	18.6
221	13.1
289	26.9
185	18.6
25	24.4
264	13.8
1	42.2
290	37.3
5	33.3
176	36.9
219	34.6
227	38.9
166	64.3
278	+0.6
33
148	Ball St.	MAC	3	1–2
0–1	96.3
259	94.8
59	.5470
148	51.2
138	46.5
72	23.3
309	13.8
271	29.1
143	25.4
107	29.0
198	28.1
106	57.1
31	45.7
82	26.3
287	32.1
112	33.7
251	30.3
34	71.4
50	-1.3
268
149	North Dakota St.
   16 seed, R64	Sum	4	4–0
0–0	119.9
22	118.0
300	.5458
149	61.4
7	51.1
191	10.2
9	13.4
284	19.6
295	33.3
250	43.3
38	30.8
143	53.2
80	43.9
49	47.8
8	43.0
299	44.8
65	34.8
95	62.3
315	+0.31
46
150	Hofstra	CAA	4	2–2
0–0	109.7
94	108.0
218	.5445
150	49.4
181	54.5
253	14.1
58	17.8
131	28.0
163	33.3
250	38.5
64	22.9
45	49.0
177	51.0
195	33.3
176	40.2
272	34.6
227	37.6
136	68.4
141	-0.5
134
Rk	Team	Conf	G	Rec	AdjOE	AdjDE	Barthag	Efg%	EfgD%	TOR	TORD	ORB	DRB	FTR	FTRD	2P%	2P%D	3P%	3P%D	3PR	3PRD	Adj T.	WAB
151	UT Rio Grande Valley	WAC	4	2–2
0–1	109.5
99	108.0
223	.5378
151	52.8
99	54.3
249	16.3
133	19.9
74	22.7
257	33.3
250	49.8
18	29.4
118	51.7
114	48.7
145	36.8
118	43.2
302	31.3
277	34.5
90	69.0
119	-1.3
272
152	Hawaii	BW	3	2–1
2–0	105.4
163	104.1
173	.5344
152	50.0
162	48.4
118	20.9
272	14.4
252	32.4
82	19.0
27	27.3
226	37.5
225	52.5
98	50.8
188	31.0
223	27.5
34	41.3
122	25.0
10	65.7
233	-0.6
136
153	Saint Joseph's	A10	3	1–2
0–1	108.1
120	106.8
205	.5336
153	47.2
238	50.8
173	13.3
47	15.6
216	19.4
298	33.0
248	28.7
203	29.8
122	50.0
147	51.3
201	28.8
260	33.3
133	40.3
134	36.7
125	70.8
69	-0.8
186
154	George Mason	A10	3	2–1
1–0	109.1
103	108.0
221	.5293
154	50.3
158	46.7
80	17.2
165	11.8
315	35.0
47	23.3
71	26.2
240	26.2
84	47.5
205	45.2
70	36.2
134	32.8
129	41.1
124	38.1
149	63.4
297	-0.5
127
155	Navy	Pat	2	1–1
0–0	99.3
229	98.3
99	.5271
155	50.0
162	50.0
151	22.0
295	16.7
177	25.8
202	27.5
155	33.7
123	30.6
135	52.9
86	56.6
294	29.4
246	29.3
67	32.7
261	52.3
325	67.4
169	-0.36
110
156	Alabama	SEC	4	1–3
0–1	101.2
213	100.3
119	.5264
156	46.1
252	47.9
104	20.9
272	14.1
264	34.8
51	32.7
246	30.7
176	18.0
15	41.4
297	43.5
44	36.0
138	37.8
237	36.9
192	33.7
77	66.7
201	-0.05
83
157	Toledo	MAC	3	1–2
1–0	109.0
108	108.5
228	.5126
157	53.4
88	51.7
200	16.2
127	13.6
277	20.4
281	32.4
239	25.5
249	23.5
50	43.2
276	51.3
201	41.4
36	35.0
176	54.0
9	33.5
72	67.0
190	-0.7
168
158	Chattanooga	SC	1	0–1
0–0	96.5
257	96.1
72	.5122
158	52.9
95	47.6
97	25.2
322	16.3
191	26.5
191	34.2
271	33.3
131	22.2
40	37.5
320	49.0
151	52.6
2	28.6
55	37.3
185	22.2
6	67.9
154	-0.7
173
159	Army	Pat	1	0–1
0–0	89.0
305	88.7
16	.5116
159	45.1
267	40.4
5	16.6
142	20.4
56	15.8
320	31.6
231	41.0
49	57.9
329	58.8
21	50.0
164	18.5
325	17.4
3	44.3
71	40.4
201	74.4
17	-0.7
182
160	Rutgers	B10	3	0–3
0–2	102.0
204	101.8
142	.5072
160	46.2
250	48.3
115	21.6
289	12.9
292	31.8
94	25.0
100	33.7
123	42.0
269	52.2
108	50.8
188	22.2
312	28.0
44	32.0
268	28.4
22	70.2
85	-1.5
287
161	Prairie View A&M
   16 seed, R68	SWAC	6	5–1
2–0	108.0
121	108.0
219	.5004
161	54.3
74	52.0
207	15.0
81	27.5
2	31.1
104	34.5
277	49.4
20	39.4
252	53.3
77	52.0
220	37.3
108	34.7
174	38.5
163	31.4
42	71.8
45	+0.21
58
162	Connecticut	Amer	4	2–2
1–1	110.6
80	110.6
249	.4999
162	53.7
83	53.6
234	18.6
221	15.7
214	24.6
222	32.1
235	46.3
27	34.3
190	56.0
46	48.4
136	34.0
169	43.2
302	46.3
51	31.8
49	67.3
175	-0.47
121
163	Boston University	Pat	1	0–1
0–0	103.6
187	103.8
168	.4946
163	53.8
82	56.7
289	28.7
332	17.2
149	32.1
90	31.3
226	24.5
263	25.0
65	55.3
51	65.5
329	33.3
176	32.3
115	28.3
308	51.7
323	71.2
55	-0.6
148
164	Richmond	A10	4	1–3
0–2	108.6
112	108.9
231	.4917
164	47.7
219	51.3
195	9.8
5	16.4
189	21.8
270	38.3
318	22.8
288	30.7
139	47.6
202	53.3
250	31.9
211	31.6
98	39.0
153	33.3
65	66.0
222	-2.2
325
165	Old Dominion
   14 seed, R64	CUSA	5	3–2
0–2	91.7
289	92.0
40	.4899
165	41.8
296	46.3
68	18.9
230	18.2
115	31.0
107	28.6
176	28.3
214	35.7
201	39.8
307	48.5
141	30.5
231	28.1
46	34.4
231	34.5
90	64.9
253	-0.9
217
166	Tulsa	Amer	2	0–2
0–1	91.4
292	91.8
39	.4872
166	41.0
305	48.2
112	16.0
118	20.2
63	27.8
165	26.7
136	22.7
290	40.4
258	40.0
305	52.3
227	28.3
267	28.6
55	41.4
118	43.0
256	70.2
85	-1.1
254
167	Campbell	BSth	3	1–2
0–0	115.5
44	116.0
293	.4868
167	51.3
136	60.5
314	11.5
18	13.4
284	27.3
178	20.5
44	24.6
260	30.1
124	50.0
147	55.9
285	35.4
149	45.3
312	42.2
105	38.6
158	66.0
222	-0.7
185
168	Missouri St.	MVC	1	0–1
0–0	103.3
190	103.9
169	.4834
168	47.1
241	52.3
215	11.9
23	20.4
56	17.2
308	30.4
210	26.9
233	44.2
289	46.7
224	51.7
212	31.8
214	35.7
199	42.3
101	32.6
58	61.2
320	-0.8
202
169	Louisiana	SB	3	2–1
2–0	106.0
157	106.6
203	.4831
169	52.3
113	50.6
168	15.2
89	20.2
63	29.1
143	28.4
169	26.9
233	36.4
211	49.6
161	51.9
214	37.8
104	32.3
115	38.3
164	37.6
136	69.0
119	-0.5
130
170	UMBC	AE	3	2–1
0–0	97.4
246	98.1
93	.4793
170	48.1
208	49.4
145	18.2
206	18.2
115	25.0
213	20.8
48	37.9
71	42.3
273	52.7
92	50.6
183	27.9
272	32.0
109	42.2
105	48.1
304	64.0
284	-0.36
108
171	Oregon St.	P12	3	1–2
1–1	111.5
69	112.6
261	.4729
171	48.5
199	55.9
280	16.8
147	18.3
113	32.4
82	31.5
230	43.2
39	41.0
263	49.5
164	50.0
164	31.0
223	43.1
300	34.3
234	40.4
201	64.4
273	-0.8
189
172	Grand Canyon	WAC	6	2–4
0–2	105.0
172	106.3
200	.4641
172	48.5
199	53.8
242	15.5
106	17.1
158	24.1
232	27.8
158	23.1
284	24.9
63	47.8
195	53.4
252	33.1
187	36.4
215	39.4
146	40.8
217	70.2
85	-1.4
281
173	Lamar	Slnd	3	2–1
1–0	107.4
133	108.9
232	.4608
173	52.7
104	48.5
124	16.0
118	13.6
277	37.6
18	25.5
110	30.6
178	41.9
268	51.6
116	46.2
92	36.7
121	35.8
206	32.3
262	30.8
39	66.8
200	-0.8
211
174	Kent St.	MAC	2	1–1
1–0	110.7
79	112.4
260	.4560
174	45.0
271	51.7
200	11.6
19	13.8
271	37.6
18	28.1
164	20.6
306	35.3
199	48.8
179	50.8
188	26.3
287	35.3
187	40.4
131	44.0
271	68.0
152	-0.6
141
175	Wyoming	MWC	3	2–1
2–0	102.9
194	104.5
180	.4558
175	53.9
79	43.8
32	15.0
81	14.2
260	14.6
328	29.5
198	51.2
13	44.8
299	51.1
125	42.1
26	38.2
91	30.8
90	45.8
58	40.6
209	71.1
58	-0.7
183
Rk	Team	Conf	G	Rec	AdjOE	AdjDE	Barthag	Efg%	EfgD%	TOR	TORD	ORB	DRB	FTR	FTRD	2P%	2P%D	3P%	3P%D	3PR	3PRD	Adj T.	WAB
176	Pacific	WCC	1	0–1
0–0	81.3
324	82.6
4	.4554
176	38.9
319	44.8
45	28.1
331	25.1
9	25.0
213	25.0
100	55.6
4	45.8
305	35.7
325	45.8
84	29.4
246	29.2
64	37.8
177	50.0
314	64.9
253	-0.8
196
177	Duquesne	A10	3	0–3
0–2	111.2
75	113.3
269	.4447
177	51.6
130	53.5
231	16.2
127	15.3
227	28.1
162	35.5
296	26.6
237	44.6
295	52.3
106	52.1
222	33.8
171	37.3
228	41.0
125	36.4
119	73.4
28	-2.1
321
178	Southern Illinois	MVC	1	0–1
0–0	92.9
285	94.8
61	.4412
178	40.3
309	43.4
25	15.4
101	13.8
271	28.9
148	27.8
158	16.1
322	14.8
5	41.3
299	43.2
40	25.0
295	29.4
70	25.8
318	27.9
19	68.6
136	-0.8
207
179	Central Arkansas	Slnd	4	3–1
2–0	110.3
86	112.6
263	.4411
179	52.4
110	46.9
84	17.4
179	15.9
210	27.7
169	34.0
268	47.4
24	27.9
105	46.8
219	50.8
188	39.0
74	28.2
50	47.8
44	45.8
290	67.5
167	-0.5
129
180	UC Santa Barbara	BW	4	3–1
2–0	102.9
193	105.2
189	.4385
180	49.4
181	50.9
179	14.9
79	14.9
240	30.1
122	20.7
46	38.3
66	32.8
166	46.5
227	48.4
136	38.1
94	37.5
235	26.8
313	31.4
42	67.3
175	-0.6
146
181	Portland St.	BSky	3	2–1
2–0	107.0
142	109.3
238	.4372
181	47.4
228	54.8
263	15.6
109	16.6
181	39.1
12	22.9
67	38.1
67	39.2
248	50.5
138	57.0
297	28.9
257	33.9
155	42.8
96	35.5
103	68.6
136	-0.7
176
182	New Mexico	MWC	4	2–2
1–1	105.1
171	107.5
215	.4361
182	46.1
252	55.0
270	14.5
70	19.8
77	28.0
163	18.1
20	42.9
40	53.1
322	42.9
281	51.9
214	33.6
175	40.0
267	42.1
107	37.9
142	75.5
7	-1.2
260
183	Delaware	CAA	2	1–1
0–0	112.0
65	114.6
284	.4342
183	62.1
5	55.1
272	17.1
159	14.8
244	22.4
260	24.2
84	24.1
271	42.6
274	52.5
98	51.5
205	49.0
5	40.5
278	45.5
60	38.9
166	63.4
297	-0.6
144
184	Mercer	SC	1	0–1
0–0	114.1
54	116.9
296	.4305
184	54.5
66	62.5
323	21.6
289	20.1
69	28.6
153	39.4
322	32.7
146	26.7
91	61.5
8	68.2
330	25.0
295	39.5
263	29.1
303	63.3
333	70.8
69	-0.6
140
185	UCLA	P12	4	1–3
0–2	105.3
164	108.0
220	.4289
185	48.3
207	51.3
195	16.0
118	12.0
309	23.6
240	30.2
206	42.9
40	31.0
145	44.1
268	48.9
149	38.0
99	37.0
221	32.9
258	36.5
123	73.8
23	-1.3
267
186	Long Beach St.	BW	3	2–1
1–0	100.2
224	102.9
158	.4265
186	50.3
158	50.9
179	15.7
111	22.2
28	26.4
192	34.7
280	36.7
90	22.2
40	49.6
161	56.1
286	34.7
162	28.1
46	29.5
298	37.4
134	68.7
132	-0.46
120
187	South Florida	Amer	4	2–2
1–1	104.2
182	106.9
207	.4264
187	47.2
238	56.0
284	19.0
235	19.7
79	33.3
68	22.7
64	55.2
6	43.3
278	45.9
237	51.9
214	32.6
195	41.7
290	41.3
122	39.1
172	69.6
99	-1.3
274
188	Southeastern Louisiana	Slnd	4	2–2
1–1	106.8
145	109.8
245	.4221
188	53.9
79	48.8
131	21.9
293	19.2
95	35.3
45	30.9
222	42.4
43	36.4
211	53.6
72	49.6
161	36.3
131	32.0
109	39.0
153	45.3
282	64.4
273	-1.6
294
189	UMKC	WAC	2	1–1
1–0	97.4
245	100.1
116	.4215
189	48.7
195	47.1
87	14.5
70	20.3
59	22.9
254	25.4
107	28.6
206	44.7
298	53.1
83	53.8
258	29.1
255	23.7
13	46.2
54	36.9
128	67.1
187	-0.7
180
190	Florida Atlantic	CUSA	3	0–3
0–2	98.9
232	101.8
144	.4188
190	46.3
249	48.1
109	21.0
276	14.4
252	25.5
207	27.9
160	27.5
222	42.9
276	51.2
123	41.7
21	27.0
279	38.5
250	46.3
51	40.4
201	64.4
273	-2.4
328
191	Seattle	WAC	4	2–2
2–0	100.1
225	103.3
163	.4111
191	45.3
265	48.0
106	13.5
49	14.2
260	27.8
165	28.4
169	31.2
167	27.2
99	44.6
261	47.0
110	31.0
223	33.3
133	34.4
231	33.6
73	66.9
193	-0.5
128
192	Arkansas Pine Bluff	SWAC	2	1–1
1–0	100.9
219	104.1
171	.4108
192	50.4
155	39.9
4	15.4
101	21.6
37	31.9
93	35.7
298	29.7
189	54.5
326	48.8
179	40.3
14	36.1
136	25.9
23	30.5
287	27.3
17	63.3
299	-0.8
213
193	Nebraska Omaha	Sum	3	2–1
0–0	102.1
202	105.4
193	.4103
193	49.2
186	53.6
234	15.2
89	14.2
260	26.9
185	19.8
37	23.7
275	22.5
42	45.4
246	53.5
255	37.9
102	35.7
199	32.8
259	41.4
227	64.5
270	-0.6
145
194	Illinois	B10	4	1–3
0–2	107.4
132	110.9
251	.4091
194	51.1
142	52.8
220	19.5
245	14.4
252	26.4
192	34.0
268	27.9
217	26.0
79	47.0
216	54.8
268	40.0
56	33.3
133	32.0
268	42.5
248	66.0
222	-1.1
258
195	Grambling St.	SWAC	5	3–2
2–0	102.7
197	106.0
198	.4078
195	56.2
39	42.9
19	21.0
276	14.8
244	24.5
226	26.9
142	35.7
101	39.0
246	51.4
121	43.3
42	45.3
12	28.0
44	29.1
303	34.8
95	67.3
175	-0.8
206
196	East Tennessee St.	SC	3	1–2
0–0	109.5
97	113.3
268	.4041
196	52.2
117	63.3
324	18.9
230	21.7
34	35.4
42	31.9
233	30.8
175	37.6
227	50.5
138	55.2
272	36.5
126	51.7
327	40.0
138	36.4
119	69.9
91	-0.28
102
197	Radford	BSth	3	2–1
0–0	106.7
150	110.3
248	.4037
197	51.6
130	50.0
151	12.7
36	12.2
306	31.4
99	27.1
148	16.4
319	29.8
122	46.6
225	50.0
164	40.3
49	33.3
133	36.6
196	43.9
268	62.8
312	-0.6
143
198	Troy	SB	2	1–1
1–1	95.3
266	98.6
101	.4026
198	44.9
273	46.0
60	18.0
201	16.5
185	32.1
90	30.1
205	23.6
278	45.5
301	46.8
219	52.8
235	28.0
269	22.5
9	39.4
146	35.7
105	66.9
193	-0.42
116
199	NJIT	ASun	2	1–1
0–0	109.6
95	113.8
275	.3957
199	55.2
54	56.5
288	16.5
139	15.0
238	19.7
291	34.8
281	37.1
82	19.4
23	47.5
205	58.1
302	43.5
22	36.0
208	43.8
80	40.3
198	64.7
261	-0.39
113
200	South Alabama	SB	5	3–2
1–1	104.0
183	108.1
224	.3910
200	55.3
53	51.2
194	20.7
265	16.9
168	19.7
291	34.4
275	37.4
80	31.6
152	49.1
174	53.4
252	43.8
18	32.0
109	37.4
183	41.5
230	67.2
181	-0.9
234
Rk	Team	Conf	G	Rec	AdjOE	AdjDE	Barthag	Efg%	EfgD%	TOR	TORD	ORB	DRB	FTR	FTRD	2P%	2P%D	3P%	3P%D	3PR	3PRD	Adj T.	WAB
201	Howard	MEAC	4	2–2
1–0	105.4
162	109.7
244	.3880
201	52.2
117	47.9
104	17.8
190	19.7
79	24.5
226	39.3
321	32.7
146	37.8
231	42.2
290	44.8
63	46.2
10	35.3
187	37.1
188	38.2
150	73.9
20	-0.7
178
202	Tulane	Amer	3	0–3
0–2	105.3
165	109.7
242	.3858
202	49.7
174	53.6
234	18.2
206	18.7
103	23.8
237	32.4
239	28.9
200	38.5
239	47.5
205	52.0
220	36.2
134	37.0
221	32.2
265	45.3
282	71.0
61	-1.9
318
203	Tennessee Martin	OVC	2	1–1
0–0	114.1
53	118.9
307	.3848
203	54.1
77	54.7
260	19.8
249	22.7
26	36.9
30	47.8
331	45.5
29	34.7
195	59.7
17	60.0
309	31.3
221	31.3
94	43.6
84	40.7
214	68.7
132	-0.7
164
204	Arizona	P12	2	0–2
0–1	95.2
271	99.3
105	.3812
204	45.7
261	54.5
253	20.3
254	16.8
174	22.1
264	16.7
14	43.8
37	39.6
254	51.6
116	56.2
289	24.4
302	34.2
161	39.0
153	34.2
86	68.8
127	-1.4
278
205	FIU	CUSA	3	1–2
1–1	97.6
244	101.8
143	.3805
205	44.5
282	48.5
124	16.7
143	22.1
31	27.6
172	36.6
306	30.7
176	26.3
86	49.6
161	46.7
105	22.0
314	33.7
153	30.7
285	45.9
292	73.5
25	-1.4
284
206	LIU	NEC	2	1–1
0–0	94.0
281	98.2
95	.3752
206	50.0
162	40.9
9	20.7
265	14.1
264	26.7
189	33.8
262	26.3
239	45.7
304	37.5
320	47.3
120	41.4
36	12.0
1	50.9
19	21.6
5	65.5
240	-0.7
167
207	Valparaiso	MVC	2	1–1
0–0	95.7
263	100.0
114	.3741
207	43.5
290	48.6
127	13.0
42	18.4
110	27.4
176	20.6
45	31.9
157	19.1
20	46.0
235	51.4
203	24.1
306	28.9
60	25.0
321	34.5
90	67.3
175	-0.6
139
208	St. John's
   11 seed, R68	BE	4	1–3
0–1	97.1
250	101.6
140	.3726
208	43.9
287	54.4
250	12.7
36	20.3
59	21.5
273	29.2
192	25.0
257	44.0
287	46.0
235	52.8
235	26.9
281	38.3
246	36.3
203	36.0
109	71.6
49	-0.9
225
209	VMI	SC	2	1–1
0–0	112.8
62	118.3
305	.3674
209	54.4
70	56.9
292	10.7
13	11.4
319	16.9
311	26.3
127	33.9
121	24.6
62	50.0
147	60.2
312	39.7
63	34.5
169	46.8
49	39.9
192	74.9
11	-0.31
104
210	Youngstown St.	Horz	1	0–1
0–0	106.8
148	111.9
258	.3672
210	56.5
35	52.8
220	14.5
70	17.1
158	19.5
296	33.3
250	14.5
325	84.9
332	50.0
147	50.0
164	42.4
28	38.1
243	47.8
44	39.6
183	75.7
5	-0.7
177
211	South Dakota St.	Sum	2	0–2
0–0	104.2
181	109.3
237	.3650
211	50.0
162	54.6
259	16.4
138	17.8
131	24.3
229	26.6
133	30.3
182	39.5
253	52.6
95	51.6
207	30.4
233	38.6
253	37.7
180	47.9
303	74.8
12	-0.9
237
212	St. Francis NY	NEC	1	0–1
0–0	89.9
301	94.4
54	.3631
212	51.9
125	45.6
58	25.2
322	23.9
18	14.3
329	28.9
186	29.6
190	40.4
258	48.5
187	36.8
3	38.1
94	42.1
294	38.9
156	33.3
65	68.7
132	-0.9
220
213	UTSA	CUSA	3	1–2
1–1	99.2
230	104.2
176	.3613
213	48.0
211	53.0
228	21.0
276	16.9
168	24.1
232	30.8
219	30.1
187	33.2
172	48.4
189	49.0
151	31.8
214	38.8
255	48.3
35	43.5
264	72.5
34	-1.0
249
214	Arkansas St.	SB	3	1–2
1–1	107.8
126	113.3
270	.3607
214	48.5
199	53.7
240	10.4
12	13.8
271	30.8
112	32.1
235	23.1
284	38.4
238	50.9
131	49.6
161	30.1
237	40.6
280	42.6
99	36.2
114	64.3
278	-1.6
298
215	UMass Lowell	AE	1	0–1
0–0	110.1
87	115.8
292	.3592
215	55.7
50	58.0
302	16.1
124	16.1
203	30.0
123	38.2
316	28.3
214	39.3
250	51.4
121	57.1
298	43.8
18	39.3
259	30.2
289	50.0
314	63.3
299	-0.8
193
216	North Carolina A&T	MEAC	3	2–1
1–0	102.9
195	108.7
229	.3483
216	50.0
162	45.3
52	16.0
118	21.0
43	33.9
61	34.2
271	29.5
192	45.6
303	45.2
250	42.7
31	40.4
48	32.8
129	31.1
279	40.0
196	64.9
253	-0.9
224
217	Texas St.	SB	3	1–2
0–1	95.9
261	101.4
138	.3449
217	39.5
316	50.3
161	20.8
267	21.7
34	36.8
32	23.7
76	50.0
16	53.4
323	43.4
275	45.7
82	21.7
315	37.3
228	36.1
205	45.3
282	69.1
115	-1.3
264
218	Butler	BE	3	0–3
0–1	111.6
67	118.0
301	.3441
218	52.4
110	60.8
317	14.7
75	18.2
115	18.8
303	33.3
250	23.2
282	42.0
269	50.5
138	55.6
277	36.6
124	46.6
318	42.3
101	36.9
128	66.2
216	-1.1
256
219	IU Indy	Horz	1	0–1
0–0	88.8
307	94.0
50	.3412
219	50.8
147	47.4
92	22.3
300	13.6
277	18.9
301	23.9
79	13.8
330	14.5
4	55.3
51	51.1
199	29.6
243	27.6
38	41.5
117	38.2
150	73.9
20	+0.00
77
220	Eastern Michigan	MAC	2	0–2
0–1	93.8
283	99.3
106	.3405
220	39.3
317	52.1
211	19.3
242	25.1
9	31.1
104	34.5
277	31.1
171	37.2
221	44.1
268	45.8
84	20.0
321	39.1
258	34.0
243	48.9
311	58.8
331	-1.3
266
221	Saint Francis	NEC	4	2–2
0–0	106.8
147	113.2
267	.3380
221	49.4
181	54.5
253	15.4
101	14.3
258	33.6
66	28.6
176	36.3
95	30.7
139	45.7
238	54.9
270	38.6
82	36.0
208	29.9
295	38.5
157	66.3
212	-0.9
221
222	Saint Peter's	MAAC	2	1–1
0–0	103.4
189	109.8
246	.3333
222	60.8
9	50.0
151	23.8
313	11.5
317	25.0
213	20.3
43	39.8
57	34.5
193	63.8
3	46.6
103	37.1
113	37.8
237	37.6
181	33.6
73	61.8
318	-0.8
190
223	Binghamton	AE	2	1–1
0–0	111.1
76	118.2
302	.3289
223	53.2
93	56.9
292	18.2
206	15.0
238	25.0
213	34.4
275	22.2
293	26.7
91	48.3
190	52.9
240	39.6
67	41.7
290	44.4
68	41.4
227	63.6
292	-0.22
92
224	Sam Houston St.	Slnd	4	1–3
1–1	115.9
40	123.4
315	.3288
224	51.8
127	58.5
304	15.5
106	14.4
252	38.5
14	28.5
174	19.2
311	43.4
280	51.0
129	52.8
235	35.2
154	44.7
309	42.0
111	40.1
197	63.1
306	-1.8
312
225	Cal St. Northridge	BW	4	0–4
0–2	102.5
201	109.3
239	.3219
225	47.7
219	50.0
151	12.0
26	15.4
223	23.3
244	32.5
244	29.0
198	37.5
225	45.4
246	47.1
113	35.5
147	37.3
228	29.3
301	32.8
61	75.1
9	-2.2
324
Rk	Team	Conf	G	Rec	AdjOE	AdjDE	Barthag	Efg%	EfgD%	TOR	TORD	ORB	DRB	FTR	FTRD	2P%	2P%D	3P%	3P%D	3PR	3PRD	Adj T.	WAB
226	Norfolk St.	MEAC	5	3–2
0–1	98.1
237	104.8
182	.3206
226	47.1
241	50.3
161	16.5
139	21.3
40	33.3
68	32.4
239	35.8
98	34.1
187	44.1
268	45.5
74	34.8
160	38.5
250	37.1
188	39.9
192	68.8
127	-1.8
313
227	Cal Baptist	WAC	3	1–2
1–1	99.7
227	106.5
202	.3186
227	43.3
292	46.1
64	15.0
81	12.0
309	30.4
117	28.6
176	32.0
154	36.3
209	41.4
297	43.2
40	30.4
233	35.2
184	44.4
68	30.2
33	65.5
240	-0.13
86
228	La Salle	A10	3	1–2
1–1	94.2
277	100.9
133	.3119
228	40.6
308	48.5
124	18.2
206	16.2
197	28.7
150	29.7
202	21.8
298	31.5
151	42.4
288	46.5
101	25.9
292	35.2
184	50.0
22	32.1
54	66.1
218	-1.1
257
229	Texas Southern	SWAC	6	4–2
1–1	105.8
159	113.4
271	.3112
229	56.0
43	50.9
179	20.8
267	19.3
93	36.2
36	30.8
219	51.1
14	34.1
187	57.7
28	50.6
183	34.8
160	34.2
161	31.3
277	38.3
155	75.6
6	-1.8
310
230	Robert Morris	NEC	3	2–1
0–0	101.4
210	108.8
230	.3080
230	50.8
147	59.6
308	20.0
251	26.1
7	35.9
38	22.5
60	25.7
248	35.1
198	41.9
294	60.0
309	43.2
24	39.3
259	38.7
160	40.4
201	66.2
216	-0.8
192
231	Manhattan	MAAC	2	1–1
0–0	95.8
262	102.9
161	.3054
231	44.5
282	50.5
167	18.7
226	22.8
24	33.9
61	31.0
224	45.0
32	41.5
267	50.0
147	47.5
125	25.0
295	37.1
226	44.0
75	37.2
132	57.8
333	-0.9
218
232	Appalachian St.	SB	3	1–2
1–1	101.4
209	109.0
233	.3029
232	52.3
113	56.4
287	16.7
143	16.7
177	25.2
211	24.5
90	30.3
182	20.0
26	52.7
92	54.2
262	34.5
164	40.3
274	48.0
39	34.4
88	70.9
66	-1.7
299
233	Weber St.	BSky	4	2–2
1–1	94.5
276	101.7
141	.2997
233	48.7
195	47.3
89	11.9
23	20.1
69	17.3
306	28.4
169	40.5
52	31.6
152	49.4
168	46.3
96	31.6
216	32.6
122	33.3
253	38.9
166	73.8
23	-1.6
297
234	Georgetown	BE	4	1–3
1–1	100.2
223	108.0
222	.2980
234	45.9
257	50.6
168	16.3
133	13.5
282	22.4
260	29.4
197	46.8
26	43.5
281	45.2
250	47.1
113	31.6
216	36.8
218	34.2
237	43.1
258	71.2
55	-0.48
125
235	William & Mary	CAA	1	0–1
0–0	120.2
19	129.9
327	.2914
235	58.7
23	65.5
329	11.1
15	12.7
298	25.0
213	27.6
157	42.3
44	32.7
165	63.0
5	48.4
136	36.0
138	58.3
333	48.1
36	43.6
265	67.6
164	-0.9
232
236	Sacramento St.	BSky	4	2–2
1–1	97.2
248	105.2
190	.2887
236	52.2
117	54.4
250	21.4
285	21.7
34	27.1
182	29.0
188	25.8
246	23.9
56	51.1
125	53.3
250	36.0
138	37.4
233	38.2
168	40.3
198	68.6
136	-1.5
288
237	Monmouth	MAAC	4	3–1
0–0	101.1
216	109.7
243	.2813
237	51.9
125	53.0
228	15.4
101	17.6
139	29.9
125	22.7
64	40.8
51	43.5
281	53.4
75	49.5
160	31.6
216	37.4
233	24.5
325	53.7
328	69.1
115	-0.7
158
238	Coastal Carolina	SB	4	2–2
1–1	96.7
253	105.1
187	.2777
238	45.7
261	49.8
149	18.5
217	16.0
206	37.3
22	23.0
69	37.7
76	33.8
181	46.3
230	47.3
120	30.0
239	35.3
187	40.5
129	44.2
272	70.4
80	-1.7
299
239	James Madison	CAA	2	1–1
0–0	104.9
173	114.0
278	.2756
239	53.7
83	57.8
300	18.9
230	21.3
40	37.1
28	38.2
316	30.3
182	38.8
242	47.6
202	63.0
321	48.1
6	30.0
81	24.8
323	29.1
26	66.0
222	-0.6
152
240	Holy Cross	Pat	1	0–1
0–0	96.6
255	105.3
192	.2711
240	49.2
186	59.6
308	15.7
111	17.1
158	16.7
314	17.2
18	16.4
319	19.3
21	55.8
48	51.6
207	22.2
312	46.2
315	29.5
298	45.6
288	67.4
169	-0.7
169
241	Princeton	Ivy	3	0–3
0–2	92.8
286	101.3
137	.2660
241	44.8
276	52.8
220	19.9
250	14.9
240	25.0
213	17.0
17	28.6
206	32.8
166	50.5
138	54.6
266	24.7
300	32.8
129	42.3
101	32.8
61	70.8
69	-2.2
322
242	New Orleans	Slnd	5	2–3
0–1	104.3
180	114.0
277	.2653
242	50.5
153	53.7
240	20.6
260	18.3
113	34.8
51	35.4
295	33.8
122	46.8
311	50.5
138	53.0
242	33.7
174	36.9
219	31.1
279	29.6
28	68.4
141	-1.4
275
243	North Dakota	Sum	1	0–1
0–0	104.5
178	114.5
283	.2576
243	56.0
43	47.7
98	10.3
11	8.8
329	15.6
321	35.9
301	29.3
196	31.8
156	56.4
40	50.0
164	36.8
118	27.8
41	32.8
259	27.3
17	67.6
164	-0.8
210
244	Southern Utah	BSky	4	2–2
0–1	95.2
272	104.5
178	.2554
244	52.8
99	53.6
234	20.9
272	19.5
87	20.3
286	20.9
51	37.5
78	36.8
215	46.2
233	55.5
274	43.8
18	34.5
169	33.8
248	50.0
314	72.5
34	-1.6
292
245	Massachusetts	A10	3	1–2
1–1	105.3
166	115.6
291	.2552
245	52.7
104	50.8
173	21.2
280	13.2
288	38.2
15	31.3
226	28.4
210	39.0
246	50.0
147	55.5
274	38.0
99	27.1
30	38.8
158	31.6
45	69.1
115	-1.4
283
246	East Carolina	Amer	2	0–2
0–1	102.6
198	112.7
265	.2542
246	50.0
162	53.6
234	18.1
204	17.3
147	21.9
268	34.9
286	36.5
93	41.4
266	47.2
215	60.6
314	37.5
107	27.5
34	30.8
283	36.0
109	65.8
228	-1.4
276
247	Coppin St.	MEAC	3	2–1
1–0	101.0
217	110.9
250	.2540
247	56.0
43	41.3
13	25.4
325	12.5
302	36.4
34	30.7
215	57.2
3	30.5
131	50.6
135	32.9
1	41.7
34	40.6
280	45.3
61	30.0
31	69.7
96	-0.9
222
248	Northern Colorado	BSky	3	1–2
1–1	97.8
240	107.6
216	.2503
248	52.7
104	53.9
245	20.4
255	18.6
106	21.7
272	20.8
48	40.2
54	33.9
183	52.6
95	49.0
151	35.2
154	40.9
282	53.7
13	39.3
176	66.4
206	-1.8
306
249	Towson	CAA	1	0–1
0–0	107.4
134	118.2
303	.2492
249	60.2
11	57.3
296	26.5
328	17.1
158	37.5
20	28.6
176	36.7
90	52.1
321	67.6
1	53.1
246	25.0
295	43.8
306	24.5
325	33.3
65	67.2
181	-0.9
236
250	Hampton	BSth	1	0–1
0–0	108.3
115	119.3
309	.2472
250	51.7
128	50.8
173	8.7
2	7.3
332	15.6
321	25.7
115	31.0
172	44.3
290	50.0
147	50.0
164	36.4
127	34.5
169	37.9
175	47.5
299	70.8
69	-0.8
215
Rk	Team	Conf	G	Rec	AdjOE	AdjDE	Barthag	Efg%	EfgD%	TOR	TORD	ORB	DRB	FTR	FTRD	2P%	2P%D	3P%	3P%D	3PR	3PRD	Adj T.	WAB
251	Washington St.	P12	3	0–3
0–2	99.2
231	109.4
240	.2434
251	47.2
238	56.2
286	25.1
321	16.4
189	29.1
143	33.0
248	27.8
218	25.8
75	46.4
229	55.2
272	32.1
208	38.6
253	48.1
36	37.6
136	72.3
37	-1.8
311
252	North Texas	CUSA	3	1–2
0–1	86.8
315	95.8
67	.2413
252	42.1
294	44.3
37	26.0
327	16.3
191	36.4
34	26.1
123	27.1
227	44.3
290	40.2
304	45.5
74	29.4
246	28.1
46	48.0
39	34.1
85	63.6
292	-1.4
279
253	Jackson St.	SWAC	3	2–1
2–0	97.2
249	107.6
217	.2367
253	50.0
162	43.5
28	17.2
165	17.2
149	29.5
131	26.7
136	52.8
11	40.9
262	49.1
174	42.2
27	35.3
151	31.1
93	23.9
328	29.2
27	62.8
312	-1.0
246
254	Western Michigan	MAC	2	0–2
0–1	94.0
279	104.2
174	.2354
254	44.6
279	53.5
231	16.9
149	11.5
317	32.2
87	19.5
35	21.0
302	28.9
113	50.6
135	52.6
231	23.6
309	36.5
217	39.9
139	40.6
209	70.7
73	-1.5
286
255	UC Riverside	BW	3	1–2
1–1	96.6
256	107.3
213	.2297
255	50.6
151	54.8
263	21.8
292	12.7
298	23.5
241	19.4
32	19.1
313	19.9
25	45.7
238	51.9
214	38.5
86	40.0
267	41.4
118	36.1
112	62.9
310	-1.3
265
256	Oral Roberts	Sum	1	0–1
0–0	113.7
57	126.4
322	.2283
256	50.9
144	71.4
331	17.3
172	14.2
260	39.5
8	21.7
53	40.4
53	85.7
333	42.4
288	68.2
330	41.7
34	50.0
322	42.1
107	47.6
300	66.0
222	-0.9
216
257	Illinois St.	MVC	2	1–1
0–0	91.1
294	101.3
136	.2277
257	38.5
320	46.3
68	17.4
179	16.6
181	30.9
110	27.5
155	45.3
30	43.1
277	39.3
310	43.1
39	24.2
303	35.1
180	28.2
310	33.9
80	67.4
169	-0.6
154
258	UNC Wilmington	CAA	2	1–1
0–0	105.1
169	117.4
297	.2187
258	51.3
136	54.5
253	13.6
51	12.9
292	25.0
213	30.7
215	34.2
116	22.7
43	51.1
125	48.1
132	34.5
164	43.1
300	24.8
323	38.6
158	70.7
73	-0.6
151
259	Lehigh	Pat	2	1–1
0–0	97.8
241	109.3
235	.2178
259	44.6
279	54.2
247	19.2
241	18.0
123	23.2
247	19.1
29	53.2
8	43.7
284	49.3
169	63.9
324	23.7
308	29.3
67	34.2
237	48.7
309	75.5
7	-0.6
153
260	Northern Arizona	BSky	2	1–1
1–0	100.5
222	112.4
259	.2175
260	50.4
155	60.1
311	19.6
247	19.6
86	31.0
107	13.1
7	32.5
150	29.4
118	42.6
286	49.2
159	40.8
43	50.0
322	41.9
112	42.2
244	67.5
167	-0.7
157
261	North Carolina Central
   16 seed, R68	MEAC	5	3–2
0–1	98.0
238	109.5
241	.2172
261	47.7
219	47.8
102	21.2
280	15.4
223	36.2
36	28.1
164	33.5
129	31.3
150	48.8
179	47.3
120	30.8
228	32.6
122	39.1
150	31.6
45	62.9
310	-0.7
184
262	Fordham	A10	3	1–2
1–1	87.2
313	97.6
89	.2152
262	41.5
298	40.9
9	13.0
42	12.4
304	23.3
244	30.7
215	23.2
282	24.2
58	37.1
323	37.1
4	31.9
211	32.3
115	40.7
127	33.3
65	64.8
258	-1.5
289
263	Ohio	MAC	2	1–1
1–0	90.1
299	100.9
130	.2141
263	41.5
298	48.0
106	17.5
183	16.0
206	25.4
208	26.0
122	49.1
21	20.2
27	51.5
119	44.7
61	15.8
329	35.4
193	35.8
213	38.7
160	70.6
76	-0.6
135
264	Evansville	MVC	1	0–1
0–0	86.2
316	96.7
78	.2100
264	35.2
326	38.8
2	14.4
63	14.4
252	29.5
131	29.3
194	36.1
96	51.7
317	30.6
330	36.7
2	28.0
269	33.3
133	41.0
125	15.5
2	70.3
82	-0.9
223
265	Texas A&M Corpus Chris	Slnd	3	2–1
2–0	90.4
297	101.5
139	.2076
265	49.1
188	41.0
12	20.6
260	13.9
268	28.6
153	30.0
203	20.6
306	37.0
219	49.5
164	39.2
11	32.3
204	28.9
60	37.6
181	43.9
268	62.3
315	-0.8
214
266	Niagara	MAAC	1	0–1
0–0	102.0
205	114.6
285	.2073
266	49.0
193	48.4
118	17.9
196	12.4
304	15.6
321	24.3
86	52.9
10	42.6
274	43.5
274	48.1
132	35.7
145	33.3
133	54.9
7	14.8
1	73.0
31	-0.9
238
267	Stony Brook	AE	2	0–2
0–0	96.4
258	108.4
227	.2068
267	44.8
276	50.4
164	20.4
255	18.5
108	28.6
153	24.7
93	38.9
60	60.5
331	45.3
248	48.6
143	29.4
246	35.7
199	40.5
129	36.8
126	75.1
9	-1.0
251
268	Charlotte	CUSA	2	1–1
1–1	102.0
203	114.8
287	.2048
268	49.6
177	52.5
218	12.6
35	13.3
286	25.7
205	23.9
79	37.9
71	25.2
68	50.0
147	47.4
123	32.7
194	41.5
287	44.8
65	34.5
90	65.3
247	-0.8
200
269	Eastern Illinois	OVC	1	0–1
0–0	101.8
207	114.5
282	.2046
269	50.8
147	52.7
219	24.5
318	19.9
74	52.8
1	45.5
328	26.7
236	44.6
295	58.8
21	64.7
327	26.9
281	22.7
11	43.3
91	39.3
176	64.7
261	-0.9
235
270	Montana St.	BSky	4	1–3
0–2	110.1
89	124.1
316	.2009
270	56.0
43	53.1
230	17.7
187	13.6
277	30.0
123	35.2
291	29.6
190	32.4
160	51.8
113	55.8
282	40.2
55	33.0
132	49.6
26	42.7
251	66.3
212	-2.6
331
271	Dartmouth	Ivy	2	0–2
0–2	88.5
308	99.9
113	.1980
271	41.1
304	60.9
318	21.3
283	18.4
110	29.2
141	7.8
2	23.7
275	21.8
36	56.6
37	65.2
328	2.9
332	34.4
166	29.7
296	31.7
47	68.2
148	-1.6
293
272	Rider	MAAC	1	0–1
0–0	118.5
30	133.9
329	.1971
272	51.5
132	79.1
333	15.0
81	19.5
87	43.6
4	11.8
4	25.4
251	53.5
324	54.5
61	72.7
333	30.4
233	57.1
332	34.3
234	48.8
310	74.6
14	-0.9
228
273	Morehead St.	OVC	2	1–1
0–0	102.0
206	115.2
289	.1967
273	55.2
54	52.0
207	14.1
58	16.2
197	15.2
324	35.2
291	33.0
142	33.1
168	58.5
24	46.8
107	34.0
169	40.4
276	43.5
86	37.9
142	69.5
103	-0.7
172
274	Cal St. Fullerton	BW	4	2–2
0–1	100.1
226	113.5
272	.1908
274	48.6
197	54.5
253	17.9
196	17.2
149	25.8
202	30.6
213	38.1
67	30.5
131	51.0
129	52.5
230	28.6
261	39.7
266	30.0
293	28.3
21	65.5
240	-1.3
269
275	Hartford	AE	2	1–1
0–0	106.3
152	120.7
311	.1883
275	53.4
88	52.0
207	15.2
89	16.6
181	26.0
199	33.8
262	47.4
24	37.7
228	54.2
67	53.0
242	35.1
156	33.3
133	49.1
31	32.0
52	64.6
266	-0.8
199
Rk	Team	Conf	G	Rec	AdjOE	AdjDE	Barthag	Efg%	EfgD%	TOR	TORD	ORB	DRB	FTR	FTRD	2P%	2P%D	3P%	3P%D	3PR	3PRD	Adj T.	WAB
276	Houston Christian	Slnd	3	1–2
1–1	110.6
81	125.7
320	.1864
276	52.9
95	63.7
325	9.9
7	18.4
110	26.9
185	28.4
169	51.3
12	37.8
231	48.8
179	64.3
325	40.6
46	41.3
285	33.9
246	26.7
15	76.2
4	-1.7
304
277	Siena	MAAC	2	1–1
0–0	107.2
138	122.1
312	.1840
277	58.8
22	54.2
247	14.8
77	14.0
266	16.7
314	34.8
281	29.4
194	29.2
115	56.6
37	53.2
248	40.8
43	37.2
227	48.0
39	35.8
108	60.4
325	-0.8
201
278	UC Davis	BW	3	0–3
0–2	97.7
242	111.3
256	.1824
278	54.4
70	55.7
278	17.2
165	22.5
27	18.3
304	25.9
120	22.4
291	38.9
243	58.4
25	54.6
266	28.9
257	38.3
246	26.5
315	38.2
150	68.2
148	-2.8
333
279	Marist	MAAC	1	0–1
0–0	100.8
220	114.9
288	.1819
279	50.0
162	57.4
297	15.0
81	21.0
43	21.2
275	16.7
14	25.0
257	46.8
311	43.2
276	64.3
325	42.1
30	31.6
98	33.9
246	40.4
201	63.2
304	-1.0
242
280	Southern	SWAC	3	1–2
1–1	97.3
247	111.2
254	.1778
280	55.1
56	50.9
179	23.1
306	17.8
131	26.1
197	36.0
302	32.9
143	52.0
319	54.5
61	52.3
227	37.3
108	32.3
115	37.3
185	36.3
116	64.1
281	-1.4
282
281	SIU Edwardsville	OVC	1	0–1
0–0	87.7
311	100.8
126	.1685
281	50.8
147	54.4
250	21.9
293	17.8
131	23.5
241	12.9
6	16.7
317	28.1
106	48.8
179	57.9
299	36.8
118	31.6
98	31.7
274	33.3
65	73.5
25	-0.9
231
282	South Carolina St.	MEAC	3	1–2
0–1	101.4
211	116.6
295	.1666
282	53.4
88	49.2
138	23.3
309	16.0
206	31.8
94	32.4
239	57.5
2	35.8
202	50.5
138	56.5
292	39.2
70	27.6
38	34.9
224	48.6
308	67.2
181	-1.9
317
283	Quinnipiac	MAAC	2	0–2
0–0	127.8
7	147.5
333	.1618
283	61.4
7	60.7
316	15.3
97	7.3
332	28.6
153	29.2
192	34.2
116	44.3
290	54.9
55	58.0
301	44.4
16	43.9
307	55.3
5	33.6
73	69.3
107	-0.9
238
284	High Point	BSth	1	0–1
0–0	98.8
235	114.3
281	.1575
284	49.1
188	56.0
284	16.7
143	15.2
228	28.6
153	25.0
100	29.8
188	52.0
319	43.2
276	59.4
307	40.0
56	33.3
133	35.1
220	36.0
109	66.1
218	-0.8
204
285	San Francisco	WCC	1	0–1
0–0	99.5
228	115.3
290	.1546
285	47.6
222	61.4
322	20.6
260	15.1
232	34.9
49	21.9
55	33.3
131	43.9
285	52.5
98	48.3
135	26.1
290	50.0
322	36.5
201	49.1
313	69.9
91	-0.8
196
286	Little Rock	SB	2	0–2
0–2	89.8
303	104.3
177	.1518
286	52.5
107	51.7
200	23.8
313	14.7
247	19.0
300	23.7
76	46.0
28	39.3
250	54.5
61	53.7
256	32.4
200	33.3
133	34.0
243	53.8
329	70.0
89	-1.8
307
287	Rice	CUSA	3	1–2
1–1	101.4
212	117.7
299	.1513
287	49.7
174	54.7
260	19.0
235	15.6
216	30.4
117	26.5
130	33.3
131	32.6
161	44.7
260	52.7
233	38.2
91	38.0
240	39.8
141	45.9
292	68.8
127	-1.7
303
288	Colorado St.	MWC	2	0–2
0–1	90.0
300	104.6
181	.1510
288	47.3
232	54.8
263	18.3
210	19.1
96	23.5
241	20.8
48	15.2
324	38.3
237	50.0
147	56.1
286	29.2
252	35.1
180	42.9
95	39.4
178	63.7
289	-1.6
295
289	George Washington	A10	4	1–3
0–2	90.2
298	105.5
196	.1421
289	39.9
314	48.9
133	13.4
48	15.7
214	29.4
133	26.4
128	31.7
159	32.6
161	39.9
306	45.5
74	26.7
284	35.7
199	30.9
282	42.6
250	65.8
228	-2.5
329
290	Georgia	SEC	3	0–3
0–2	80.6
325	95.0
62	.1326
290	33.5
330	44.6
43	22.0
295	15.5
221	20.7
279	32.4
239	59.9
1	43.5
281	38.3
316	44.6
57	18.0
327	29.8
78	43.0
94	28.0
20	67.8
160	-1.7
301
291	Cal St. Bakersfield	WAC	3	0–3
0–2	94.0
282	111.1
252	.1267
291	41.2
303	51.9
205	21.4
285	15.1
232	40.5
6	22.9
67	32.0
154	46.0
307	40.8
300	48.9
149	28.2
268	37.3
228	21.5
330	41.6
235	64.7
261	-2.2
323
292	Portland	WCC	1	0–1
0–0	84.3
320	100.1
115	.1223
292	40.0
313	50.0
151	23.8
313	14.3
258	11.8
332	22.6
61	35.6
102	30.2
125	28.1
331	51.6
207	46.2
10	31.8
104	28.9
305	41.5
230	63.9
285	-0.7
161
293	Drexel	CAA	1	0–1
0–0	88.2
309	104.9
183	.1199
293	44.9
273	57.1
295	22.0
295	17.6
139	32.4
82	20.7
46	23.7
275	21.4
34	47.5
205	62.2
320	26.3
287	31.6
98	32.2
265	33.9
80	70.9
66	-0.8
187
294	Bryant	NEC	1	0–1
0–0	87.3
312	104.1
170	.1176
294	47.3
232	51.9
205	17.0
153	18.5
108	22.9
254	31.3
226	29.1
197	35.8
202	50.0
147	55.6
277	28.6
261	29.4
70	38.2
168	32.1
54	64.6
266	-0.8
212
295	Fairfield	MAAC	1	0–1
0–0	95.6
265	114.1
280	.1161
295	48.9
194	43.2
23	24.8
320	15.9
210	33.3
68	25.9
120	36.4
94	54.5
326	37.9
317	56.5
292	46.7
9	19.0
5	34.1
241	47.7
302	62.0
317	-1.0
247
296	Miami OH	MAC	2	0–2
0–1	88.0
310	105.0
185	.1152
296	32.1
332	55.8
279	21.6
289	18.7
103	35.1
46	15.5
10	35.8
98	36.9
216	31.7
329	51.0
195	21.7
315	40.4
276	48.8
33	50.5
320	69.6
99	-1.3
271
297	Stephen F. Austin	Slnd	1	0–1
0–1	95.9
260	114.7
286	.1132
297	50.0
162	48.4
118	19.0
235	19.0
100	27.3
178	48.6
332	26.5
238	16.4
10	20.8
333	39.4
12	52.0
3	39.3
259	51.0
18	45.9
292	59.1
328	-0.9
229
298	Vanderbilt	SEC	3	0–3
0–2	94.2
278	112.7
264	.1130
298	41.7
297	61.0
320	24.6
319	18.7
103	37.3
22	39.1
320	31.4
163	26.2
84	45.2
250	52.2
223	25.0
295	52.7
330	46.2
54	32.7
60	60.8
321	-1.6
290
299	Winthrop	BSth	1	0–1
0–0	89.5
304	107.4
214	.1093
299	41.5
298	59.3
307	23.2
308	17.7
137	27.5
173	20.0
40	30.5
180	28.8
112	37.9
317	47.2
117	30.0
239	52.2
329	50.8
21	39.0
170	71.9
41	-0.8
208
300	Elon	CAA	1	0–1
0–0	105.1
170	126.4
321	.1068
300	51.4
133	60.5
314	14.9
79	14.9
240	37.2
24	33.3
250	23.6
278	37.1
220	46.8
219	60.0
309	40.0
56	40.9
282	34.7
225	35.5
103	72.7
33	-0.9
233
Rk	Team	Conf	G	Rec	AdjOE	AdjDE	Barthag	Efg%	EfgD%	TOR	TORD	ORB	DRB	FTR	FTRD	2P%	2P%D	3P%	3P%D	3PR	3PRD	Adj T.	WAB
301	Albany	AE	1	0–1
0–0	92.2
288	111.2
255	.1034
301	51.1
142	51.0
187	23.3
309	16.6
181	13.0
331	21.4
52	22.2
293	33.3
173	52.4
103	58.6
305	33.3
176	26.3
27	53.3
15	39.6
183	63.0
307	-0.8
209
302	Western Carolina	SC	1	0–1
0–0	108.0
122	131.1
328	.0972
302	48.5
199	61.2
321	8.2
1	8.2
330	24.4
228	19.4
32	32.8
145	51.7
317	51.2
123	44.8
63	29.2
252	51.7
327	35.8
213	50.0
314	68.8
127	-0.9
240
303	Maine	AE	1	0–1
0–0	101.1
214	122.9
314	.0957
303	54.7
62	60.4
313	22.4
301	17.2
149	16.0
319	34.6
279	30.2
186	39.6
254	48.1
191	60.7
315	43.8
18	40.0
267	37.2
187	41.7
236	60.4
325	-0.47
122
304	Air Force	MWC	3	1–2
0–1	89.9
302	109.3
236	.0957
304	48.4
204	55.2
273	19.0
235	14.5
250	19.8
289	18.2
21	29.4
194	19.8
24	53.1
83	50.0
164	29.1
255	39.6
265	49.4
28	55.8
331	66.5
203	-1.2
262
305	Boston College	ACC	2	0–2
0–1	90.6
296	111.2
253	.0867
305	34.9
327	48.4
118	15.6
109	17.1
158	29.7
129	43.6
327	37.8
75	29.7
121	37.3
322	46.6
103	20.5
319	35.0
176	37.0
190	31.3
41	65.9
227	-1.4
277
306	Canisius	MAAC	2	1–1
0–0	94.5
275	116.1
294	.0863
306	45.8
259	48.1
109	18.5
217	20.7
50	24.6
222	36.9
309	37.0
84	46.7
310	52.9
86	46.7
105	22.5
311	34.4
166	37.0
190	29.9
30	67.1
187	-0.9
227
307	American	Pat	1	0–1
0–0	83.5
322	102.6
155	.0851
307	40.2
312	53.6
234	12.5
32	25.1
9	26.2
196	12.5
5	16.4
319	50.0
315	53.8
70	58.1
302	20.0
321	27.3
31	57.4
4	26.2
13	65.0
252	-1.0
245
308	Stanford	P12	2	0–2
0–1	80.4
326	98.9
104	.0849
308	39.6
315	46.6
76	18.0
201	16.7
177	32.7
77	25.3
106	24.3
265	46.2
308	44.8
258	38.8
8	20.8
317	44.1
308	37.9
175	28.6
23	72.9
32	-1.6
296
309	Idaho	BSky	3	0–3
0–2	91.1
293	112.6
262	.0808
309	47.6
222	55.9
280	18.3
210	12.6
301	20.4
281	26.2
125	31.5
161	33.3
173	42.7
283	58.8
306	37.9
102	35.0
176	34.5
229	45.2
279	67.2
181	-2.6
332
310	Sacred Heart	NEC	1	0–1
0–0	84.5
318	105.3
191	.0738
310	38.1
322	53.8
242	16.7
143	23.6
19	32.6
79	18.2
21	34.9
110	34.0
186	47.7
199	41.4
20	10.5
330	45.8
313	30.2
289	45.3
282	69.0
119	-1.0
243
311	Alabama St.	SWAC	4	1–3
0–2	95.2
270	118.9
308	.0720
311	43.8
288	55.5
275	18.6
221	18.6
106	29.9
125	29.3
194	44.2
34	44.1
288	46.3
230	54.2
262	26.0
291	39.3
259	34.4
231	26.5
14	67.3
175	-2.6
330
312	Incarnate Word	Slnd	2	0–2
0–2	110.4
85	138.0
331	.0714
312	66.2
2	65.3
327	20.4
255	9.1
328	14.3
329	27.0
143	28.6
206	45.5
301	61.2
10	61.3
318	50.0
4	47.8
320	36.2
204	38.0
147	68.7
132	-1.6
291
313	Idaho St.	BSky	3	1–2
1–1	97.9
239	125.1
318	.0565
313	50.0
162	57.8
300	17.1
159	14.7
247	22.8
256	29.0
188	35.1
107	33.5
178	53.7
71	46.8
107	30.1
237	50.0
322	43.5
86	39.1
172	69.7
96	-1.9
314
314	Alcorn St.	SWAC	3	0–3
0–2	95.1
273	122.4
313	.0522
314	47.9
214	58.6
305	25.3
324	12.7
298	29.4
133	33.3
250	34.7
112	44.4
294	44.2
267	62.1
319	37.0
114	35.2
184	32.3
262	38.0
147	69.2
110	-2.4
327
315	Cal Poly	BW	2	0–2
0–2	106.1
155	136.8
330	.0511
315	48.0
211	59.6
308	9.5
3	10.2
324	19.8
289	46.1
330	43.9
36	21.9
37	43.2
276	57.9
299	38.1
94	43.2
302	34.1
241	24.5
9	76.4
3	-1.7
302
316	Santa Clara	WCC	1	0–1
0–0	76.8
330	99.4
107	.0495
316	34.3
329	52.9
225	21.0
276	21.0
43	26.1
197	25.8
116	27.8
218	23.5
50	26.7
332	44.4
54	29.2
252	41.7
290	44.4
68	47.1
298	62.7
314	-0.7
161
317	Savannah St.	MEAC	2	1–1
1–0	92.2
287	120.1
310	.0458
317	46.9
245	48.4
118	20.5
258	19.9
74	39.0
13	32.9
247	35.4
105	41.1
264	51.7
114	41.8
23	28.6
261	40.0
267	53.8
11	36.3
116	74.8
12	-0.9
241
318	Bethune Cookman	MEAC	2	0–2
0–1	77.4
329	100.9
132	.0455
318	42.2
293	49.1
136	27.6
329	24.4
14	35.6
40	28.6
176	27.1
227	35.9
204	43.8
272	49.0
151	26.5
286	33.3
133	38.0
173	17.9
3	77.7
1	-1.9
319
319	Indiana St.	MVC	1	0–1
0–0	87.1
314	113.5
273	.0450
319	41.4
301	47.4
92	18.9
230	10.2
324	16.7
314	26.5
130	13.8
330	46.6
309	45.5
242	52.3
227	24.0
307	21.4
7	43.1
93	24.1
8	71.7
47	-0.9
226
320	The Citadel	SC	1	0–1
0–0	97.7
243	127.6
324	.0442
320	47.3
232	70.5
330	22.6
305	16.0
206	35.4
42	22.7
64	6.8
333	44.6
295	53.6
72	71.9
332	28.9
257	45.8
313	61.6
1	42.9
253	73.5
25	-0.8
194
321	Delaware St.	MEAC	3	1–2
0–1	85.4
317	111.8
257	.0432
321	40.3
309	49.4
145	15.3
97	24.4
14	31.1
104	36.5
305	25.5
249	35.9
204	40.3
302	52.2
223	26.9
281	30.7
89	34.2
237	44.9
278	69.6
99	-1.9
316
322	San Jose St.	MWC	3	0–3
0–2	96.9
252	126.9
323	.0430
322	49.1
188	65.3
327	17.3
172	11.9
313	17.0
309	27.3
151	35.5
104	42.1
271	45.6
241	60.5
313	35.4
149	46.4
316	47.7
46	53.0
327	73.1
29	-2.4
326
323	UTEP	CUSA	2	0–2
0–2	75.7
331	100.8
129	.0355
323	34.8
328	43.0
20	15.8
116	21.4
39	26.4
192	40.5
323	30.4
181	26.1
81	37.9
317	41.1
18	20.4
320	31.0
92	42.6
99	36.5
123	63.5
295	-1.8
308
324	Alabama A&M	SWAC	2	0–2
0–2	91.6
290	124.2
317	.0293
324	38.1
322	55.9
280	13.7
53	18.9
101	32.9
73	35.8
299	16.1
322	40.4
258	38.8
313	52.7
233	24.2
303	45.0
311	28.0
311	21.3
4	58.4
332	-1.8
309
325	Chicago St.	WAC	2	0–2
0–1	78.6
328	107.0
210	.0280
325	40.9
306	52.8
220	21.3
283	17.8
131	10.4
333	29.6
200	38.4
65	36.3
209	44.6
261	60.7
315	20.0
321	30.2
82	25.3
319	50.8
321	74.5
15	-1.5
285
Rk	Team	Conf	G	Rec	AdjOE	AdjDE	Barthag	Efg%	EfgD%	TOR	TORD	ORB	DRB	FTR	FTRD	2P%	2P%D	3P%	3P%D	3PR	3PRD	Adj T.	WAB
326	Maryland Eastern Shore	MEAC	2	1–1
1–0	82.9
323	113.7
274	.0258
326	47.6
222	45.2
50	22.2
299	19.1
96	29.4
133	25.4
107	32.7
146	41.3
265	50.0
147	46.4
100	29.5
244	28.6
55	42.3
101	33.7
77	64.6
266	-1.0
248
327	McNeese St.	Slnd	2	0–2
0–2	83.7
321	118.2
304	.0186
327	38.3
321	50.8
173	15.2
89	15.2
228	23.7
239	36.1
304	25.2
253	18.0
15	46.8
219	45.5
74	18.4
326	40.0
267	44.1
73	36.9
128	63.7
289	-1.8
305
328	South Dakota	Sum	1	0–1
0–0	90.9
295	128.4
325	.0185
328	40.3
309	71.9
332	13.7
53	10.9
323	34.0
60	13.8
8	22.2
293	43.9
285	46.5
227	63.0
321	20.7
318	53.3
331	40.3
134	52.6
326	69.2
110	-0.8
205
329	Morgan St.	MEAC	2	0–2
0–1	91.6
291	129.4
326	.0185
329	39.1
318	60.1
311	10.2
9	26.4
5	26.7
189	37.1
310	33.3
131	54.8
328	33.3
328	54.4
265	35.9
143	44.7
309	28.3
308	45.2
279	71.1
58	-2.0
320
330	BYU	WCC	1	0–1
0–0	75.1
332	107.0
208	.0169
330	31.9
333	55.9
280	14.4
63	22.2
28	17.4
305	7.7
1	50.0
16	51.0
316	41.5
295	52.9
240	5.9
331	41.2
284	29.3
301	33.3
65	77.5
2	-0.7
161
331	Northwestern St.	Slnd	2	0–2
0–2	79.9
327	117.6
298	.0115
331	37.2
324	53.5
231	21.5
287	20.8
47	35.0
47	33.3
250	36.8
86	38.9
243	42.9
281	46.0
90	17.5
328	42.0
293	34.2
237	44.2
272	67.8
160	-1.9
315
332	Mississippi Valley St.	SWAC	1	0–1
0–1	89.0
306	145.4
332	.0035
332	36.3
325	60.9
318	23.1
306	15.4
223	47.7
2	51.6
333	30.6
178	23.4
49	36.7
324	56.3
290	23.1
310	50.0
322	21.0
331	25.0
10	67.0
190	-1.0
252
333	Wagner	NEC	1	0–1
0–0	72.4
333	118.8
306	.0034
333	32.8
331	63.7
325	32.0
333	22.8
24	44.4
3	45.5
328	13.1
332	39.2
248	35.5
326	63.3
323	20.0
321	42.9
298	49.2
29	41.2
224	66.9
193	-0.8
203