Rk	Team	Conf	G	Rec	AdjOE	AdjDE	Barthag	EFG%	EFGD%	TOR	TORD	ORB	DRB	FTR	FTRD	2P%	2P%D	3P%	3P%D	3PR	3PRD	Adj T.	WAB
1	Illinois
   1 seed, R32	B10	4	4–0
1–0	124.4
11	88.2
18	.9813
1	53.7
69	48.2
118	15.2
83	13.8
251	35.2
34	22.8
67	44.0
20	31.0
157	55.6
42	49.7
156	32.3
174	30.3
91	26.7
279	35.9
145	70.7
83	+2.7
1
2	Connecticut
   7 seed, R64	BE	3	2–1
1–0	127.2
4	91.1
38	.9789
2	51.6
104	44.9
49	13.8
47	19.6
91	36.8
21	31.3
215	32.6
114	32.2
174	52.8
89	41.5
24	32.9
165	36.2
174	36.3
155	26.6
15	68.6
143	+0.23
45
3	St. Bonaventure
   9 seed, R64	A10	3	3–0
0–0	121.2
17	86.9
13	.9785
3	50.8
126	41.9
13	15.7
94	18.3
131	36.9
20	27.5
148	22.8
237	29.9
141	53.7
73	41.1
22	30.2
205	29.1
70	34.2
190	32.9
91	65.0
243	+1.2
11
4	Gonzaga
   1 seed, Finals	WCC	2	2–0
0–0	128.1
3	92.0
48	.9782
4	59.2
15	46.5
83	14.2
56	14.9
229	25.8
171	20.3
34	31.9
124	14.8
8	57.7
23	50.0
158	41.5
45	27.1
50	34.5
185	37.5
178	73.4
28	+1.0
15
5	Loyola Chicago
   8 seed, Sweet Sixteen	MVC	3	3–0
0–0	119.7
21	86.0
11	.9781
5	60.5
9	45.5
60	20.2
221	16.9
174	25.6
175	18.9
24	23.0
232	18.1
21	52.6
94	44.0
57	49.1
6	32.6
122	37.5
129	29.7
35	62.9
280	+0.7
22
6	North Carolina
   8 seed, R64	ACC	4	3–1
1–0	117.8
31	86.9
14	.9707
6	51.7
102	45.9
67	18.4
181	20.4
67	43.7
3	28.9
175	36.4
72	29.6
131	49.2
146	46.5
98	38.3
70	29.8
83	30.7
235	34.6
119	73.9
19	+1.0
14
7	Ohio
   13 seed, R32	MAC	3	3–0
0–0	123.6
13	91.9
47	.9677
7	59.1
16	45.3
57	17.7
155	19.6
91	35.1
36	32.5
242	33.7
100	33.7
188	55.3
48	50.0
158	44.8
21	25.4
33	32.0
216	39.2
204	69.3
120	+1.0
16
8	Alabama
   2 seed, Sweet Sixteen	SEC	4	4–0
1–0	116.1
36	86.5
12	.9672
8	52.0
92	44.6
42	19.2
195	20.9
59	37.7
15	33.1
248	18.8
267	25.6
86	52.3
103	44.2
59	34.4
129	30.2
90	44.0
42	33.3
95	73.4
28	+2.0
3
9	Houston
   2 seed, Final Four	Amer	4	4–0
1–0	129.6
2	97.3
103	.9642
9	54.4
59	45.5
60	14.8
74	16.3
191	38.5
8	28.6
167	27.2
185	36.2
214	54.1
64	45.5
79	36.5
99	30.3
91	43.5
46	40.3
226	62.4
285	+1.5
6
10	Syracuse
   11 seed, Sweet Sixteen	ACC	2	1–1
0–0	133.3
1	100.8
138	.9613
10	59.0
18	48.7
129	14.2
56	19.0
106	36.7
22	38.8
288	22.2
243	31.0
157	54.5
57	45.9
89	43.1
30	34.6
152	43.6
44	46.0
278	67.9
168	+0.10
63
11	Iowa
   2 seed, R32	B10	4	3–1
2–0	118.8
26	90.8
35	.9564
11	52.3
87	48.2
118	13.3
39	17.1
169	25.0
187	21.6
49	23.3
227	17.7
19	57.8
21	46.8
103	30.0
209	33.7
141	42.8
56	37.1
165	71.7
59	+1.3
9
12	Tennessee
   5 seed, R64	SEC	3	2–1
1–0	110.7
70	84.8
7	.9552
12	49.2
150	43.4
30	21.5
247	23.4
21	37.4
17	33.3
249	24.7
210	31.8
167	53.0
83	41.7
26	28.4
227	30.8
96	36.8
139	37.6
182	68.1
159	+0.7
24
13	Georgetown
   12 seed, R64	BE	5	4–1
0–1	113.0
51	88.6
20	.9429
13	49.8
143	48.1
116	19.0
193	17.5
150	32.2
67	26.9
131	40.9
40	23.9
60	45.8
203	50.9
177	38.1
72	29.9
84	35.1
169	45.7
273	69.0
127	+1.9
4
14	Utah	P12	3	2–1
1–0	125.1
9	98.3
111	.9409
14	61.2
7	51.6
185	16.1
107	15.7
208	18.3
275	22.4
59	37.7
58	35.4
202	60.3
12	51.5
185	41.8
42	34.5
150	36.6
146	30.2
43	71.1
71	+0.19
51
15	California	P12	2	1–1
0–0	112.8
57	88.8
22	.9404
15	54.5
57	41.9
13	20.4
226	16.5
185	26.4
162	26.6
128	34.3
91	38.1
235	52.6
94	42.1
32	38.1
72	27.6
56	42.4
63	27.6
22	64.3
259	+0.16
56
16	Ohio St.
   2 seed, R64	B10	5	3–2
0–1	123.3
14	97.2
100	.9396
16	51.5
110	47.8
111	14.5
64	12.2
272	29.5
113	32.1
228	32.7
111	39.4
247	48.9
151	47.0
108	37.0
93	32.7
123	38.5
115	35.3
132	66.5
215	+1.2
10
17	Virginia
   4 seed, R64	ACC	2	2–0
1–0	126.5
7	100.7
135	.9329
17	55.1
48	45.2
55	14.5
64	8.5
297	31.5
77	31.5
220	21.5
246	29.8
138	66.7
1	40.5
16	28.0
232	37.1
192	46.7
24	30.7
49	59.5
300	+1.1
13
18	Winthrop
   12 seed, R64	BSth	2	2–0
0–0	112.7
60	89.7
27	.9324
18	59.3
14	46.8
88	17.8
159	23.0
28	33.3
54	24.3
83	30.1
149	26.9
107	66.7
1	47.9
123	31.8
184	29.7
80	38.9
107	34.3
112	71.4
64	+0.14
58
19	Texas
   3 seed, R64	B12	4	4–0
2–0	118.8
25	94.7
73	.9313
19	57.7
25	49.8
150	22.9
276	18.5
127	33.3
54	29.1
182	28.1
174	29.4
128	52.9
86	49.7
156	43.5
28	33.3
129	38.5
115	35.7
144	69.2
122	+2.1
2
20	Mississippi	SEC	3	2–1
1–0	107.5
101	85.9
9	.9300
20	48.5
168	43.9
33	19.6
205	16.0
201	37.9
11	27.1
138	31.0
137	32.1
171	48.0
164	44.6
65	33.3
149	28.3
64	28.1
268	32.1
72	62.0
288	+0.05
71
21	Memphis	Amer	3	1–2
0–1	109.6
81	87.6
16	.9294
21	51.2
118	45.6
62	20.2
221	19.7
89	28.4
132	32.4
236	41.7
34	39.2
246	50.0
126	46.9
105	35.6
109	29.3
71	36.2
157	43.9
264	72.5
45	-0.03
77
22	Baylor
   1 seed, CHAMPS	B12	4	3–1
2–0	127.0
6	102.0
157	.9255
22	56.1
34	53.6
223	21.4
245	20.0
78	40.2
4	30.2
202	28.2
172	33.0
179	52.8
89	49.3
153	40.6
51	41.7
253	40.3
83	32.1
72	68.3
152	+0.7
20
23	Abilene Christian
   14 seed, R32	Slnd	3	3–0
1–0	111.9
63	89.9
29	.9254
23	55.6
39	44.8
45	18.1
171	23.2
24	39.0
7	21.7
50	23.5
226	20.2
33	50.8
118	43.0
43	42.1
41	31.8
109	38.8
109	38.2
192	72.1
50	+0.15
57
24	Texas Tech
   6 seed, R32	B12	3	1–2
1–1	119.3
23	96.3
87	.9216
24	54.2
61	53.0
215	17.3
141	22.9
31	31.6
74	37.3
283	37.3
62	23.8
59	51.7
109	41.8
27	40.0
56	44.2
268	30.1
246	45.8
275	64.9
245	-0.37
101
25	LSU
   8 seed, R32	SEC	4	3–1
1–0	125.0
10	101.3
147	.9185
25	50.4
130	47.0
92	12.8
31	16.3
191	34.0
47	39.3
290	26.4
194	29.2
127	47.8
169	48.7
142	37.3
89	29.7
80	31.3
224	41.6
247	68.9
130	+1.4
7
Rk	Team	Conf	G	Rec	AdjOE	AdjDE	Barthag	Efg%	EfgD%	TOR	TORD	ORB	DRB	FTR	FTRD	2P%	2P%D	3P%	3P%D	3PR	3PRD	Adj T.	WAB
26	Michigan
   1 seed, Elite Eight	B10	4	2–2
1–1	115.7
39	93.8
67	.9178
26	51.1
121	48.2
118	12.6
29	15.8
205	26.7
159	25.0
93	24.0
218	26.8
104	48.0
164	46.1
93	38.0
77	35.3
161	34.5
185	30.9
53	64.5
254	+0.12
60
27	Oklahoma St.
   4 seed, R32	B12	5	3–2
1–1	114.9
42	93.5
64	.9143
27	55.8
37	49.5
145	22.8
274	18.7
120	34.4
42	36.5
279	32.0
121	34.7
200	57.8
21	52.5
204	34.1
136	29.6
77	29.9
251	36.3
151	73.3
32	+1.7
5
28	Oregon
   7 seed, Sweet Sixteen	P12	3	2–1
1–0	124.3
12	101.2
145	.9141
28	62.3
5	55.4
240	15.1
81	19.2
102	21.8
246	28.4
165	30.7
139	25.3
83	56.7
32	54.9
241	47.0
10	37.5
197	40.5
80	38.6
198	66.5
215	+0.42
34
29	Eastern Washington
   14 seed, R64	BSky	4	4–0
1–0	104.5
133	85.2
8	.9129
29	52.0
92	40.1
6	18.0
168	16.2
196	25.6
175	23.1
69	31.2
132	24.9
76	54.9
53	45.3
75	31.8
184	20.5
10	39.8
93	35.6
138	70.7
83	+0.29
44
30	Kansas St.	B12	3	2–1
1–0	102.9
146	83.9
5	.9129
30	49.4
148	47.4
101	18.9
192	26.9
6	26.7
159	31.3
215	37.0
64	28.2
118	48.5
159	51.1
178	33.8
143	28.1
62	40.1
87	41.0
241	67.0
198	+0.19
50
31	Duke	ACC	3	2–1
0–1	113.4
49	92.4
52	.9128
31	52.7
80	46.3
78	17.7
155	23.0
28	33.6
52	32.7
244	24.5
211	37.8
231	52.6
94	49.1
151	35.1
121	27.6
56	39.4
100	35.4
135	68.0
165	+0.22
47
32	Wisconsin
   9 seed, R32	B10	3	1–2
0–1	113.8
45	92.9
60	.9118
32	52.0
92	50.8
165	15.0
77	14.5
235	21.1
254	32.0
226	17.0
279	24.3
70	43.9
244	57.9
270	43.8
27	25.4
33	37.4
132	35.6
138	63.3
272	+0.06
70
33	BYU
   6 seed, R64	WCC	2	1–1
0–0	113.4
48	92.6
55	.9115
33	51.6
104	51.6
185	18.6
187	12.8
260	24.7
189	19.7
29	26.6
191	36.4
218	49.4
142	53.9
224	36.7
97	32.1
114	38.3
121	41.1
244	68.9
130	+0.22
46
34	Oregon St.
   12 seed, Elite Eight	P12	4	3–1
0–1	121.4
15	100.5
132	.8977
34	55.6
39	54.1
227	17.4
145	16.6
184	30.8
93	33.3
249	35.3
83	36.7
223	53.0
83	53.4
219	39.8
61	36.8
185	38.6
113	39.9
218	64.7
247	+1.4
8
35	Creighton
   5 seed, Sweet Sixteen	BE	4	3–1
1–0	111.4
66	92.6
56	.8934
35	53.1
76	45.0
50	16.4
114	15.7
208	29.6
112	26.0
116	22.9
234	31.0
157	49.6
138	47.9
123	38.6
68	27.2
51	42.1
66	39.7
213	69.5
112	+0.5
27
36	Maryland
   10 seed, R32	B10	3	1–2
0–1	109.6
82	91.5
42	.8884
36	51.6
104	49.4
143	17.6
153	17.6
146	17.5
279	27.2
141	31.2
132	29.0
124	53.3
78	46.7
100	32.8
166	35.9
169	42.7
57	37.9
188	66.5
215	-0.40
104
37	Colorado
   5 seed, R32	P12	4	3–1
1–0	116.5
35	97.3
101	.8883
37	49.6
145	50.5
162	17.1
136	17.1
169	38.3
9	25.0
93	32.3
115	30.3
147	47.6
174	46.9
105	35.5
112	37.3
194	34.1
192	39.3
207	63.4
271	+0.7
21
38	UAB	CUSA	4	3–1
2–0	109.8
79	92.1
49	.8834
38	46.4
208	50.3
158	18.5
186	20.1
77	36.0
27	23.1
69	30.7
139	32.1
171	43.2
255	44.7
68	38.8
67	40.0
236	21.8
299	36.3
151	64.6
250	+0.36
36
39	San Diego St.
   6 seed, R64	MWC	3	3–0
0–0	113.0
53	94.8
74	.8830
39	51.9
97	45.6
62	12.3
26	21.0
57	23.4
217	27.6
151	38.3
54	47.0
277	53.8
70	42.2
34	32.1
176	33.9
144	34.6
182	39.6
211	63.8
263	+1.0
17
40	UCLA
   11 seed, Final Four	P12	3	1–2
0–1	118.9
24	99.9
125	.8812
40	51.7
102	51.4
182	15.3
85	16.3
191	33.7
51	29.5
193	32.0
121	38.7
241	48.5
159	51.8
191	40.4
52	33.9
144	26.0
283	34.1
107	65.5
235	-0.9
213
41	Auburn	SEC	1	1–0
1–0	127.1
5	106.8
214	.8800
41	52.4
81	46.7
86	13.9
50	13.9
245	35.1
36	43.2
297	24.2
214	40.0
253	55.2
49	50.0
158	33.3
149	20.0
7	53.2
5	16.7
1	67.4
187	+0.33
38
42	VCU
   10 seed, R64	A10	3	2–1
0–0	104.6
127	88.5
19	.8731
42	51.9
97	44.8
45	18.8
190	20.8
62	20.9
255	33.9
258	30.6
142	32.4
175	54.1
64	36.6
6	31.4
191	37.5
197	31.9
219	41.6
247	71.4
64	+0.07
69
43	Purdue
   4 seed, R64	B10	2	1–1
1–0	111.4
67	94.4
72	.8695
43	52.3
87	49.2
139	17.5
148	16.1
199	30.9
90	26.1
117	41.8
31	30.5
150	55.6
42	53.1
214	31.9
180	29.6
77	42.7
57	45.8
275	66.3
221	+0.04
72
44	Georgia Tech
   9 seed, R64	ACC	3	3–0
1–0	113.0
55	96.0
83	.8671
44	53.5
70	55.6
241	14.6
67	28.6
2	27.1
153	31.7
223	33.7
100	34.4
196	56.2
35	54.0
226	31.4
191	39.2
227	29.7
253	33.8
103	68.9
130	+1.1
12
45	USC
   6 seed, Elite Eight	P12	3	2–1
1–0	114.6
44	97.4
105	.8670
45	54.5
57	51.4
182	15.5
91	16.0
201	24.5
195	26.9
131	43.0
26	29.0
124	54.8
55	45.5
79	36.0
103	43.4
265	30.3
242	30.1
41	65.6
233	+0.9
18
46	Grand Canyon
   15 seed, R64	WAC	4	3–1
1–1	105.3
119	89.6
25	.8650
46	52.9
77	42.3
17	17.6
153	16.4
188	31.0
87	22.7
65	29.5
157	24.7
74	52.8
89	42.9
38	35.4
115	27.5
55	36.6
146	35.2
131	65.3
237	-0.5
126
47	Kansas
   3 seed, R32	B12	2	2–0
0–0	104.6
128	89.4
24	.8585
47	50.0
135	49.5
145	17.1
136	24.6
14	21.7
248	29.2
185	31.5
127	21.3
41	48.6
157	43.8
54	35.1
121	38.6
221	33.3
202	40.7
235	68.1
159	+0.7
23
48	Morehead St.
   14 seed, R64	OVC	2	2–0
0–0	112.8
56	96.7
93	.8556
48	58.2
21	50.0
151	22.0
262	13.9
245	31.6
74	22.7
65	27.3
183	16.0
13	54.4
60	47.2
111	45.2
17	35.8
166	28.2
266	42.4
253	63.8
263	+0.42
33
49	San Francisco	WCC	2	1–1
0–0	109.1
88	93.5
63	.8550
49	54.9
49	46.5
83	14.1
55	19.6
91	19.0
269	25.0
93	15.2
287	36.6
222	54.5
57	52.8
212	36.8
95	20.7
13	50.9
10	28.7
30	63.6
267	-0.6
130
50	West Virginia
   3 seed, R32	B12	3	1–2
1–1	112.4
61	96.4
89	.8546
50	44.9
237	51.5
184	18.3
179	24.7
13	35.2
34	39.0
289	39.0
51	38.4
237	45.4
216	55.0
243	29.4
217	28.8
67	36.4
150	30.2
43	70.7
83	-0.8
198
Rk	Team	Conf	G	Rec	AdjOE	AdjDE	Barthag	Efg%	EfgD%	TOR	TORD	ORB	DRB	FTR	FTRD	2P%	2P%D	3P%	3P%D	3PR	3PRD	Adj T.	WAB
51	Pepperdine	WCC	2	1–1
0–0	105.2
121	90.5
31	.8496
51	47.3
182	46.0
70	16.4
114	18.3
131	20.5
259	26.3
125	31.3
129	38.9
243	53.2
80	50.6
172	25.9
252	24.4
24	41.2
74	32.5
81	73.6
23	-0.19
87
52	Michigan St.
   11 seed, R68	B10	4	1–3
1–1	106.2
107	91.8
45	.8430
52	45.7
225	50.2
156	18.4
181	15.1
220	27.5
143	28.1
160	32.7
111	31.2
162	47.9
168	46.8
103	25.9
252	38.2
215	24.2
293	32.5
81	68.6
143	+0.09
66
53	Massachusetts	A10	2	1–1
0–0	118.2
30	102.1
159	.8426
53	58.7
19	47.2
96	11.0
12	17.2
164	21.2
251	29.5
193	25.2
205	31.7
166	63.2
5	47.4
113	35.6
109	31.3
101	46.5
27	38.1
190	70.7
83	-0.41
106
54	Kentucky	SEC	2	1–1
1–0	112.4
62	97.3
102	.8406
54	54.6
55	46.1
73	15.0
77	21.1
55	28.8
127	32.1
228	26.9
188	21.7
43	46.1
201	51.6
188	44.4
23	20.6
12	41.5
70	26.4
14	71.5
62	-0.43
108
55	Clemson
   7 seed, R64	ACC	2	1–1
1–0	118.2
29	102.3
163	.8400
55	63.4
2	56.6
255	21.3
243	21.3
53	22.9
228	25.9
114	14.9
288	22.2
48	52.8
89	51.5
185	50.0
3	45.2
271	47.5
22	31.3
61	61.2
294	-0.6
132
56	Missouri St.	MVC	2	1–1
0–0	105.7
111	91.6
43	.8387
56	49.2
150	38.8
3	15.8
97	6.8
300	25.7
173	25.9
114	21.2
252	26.2
96	43.5
249	43.0
43	42.4
37	20.5
10	28.0
271	33.8
103	68.1
159	-0.5
122
57	Mercer	SC	4	3–1
0–0	104.5
131	91.2
41	.8274
57	51.0
122	42.5
20	15.5
91	13.0
257	27.1
153	23.8
78	15.8
281	24.6
72	49.7
136	47.4
113	35.4
115	24.3
23	38.9
107	44.8
269	66.6
211	-0.34
98
58	Providence	BE	2	1–1
1–0	95.3
226	83.3
4	.8253
58	42.9
260	43.4
30	19.4
200	17.1
169	23.5
214	28.8
172	33.9
98	46.2
273	45.5
211	47.2
111	26.1
250	23.5
19	41.1
75	32.1
72	68.1
159	-0.20
90
59	Utah St.
   11 seed, R64	MWC	5	4–1
2–0	98.1
199	85.9
10	.8220
59	45.9
219	39.2
5	18.2
174	15.7
208	34.3
45	26.1
117	25.3
204	23.6
58	45.8
203	40.4
15	30.8
197	24.8
28	31.2
227	37.3
171	66.0
229	+0.47
31
60	Rutgers
   10 seed, R32	B10	3	2–1
1–0	103.7
139	90.9
36	.8190
60	47.7
176	43.9
33	17.3
141	17.3
161	23.8
207	34.5
266	31.3
129	41.4
261	49.2
146	49.2
152	29.6
214	22.0
15	30.7
235	32.6
83	67.5
183	+0.7
19
61	Florida Atlantic	CUSA	4	3–1
2–0	104.4
134	91.6
44	.8187
61	51.8
99	41.2
11	21.7
251	18.9
109	30.1
100	25.8
113	34.1
94	37.3
229	48.5
159	43.0
43	37.8
80	25.3
32	39.8
93	34.6
119	69.5
112	-0.37
102
62	Texas A&M Corpus Chris	Slnd	1	1–0
1–0	109.9
77	96.4
90	.8184
62	58.3
20	46.1
73	16.4
114	21.4
50	37.8
13	19.5
28	23.6
223	21.9
46	54.0
69	41.9
30	45.5
16	33.3
129	30.6
237	51.6
295	74.6
17	+0.03
74
63	Missouri
   9 seed, R64	SEC	3	1–2
0–1	104.9
123	92.2
51	.8156
63	47.1
189	52.0
196	19.5
204	20.4
67	28.6
130	27.6
151	42.5
28	36.0
212	46.2
199	50.4
169	32.4
171	37.5
197	39.1
106	27.4
20	69.6
107	-0.6
131
64	Penn St.	B10	3	2–1
1–0	110.8
69	97.4
106	.8153
64	46.0
216	53.4
220	16.3
112	17.2
164	32.7
62	13.7
4	38.2
55	24.1
67	45.0
225	50.6
172	31.5
190	37.7
206	42.2
64	47.5
281	68.7
139	+0.7
25
65	Georgia	SEC	2	0–2
0–1	107.0
102	94.4
71	.8088
65	51.6
104	52.7
209	21.8
255	21.8
45	22.4
238	34.7
268	31.1
135	30.5
150	44.8
229	48.8
146	45.7
12	40.5
242	28.7
261	32.8
87	74.8
16	-0.9
207
66	UCF	Amer	3	2–1
1–0	102.6
148	90.8
34	.8039
66	48.2
172	43.2
24	20.8
234	17.5
150	23.3
220	26.1
117	32.3
115	30.5
150	50.0
126	42.9
38	30.4
201	29.3
71	41.3
72	32.8
87	69.5
112	-0.03
76
67	Nevada	MWC	3	2–1
1–0	120.9
19	107.2
218	.7994
67	51.5
110	53.2
217	17.8
159	15.0
224	31.2
85	22.4
59	57.8
1	61.5
299	48.0
164	51.6
188	37.9
78	36.9
189	39.8
93	41.7
249	71.7
59	+0.30
42
68	N.C. State	ACC	2	1–1
0–0	120.1
20	106.5
212	.7986
68	53.2
75	60.3
274	16.9
131	16.9
174	36.1
26	32.1
228	32.1
118	17.9
20	49.3
144	61.0
286	41.2
46	39.6
231	31.2
227	47.3
280	64.6
250	-0.46
113
69	Colgate
   14 seed, R64	Pat	3	3–0
0–0	118.7
27	105.4
198	.7984
69	58.1
22	48.4
124	11.3
14	14.1
241	32.4
65	24.8
92	35.6
81	23.2
53	51.2
113	54.6
235	48.4
7	25.4
33	32.5
210	37.4
176	70.9
76	+0.18
53
70	Norfolk St.
   16 seed, R64	MEAC	3	3–0
0–0	98.7
189	87.8
17	.7940
70	48.6
164	35.8
1	17.5
148	21.8
45	29.4
115	36.7
280	30.3
146	36.9
226	41.0
269	41.0
21	40.0
56	18.9
5	40.0
88	41.3
246	69.5
112	+0.11
61
71	UC Santa Barbara
   12 seed, R64	BW	5	5–0
2–0	112.7
59	100.4
129	.7909
71	51.8
99	50.2
156	14.7
71	19.7
89	29.0
120	18.4
21	41.7
34	18.9
26	55.1
50	49.0
148	30.2
205	35.4
163	33.9
195	28.7
30	67.3
190	+0.49
29
72	Wyoming	MWC	4	2–2
1–1	117.7
32	105.0
195	.7880
72	59.4
13	52.6
206	15.0
77	15.4
214	19.4
266	21.4
45	36.9
65	24.0
65	57.9
19	53.1
214	40.8
48	34.2
148	47.5
22	31.3
61	68.2
154	-0.6
140
73	Miami FL	ACC	4	3–1
1–0	111.6
65	99.8
122	.7836
73	51.3
115	54.3
229	16.2
108	18.8
117	26.4
162	26.3
125	37.1
63	21.7
43	54.3
61	47.9
123	30.1
208	43.2
264	32.6
209	38.3
195	68.2
154	+0.49
28
74	Vanderbilt	SEC	4	2–2
0–1	105.3
117	94.2
70	.7819
74	50.2
132	49.5
145	20.4
226	22.3
42	24.2
200	30.3
204	36.3
73	25.8
90	52.1
104	50.0
158	32.4
171	32.5
121	52.9
6	37.6
182	67.3
190	-0.34
96
75	Arkansas
   3 seed, Elite Eight	SEC	3	2–1
1–0	104.8
124	94.0
69	.7788
75	51.4
113	52.2
199	21.0
238	23.3
23	32.1
70	28.2
163	33.7
100	25.7
88	54.3
61	47.1
110	30.8
197	41.7
253	35.9
163	33.5
100	74.9
13	+0.29
43
Rk	Team	Conf	G	Rec	AdjOE	AdjDE	Barthag	Efg%	EfgD%	TOR	TORD	ORB	DRB	FTR	FTRD	2P%	2P%D	3P%	3P%D	3PR	3PRD	Adj T.	WAB
76	St. John's	BE	2	1–1
1–0	107.8
100	96.7
94	.7772
76	47.3
182	46.2
75	15.7
94	19.1
103	28.8
127	32.4
236	27.9
177	43.7
267	45.1
222	45.7
83	34.0
139	31.6
105	36.4
150	31.9
71	70.5
91	-0.15
83
77	Minnesota	B10	3	1–2
0–1	92.4
255	83.1
3	.7729
77	39.7
288	46.3
78	18.2
174	19.1
103	29.3
116	22.1
54	36.8
68	36.4
218	42.0
263	44.4
62	24.4
266	34.0
146	41.1
75	28.4
27	72.9
37	-0.5
128
78	Virginia Tech
   10 seed, R64	ACC	1	0–1
0–0	114.7
43	103.3
173	.7688
78	53.3
72	50.8
165	15.3
85	15.3
217	20.0
264	37.5
284	26.7
190	42.9
265	47.6
174	47.6
120	44.4
23	38.1
211	30.0
248	33.3
95	68.3
152	-0.46
112
79	Florida St.
   4 seed, Sweet Sixteen	ACC	3	1–2
0–1	105.6
112	95.4
80	.7629
79	52.4
81	45.1
52	26.2
297	15.6
212	34.4
42	35.5
274	33.5
103	47.3
279	51.3
112	45.7
83	36.5
99	29.4
74	31.1
229	37.0
163	72.1
50	-0.44
111
80	Oral Roberts
   15 seed, Sweet Sixteen	Sum	3	3–0
0–0	110.2
74	99.6
120	.7608
80	55.4
42	47.6
106	13.8
47	18.9
109	16.0
290	35.9
277	29.7
155	34.4
196	55.0
51	46.2
94	37.3
89	34.8
155	42.9
53	24.3
7	72.9
37	+0.45
32
81	Davidson	A10	3	1–2
0–0	117.0
33	105.8
205	.7597
81	54.4
59	53.8
225	16.8
127	19.0
106	31.0
87	30.3
204	22.4
241	30.2
145	48.9
151	57.1
263	40.2
55	31.5
104	48.2
18	34.0
105	63.0
276	-0.19
88
82	Richmond	A10	2	1–1
0–0	100.5
172	91.2
40	.7552
82	48.6
164	47.0
92	20.0
218	20.0
78	26.2
167	28.8
172	45.3
16	31.9
168	47.1
183	50.7
174	34.2
135	26.8
46	35.8
165	35.3
132	69.5
112	-0.8
162
83	Iona
   15 seed, R64	MAAC	4	4–0
0–0	96.5
212	87.5
15	.7551
83	46.4
208	40.5
7	21.9
257	18.8
117	34.8
40	21.1
40	40.0
43	39.5
249	44.9
226	41.2
23	33.3
149	26.4
43	30.0
248	44.4
267	66.7
207	+0.32
39
84	Seton Hall	BE	3	1–2
0–1	102.9
145	93.4
62	.7535
84	45.0
233	48.0
114	19.3
197	17.4
153	33.9
49	27.9
159	34.8
87	34.5
198	44.8
229	44.1
58	30.4
201	37.3
194	30.9
232	33.3
95	64.1
260	-0.6
144
85	Hartford
   16 seed, R64	AE	2	2–0
0–0	100.9
169	91.8
46	.7471
85	54.6
55	42.0
15	19.3
197	17.8
143	22.6
233	27.4
145	36.7
69	15.1
10	55.7
39	47.8
122	35.1
121	23.1
18	37.8
126	43.7
262	65.1
241	+0.31
40
86	Loyola MD	Pat	3	2–1
0–0	115.3
40	105.3
197	.7406
86	58.0
24	54.6
233	21.7
251	11.9
274	36.6
23	23.7
75	21.3
250	22.3
49	60.7
9	52.7
210	35.5
112	38.5
218	36.7
144	37.1
165	63.9
261	-0.11
82
87	Western Kentucky	CUSA	6	4–2
1–1	105.5
114	96.5
92	.7342
87	47.7
176	47.4
101	19.7
208	16.9
174	26.3
164	25.5
108	45.1
18	21.7
43	44.0
241	44.7
68	36.0
103	35.0
157	36.5
148	34.7
122	66.3
221	-0.9
217
88	UC Irvine	BW	5	4–1
2–0	99.5
181	91.1
39	.7340
88	46.4
208	42.9
22	17.0
134	16.7
182	25.3
183	25.0
93	34.0
96	23.9
60	45.2
218	43.7
52	33.3
149	27.8
59	24.0
296	40.8
238	67.8
172	-0.06
80
89	Florida
   7 seed, R32	SEC	3	1–2
0–1	105.6
113	96.7
95	.7325
89	46.9
198	48.3
123	22.2
266	17.6
146	30.0
103	34.0
259	34.0
96	24.0
65	44.7
233	53.9
224	33.9
141	27.3
52	35.2
168	43.0
255	67.1
196	-0.40
105
90	Dayton	A10	2	1–1
0–0	116.6
34	106.8
213	.7324
90	55.9
36	58.5
264	21.8
255	18.9
109	33.3
54	19.7
29	36.0
79	34.0
190	46.8
189	61.2
287	44.9
20	35.9
169	44.1
39	36.8
159	67.5
183	-0.16
84
91	Akron	MAC	2	1–1
0–0	110.0
75	100.9
139	.7306
91	45.6
227	47.1
95	11.4
17	11.4
283	29.8
107	36.0
278	24.4
213	23.9
60	47.7
171	50.5
170	27.7
236	25.6
38	34.8
179	28.3
25	62.8
281	-0.44
110
92	Saint Louis	A10	2	1–1
0–0	110.4
73	101.3
146	.7298
92	47.3
182	50.4
161	18.0
168	12.8
260	35.3
32	21.3
43	36.3
73	33.0
179	47.1
183	57.1
263	32.1
176	26.2
42	24.8
290	37.5
178	66.7
207	-0.17
86
93	Tarleton St.	WAC	2	2–0
2–0	98.9
188	90.7
33	.7289
93	50.0
135	40.6
9	18.7
188	26.2
8	23.0
226	27.0
134	35.2
85	35.6
204	46.4
196	45.5
79	42.9
31	24.6
27	20.0
301	56.4
301	64.7
247	+0.14
59
94	Stephen F. Austin	Slnd	1	1–0
1–0	86.5
279	79.5
1	.7251
94	47.0
195	36.8
2	29.5
302	24.1
17	31.3
82	23.8
78	50.0
6	38.6
240	53.7
73	42.9
38	11.1
300	20.7
13	18.0
302	50.9
294	71.9
58	+0.19
52
95	UNC Greensboro
   13 seed, R64	SC	3	3–0
0–0	105.9
109	98.0
108	.7090
95	50.8
126	48.5
126	10.7
11	20.4
67	24.1
202	25.7
111	30.1
149	26.8
104	47.4
180	56.4
257	37.5
82	25.7
39	38.7
110	44.0
265	67.7
176	+0.47
30
96	Buffalo	MAC	4	3–1
1–0	105.1
122	97.3
104	.7064
96	50.0
135	46.6
85	20.9
237	15.0
224	40.0
5	28.6
167	34.1
94	20.2
33	45.1
222	47.4
113	40.8
48	29.9
84	30.5
239	33.2
94	69.6
107	-0.08
81
97	Drexel
   16 seed, R64	CAA	3	3–0
0–0	119.5
22	110.8
248	.7031
97	60.1
11	48.4
124	19.8
211	7.1
299	33.8
50	25.5
108	26.6
191	11.8
4	47.6
174	48.4
132	56.9
1	32.3
118	33.1
206	33.3
95	63.0
276	+0.37
35
98	Drake
   11 seed, R64	MVC	3	2–1
0–0	108.4
94	100.6
133	.7028
98	46.5
206	51.3
181	12.4
27	16.1
199	27.6
141	28.1
160	21.4
249	30.8
154	45.1
222	48.2
128	33.3
149	38.8
222	29.5
255	30.8
51	63.6
267	-0.04
79
99	Northwestern	B10	2	1–1
1–0	97.9
201	90.9
37	.6998
99	49.2
150	51.0
175	18.8
190	23.1
25	22.9
228	24.6
86	17.8
273	38.1
235	45.3
217	48.1
126	37.2
92	35.8
166	36.4
150	50.5
292	66.4
220	-0.36
100
100	Boise St.	MWC	2	1–1
0–0	121.2
16	112.7
259	.6979
100	60.5
9	61.1
279	18.1
171	16.0
201	23.8
207	27.0
134	44.5
19	35.9
209	55.6
42	52.4
203	44.7
22	54.3
298	42.7
57	29.9
37	70.2
96	-0.7
153
Rk	Team	Conf	G	Rec	AdjOE	AdjDE	Barthag	Efg%	EfgD%	TOR	TORD	ORB	DRB	FTR	FTRD	2P%	2P%D	3P%	3P%D	3PR	3PRD	Adj T.	WAB
101	Oklahoma
   8 seed, R32	B12	3	1–2
0–1	108.2
95	100.6
134	.6972
101	51.5
110	51.9
193	17.8
159	16.8
181	22.6
233	25.2
105	30.1
149	15.5
11	49.5
139	51.3
181	36.7
97	35.3
161	36.8
139	37.6
182	66.6
211	-0.7
159
102	UTEP	CUSA	2	0–2
0–0	105.2
120	97.9
107	.6966
102	42.9
260	50.5
162	16.0
103	20.4
67	30.0
103	27.5
148	31.7
125	47.2
278	46.1
201	45.3
75	25.0
260	41.9
255	36.7
144	29.2
33	68.8
137	-1.2
257
103	Southern Utah	BSky	4	3–1
2–0	108.8
91	101.4
149	.6927
103	52.2
91	45.1
52	14.4
61	17.9
140	22.9
228	30.7
211	38.9
52	29.6
131	52.0
105	44.3
60	35.1
121	30.8
96	33.6
198	41.1
244	68.9
130	-0.6
135
104	Villanova
   5 seed, Sweet Sixteen	BE	2	0–2
0–1	103.1
142	96.3
86	.6886
104	44.4
245	46.2
75	11.1
13	17.5
150	24.0
205	24.6
86	42.1
29	30.2
145	47.5
179	43.8
54	27.1
243	33.3
129	44.9
34	39.6
211	63.0
276	-1.0
251
105	Wichita St.
   11 seed, R68	Amer	4	2–2
1–0	99.2
187	92.6
57	.6874
105	47.0
195	46.4
81	13.8
47	21.8
45	23.6
210	32.9
246	27.0
187	25.1
80	44.4
237	45.7
83	33.7
146	31.8
109	42.1
66	38.1
190	65.8
230	-0.5
125
106	Wake Forest	ACC	2	0–2
0–1	109.9
76	102.9
167	.6823
106	49.6
145	60.9
277	17.3
141	15.0
224	32.9
61	20.4
35	23.0
232	24.5
71	42.7
261	60.6
285	40.4
52	41.0
247	38.5
115	35.5
136	67.5
183	-1.2
258
107	Northern Arizona	BSky	2	1–1
0–0	101.3
163	94.8
76	.6812
107	58.1
22	44.0
35	20.2
221	21.6
48	17.5
279	29.4
190	30.5
145	39.4
247	52.9
86	54.0
226	45.7
12	23.7
21	33.3
202	54.1
298	67.2
194	-0.6
138
108	Old Dominion	CUSA	3	1–2
1–1	100.1
177	93.7
66	.6789
108	47.5
179	44.7
43	16.5
118	19.6
91	21.2
251	29.4
190	25.2
205	47.4
280	47.4
180	38.0
7	31.9
180	36.7
184	28.8
259	39.5
209	66.6
211	-0.8
184
109	New Mexico St.	WAC	5	4–1
2–0	106.9
104	100.2
128	.6774
109	51.6
104	45.2
55	19.2
195	21.0
57	33.3
54	29.1
182	31.0
137	41.1
260	52.8
89	45.0
73	33.6
147	30.4
93	49.3
13	35.0
125	65.0
243	-0.42
107
110	Elon	CAA	4	3–1
0–0	99.2
186	93.2
61	.6729
110	49.0
159	46.8
88	14.0
53	18.6
124	30.4
95	20.2
33	15.3
286	32.7
176	47.8
169	46.3
95	33.6
147	31.7
106	44.4
37	40.0
220	65.1
241	-0.35
99
111	Colorado St.	MWC	3	1–2
0–1	107.9
97	101.5
151	.6683
111	43.2
257	48.8
131	13.6
43	18.2
133	27.7
139	33.6
256	42.0
30	35.9
209	44.2
239	43.6
50	27.7
236	36.8
185	38.5
115	44.7
268	66.1
226	-1.0
249
112	Texas A&M	SEC	2	0–2
0–1	115.9
38	109.2
236	.6649
112	52.4
81	55.6
241	21.5
247	17.2
164	38.0
10	34.4
264	17.3
276	37.9
233	51.9
107	56.9
261	35.4
115	36.2
174	37.8
126	50.0
289	67.6
179	-1.0
252
113	Loyola Marymount	WCC	2	1–1
0–0	108.0
96	102.0
158	.6590
113	52.4
81	51.0
175	28.6
299	13.9
245	32.6
63	21.7
50	41.0
39	25.3
83	60.0
14	54.9
241	25.0
260	31.3
101	33.7
197	48.5
286	59.9
299	-0.33
95
114	Indiana	B10	2	0–2
0–1	94.8
230	89.7
28	.6536
114	41.2
278	49.1
134	16.3
112	20.9
59	20.5
259	32.3
234	30.6
142	25.9
92	49.3
144	54.7
236	17.9
290	27.3
52	36.1
159	40.7
235	65.8
230	-0.8
186
115	North Texas
   13 seed, R32	CUSA	6	4–2
0–2	102.4
151	97.0
97	.6503
115	48.1
173	43.0
23	17.2
139	22.4
38	29.8
107	31.6
221	27.6
180	36.7
223	44.7
233	42.0
31	36.4
101	30.1
89	34.0
193	31.0
57	60.0
298	-0.6
142
116	Toledo	MAC	4	2–2
1–0	111.2
68	105.4
199	.6498
116	51.6
104	51.1
178	15.3
85	17.3
161	30.9
90	34.8
269	32.8
110	21.0
39	56.8
31	52.7
210	29.6
214	32.4
119	42.2
64	38.6
198	69.9
100	-0.30
93
117	Washington St.	P12	1	0–1
0–0	85.6
281	81.2
2	.6489
117	46.6
204	44.8
45	28.8
301	17.8
143	27.8
137	16.2
12	12.1
295	31.0
157	50.0
126	50.0
158	27.3
241	16.7
1	37.9
124	20.7
4	68.4
150	-0.6
147
118	South Dakota	Sum	2	1–1
0–0	113.5
46	108.1
221	.6355
118	63.0
3	44.5
39	16.6
121	15.2
218	20.8
258	32.4
236	50.0
6	44.5
269	60.0
14	48.7
142	45.7
12	24.4
24	35.0
171	34.5
115	69.5
112	-0.8
171
119	Xavier	BE	2	0–2
0–1	109.1
89	104.1
184	.6318
119	49.1
156	52.8
210	14.3
60	15.1
220	27.3
146	24.2
81	15.4
285	23.9
60	53.5
77	52.1
197	28.3
230	36.1
173	39.3
101	33.0
92	61.2
294	-1.3
263
120	Saint Mary's	WCC	3	1–2
0–0	96.6
211	92.4
53	.6230
120	44.5
242	50.0
151	16.8
127	18.9
109	19.4
266	27.4
145	29.9
153	26.7
102	53.1
82	50.8
175	19.6
285	31.7
106	36.4
150	25.5
9	62.4
285	+0.19
49
121	Cincinnati	Amer	5	3–2
1–0	101.8
158	98.1
109	.6045
121	47.6
178	50.9
171	20.8
234	18.6
124	30.6
94	29.1
182	32.9
109	34.0
190	44.8
229	48.3
131	34.1
136	36.5
180	43.0
51	39.5
209	70.8
78	+0.04
73
122	South Florida	Amer	3	1–2
0–1	105.3
118	101.5
150	.6040
122	46.2
214	49.2
139	17.1
136	11.7
277	32.2
67	22.6
63	30.2
148	27.3
111	47.0
186	44.4
62	29.9
211	37.3
194	36.8
139	41.0
241	69.1
125	-0.9
220
123	Notre Dame	ACC	3	2–1
1–0	113.5
47	109.5
240	.6007
123	49.7
144	50.5
162	18.2
174	15.0
224	27.4
144	41.0
294	35.3
83	24.9
76	46.8
189	48.5
136	35.4
115	36.0
172	45.7
29	35.9
145	70.1
98	+0.31
41
124	Marquette	BE	2	1–1
1–0	91.8
257	88.8
21	.5944
124	47.2
186	43.2
24	21.0
238	16.5
185	17.5
279	29.3
188	17.8
273	28.8
121	53.6
76	52.0
195	23.7
273	18.6
4	35.5
166	36.4
155	66.1
226	-0.19
89
125	Tulane	Amer	2	1–1
0–0	109.5
83	106.0
207	.5910
125	45.9
219	50.8
165	9.4
5	14.1
241	20.3
262	37.8
285	36.9
65	23.4
56	50.7
120	44.3
60	25.0
260	38.1
211	36.0
161	50.8
293	66.8
204	+0.01
75
Rk	Team	Conf	G	Rec	AdjOE	AdjDE	Barthag	Efg%	EfgD%	TOR	TORD	ORB	DRB	FTR	FTRD	2P%	2P%D	3P%	3P%D	3PR	3PRD	Adj T.	WAB
126	Santa Clara	WCC	3	2–1
0–0	113.0
50	109.6
241	.5891
126	57.2
27	55.8
244	15.3
85	17.1
169	23.4
217	24.0
80	37.6
59	26.5
99	59.5
17	55.1
245	35.1
121	37.8
208	32.9
208	40.9
239	70.7
83	-0.38
103
127	Louisiana Tech	CUSA	2	1–1
0–0	95.5
225	92.8
58	.5823
127	47.1
189	44.5
39	24.5
287	17.6
146	32.3
66	25.3
106	31.7
125	30.0
142	45.6
208	42.4
36	33.3
149	31.8
109	34.6
182	40.0
220	67.9
168	-0.47
115
128	Campbell	BSth	2	1–1
0–0	107.0
103	104.0
181	.5802
128	54.9
49	60.2
273	21.5
247	23.8
20	23.6
210	27.1
138	28.4
169	29.6
131	59.4
18	58.3
273	30.3
204	42.1
257	32.4
211	38.8
201	64.8
246	-0.48
117
129	Cleveland St.
   15 seed, R64	Horz	2	2–0
0–0	100.9
170	98.2
110	.5761
129	53.3
72	42.3
17	13.7
46	15.8
205	25.4
180	31.8
224	23.6
223	23.1
52	53.8
70	45.3
75	34.4
129	25.5
36	26.0
283	42.3
250	67.9
168	+0.17
54
130	Boston University	Pat	1	0–1
0–0	102.9
144	100.5
131	.5689
130	43.7
253	49.1
134	11.5
20	8.6
296	18.4
274	25.0
93	22.2
243	72.2
301	47.6
174	55.9
252	23.8
272	25.0
29	33.3
202	37.0
163	66.2
224	-0.5
124
131	Ball St.	MAC	2	0–2
0–1	104.6
130	102.2
161	.5652
131	47.2
186	54.1
227	17.3
141	12.8
260	31.4
80	30.0
198	17.9
272	39.8
250	50.6
122	52.5
204	28.3
230	37.7
206	41.4
71	39.8
216	72.9
37	-1.1
255
132	Washington	P12	1	0–1
0–0	118.6
28	116.2
273	.5582
132	60.7
8	73.6
301	17.5
148	20.0
78	28.6
130	8.0
1	18.6
270	50.9
290	61.9
6	66.7
294	39.3
65	53.8
297	40.0
88	49.1
287	81.0
2	-0.5
119
133	Nebraska	B10	3	0–3
0–2	102.3
152	100.4
130	.5517
133	49.4
148	56.0
248	21.9
257	15.2
218	20.9
255	29.4
190	20.4
259	28.0
117	46.8
189	58.2
272	34.3
134	35.8
166	56.4
3	49.2
288	73.6
23	-1.2
261
134	Mount St. Mary's
   16 seed, R68	NEC	3	2–1
0–0	98.0
200	96.3
88	.5490
134	46.7
201	43.2
24	17.5
148	11.3
284	28.0
136	25.6
110	48.7
10	25.1
80	49.5
139	38.6
9	27.5
239	35.7
165	33.6
198	30.6
46	63.0
276	+0.36
37
135	Bryant	NEC	2	1–1
0–0	110.5
72	108.6
227	.5483
135	56.3
33	43.4
30	13.2
36	11.7
277	27.4
144	27.3
143	17.5
275	37.2
228	57.7
23	38.9
11	35.7
106	34.1
147	35.0
171	36.3
151	68.7
139	-0.9
224
136	Coastal Carolina	SB	2	1–1
0–0	96.4
213	94.8
75	.5479
136	46.5
206	39.1
4	22.0
262	20.0
78	35.4
31	32.0
226	24.8
209	38.0
234	51.2
113	38.6
9	25.5
257	26.4
43	36.4
150	55.8
299	72.4
46	-0.9
209
137	Rice	CUSA	3	2–1
0–0	98.5
194	97.0
98	.5427
137	55.3
45	45.9
67	22.3
269	16.4
188	14.5
295	28.9
175	23.3
227	11.9
5	52.4
100	48.1
126	39.4
64	27.4
54	44.0
42	32.1
72	66.5
215	-0.34
97
138	Stetson	ASun	2	1–1
0–0	107.8
99	106.2
208	.5412
138	54.2
61	62.9
286	21.9
257	17.2
164	34.9
38	18.0
18	28.0
175	20.0
31	50.9
116	63.4
292	38.5
69	41.2
249	48.6
16	32.4
79	67.9
168	-0.5
123
139	Furman	SC	1	0–1
0–0	112.7
58	111.2
251	.5393
139	59.7
12	57.4
258	11.6
21	12.8
260	13.9
296	24.2
81	22.4
241	23.5
57	55.0
51	57.1
263	44.4
23	38.5
218	40.3
83	38.2
192	67.4
187	-0.8
199
140	DePaul	BE	2	1–1
0–0	100.9
167	99.6
121	.5366
140	45.0
233	46.2
75	21.2
242	16.9
174	31.1
86	40.2
293	39.6
46	39.1
244	45.2
218	49.4
155	29.6
214	27.8
59	24.3
292	40.6
233	73.4
28	+0.09
67
141	South Dakota St.	Sum	2	1–1
0–0	115.0
41	113.8
266	.5305
141	57.1
29	58.8
267	17.4
145	16.7
182	36.5
24	19.0
27	28.6
166	19.2
27	54.8
55	48.5
136	42.4
37	48.1
286	26.2
282	43.3
259	69.0
127	-0.7
160
142	Arizona St.	P12	4	1–3
0–2	99.5
182	98.5
114	.5288
142	44.2
249	57.9
262	16.6
121	18.7
120	18.8
272	27.2
141	25.2
205	22.7
51	43.5
249	58.6
275	30.6
199	37.5
197	29.8
252	33.1
93	73.4
28	-0.6
146
143	East Tennessee St.	SC	2	1–1
0–0	102.7
147	101.9
156	.5231
143	52.9
77	47.0
92	21.0
238	13.2
255	25.4
180	24.7
90	22.9
234	24.8
75	51.7
109	40.6
19	36.2
102	37.5
197	44.8
35	41.0
241	65.2
240	-0.6
133
144	Marshall	CUSA	3	2–1
2–0	103.0
143	102.2
160	.5227
144	52.4
81	50.0
151	14.9
75	16.4
188	22.3
240	21.5
48	12.2
294	25.7
88	54.3
61	47.7
121	33.3
149	35.9
169	44.4
37	36.6
157	72.8
40	-0.8
175
145	Arkansas St.	SB	2	1–1
0–0	94.5
236	93.9
68	.5206
145	44.8
239	45.1
52	18.2
174	13.9
245	29.8
107	27.5
148	24.2
214	29.5
130	37.1
291	46.7
100	42.9
31	26.7
45	28.2
266	24.6
8	68.2
154	-0.7
161
146	Long Beach St.	BW	4	1–3
0–2	97.4
204	96.8
96	.5186
146	48.9
160	44.0
35	20.5
229	17.0
173	29.0
120	28.9
175	21.8
245	31.0
157	47.1
183	45.7
83	34.8
127	26.8
46	34.6
182	30.6
46	76.5
4	-2.2
293
147	North Dakota St.	Sum	3	2–1
0–0	105.3
116	104.8
192	.5157
147	46.0
216	51.8
191	16.7
125	14.2
239	35.7
28	22.4
59	43.2
24	33.3
182	43.5
249	54.3
230	35.6
109	31.7
106	25.6
286	37.5
178	68.6
143	-0.5
120
148	Fresno St.	MWC	3	1–2
0–1	100.3
174	99.8
124	.5135
148	52.3
87	52.2
199	24.2
283	18.9
109	23.7
209	21.8
52	34.2
92	40.5
258	49.5
139	47.4
113	37.5
82	39.7
232	41.3
72	39.9
218	68.9
130	-1.2
260
149	Eastern Michigan	MAC	1	1–0
1–0	104.6
129	104.1
185	.5132
149	50.0
135	54.8
234	9.6
7	22.4
38	18.9
270	30.0
198	20.7
256	21.2
40	44.7
233	54.5
234	40.0
56	36.8
185	34.5
185	36.5
156	64.4
257	+0.11
62
150	Liberty
   13 seed, R64	ASun	3	3–0
0–0	109.8
78	109.4
239	.5110
150	56.8
31	53.5
221	15.3
85	18.9
109	24.7
189	20.4
35	23.8
220	26.6
100	56.9
30	52.8
212	37.9
78	36.2
174	39.3
101	43.7
262	64.6
250	+0.17
55
Rk	Team	Conf	G	Rec	AdjOE	AdjDE	Barthag	Efg%	EfgD%	TOR	TORD	ORB	DRB	FTR	FTRD	2P%	2P%D	3P%	3P%D	3PR	3PRD	Adj T.	WAB
151	Duquesne	A10	2	1–1
0–0	93.0
251	92.9
59	.5031
151	43.7
253	47.8
111	21.9
257	19.8
86	32.1
70	31.4
218	30.3
146	33.6
186	44.0
241	52.0
195	28.6
225	26.8
46	29.4
257	35.3
132	72.4
46	-0.04
78
152	Mississippi St.	SEC	3	1–2
0–1	108.6
93	108.5
225	.5020
152	43.2
257	53.7
224	20.3
225	11.7
277	44.3
1	30.7
211	27.9
177	20.9
38	48.9
151	52.6
207	17.4
293	36.5
180	25.1
289	50.3
291	63.3
272	-0.30
94
153	UNLV	MWC	3	1–2
0–1	98.7
190	98.8
116	.4964
153	52.8
79	53.1
216	22.5
271	18.1
137	23.1
221	21.9
53	23.9
219	32.1
171	53.2
80	55.7
251	34.6
128	32.1
114	31.9
219	34.6
119	69.6
107	-1.2
262
154	Eastern Kentucky	OVC	2	1–1
0–0	95.8
221	96.0
82	.4961
154	48.8
161	50.9
171	12.9
32	25.8
10	17.3
282	30.2
202	24.2
214	29.6
131	44.6
236	54.4
232	37.0
93	27.6
56	38.3
121	26.9
17	72.1
50	-0.7
150
155	William & Mary	CAA	2	1–1
0–0	88.9
270	89.3
23	.4855
155	41.9
273	42.4
19	19.8
211	19.8
86	29.0
120	30.4
207	30.6
142	16.8
15	45.2
218	35.4
4	23.7
273	37.2
193	34.2
190	34.4
114	67.8
172	-0.8
170
156	The Citadel	SC	2	1–1
0–0	109.2
87	109.8
242	.4853
156	54.1
64	52.0
196	15.5
91	12.3
270	22.9
228	16.0
10	43.0
26	33.6
186	60.6
10	55.1
245	30.9
195	32.2
117	45.5
30	46.1
279	76.1
7	-0.7
149
157	Army	Pat	2	1–1
0–0	108.7
92	109.3
237	.4848
157	56.6
32	58.6
265	11.4
17	22.7
33	15.8
292	21.3
43	27.4
181	17.1
16	65.3
3	52.6
207	26.3
247	43.8
266	33.6
198	45.7
273	67.1
196	-0.9
211
158	Murray St.	OVC	1	0–1
0–0	94.8
231	95.3
78	.4846
158	44.5
242	45.8
65	16.0
103	11.7
277	28.2
133	23.1
69	17.2
277	35.6
204	47.7
171	39.5
12	25.0
260	38.1
211	31.3
224	35.6
138	63.1
275	-0.8
195
159	Jacksonville St.	OVC	2	1–1
0–0	95.9
220	96.5
91	.4822
159	47.0
195	46.3
78	17.9
164	17.9
140	30.3
96	28.6
167	33.1
106	28.9
123	46.5
195	48.6
139	31.9
180	28.6
66	39.8
93	40.5
232	65.6
233	-0.6
129
160	SMU	Amer	2	0–2
0–0	107.8
98	108.8
231	.4748
160	53.3
72	57.7
261	20.5
229	22.5
36	31.5
77	33.3
249	34.2
92	45.0
271	46.6
194	48.4
132	42.6
35	46.8
277	39.2
105	42.3
250	71.5
62	-0.8
167
161	James Madison	CAA	1	0–1
0–0	102.6
149	103.5
176	.4738
161	46.8
200	48.2
118	14.0
53	18.2
133	22.2
241	22.2
57	27.4
181	33.3
182	54.1
64	32.0
2	24.0
271	40.6
244	40.3
83	56.1
300	73.9
19	-0.9
228
162	North Alabama	ASun	3	2–1
0–0	106.0
108	107.0
217	.4724
162	55.6
39	49.7
149	15.0
77	15.0
224	22.4
238	22.8
67	29.4
158	32.0
169	53.0
83	53.3
217	40.3
54	29.7
80	35.0
171	40.9
239	72.1
50	-0.6
136
163	Louisville	ACC	2	0–2
0–1	102.2
153	103.3
172	.4708
163	38.7
293	52.3
203	9.2
4	12.5
265	31.0
87	30.6
209	26.9
188	28.2
118	34.6
295	55.0
243	31.6
187	30.0
87	31.9
219	27.3
19	63.9
261	-0.9
236
164	Southern Illinois	MVC	2	1–1
0–0	101.6
159	102.7
164	.4705
164	52.0
92	54.8
234	14.2
56	18.9
109	8.6
300	25.0
93	19.6
262	14.0
7	56.1
36	51.4
184	31.1
194	40.5
242	44.1
39	36.8
159	67.0
198	-0.17
85
165	Northeastern	CAA	2	1–1
0–0	97.3
205	98.9
117	.4536
165	47.1
189	47.6
106	15.8
97	21.4
50	31.9
72	30.6
209	19.3
266	27.9
116	44.9
226	44.8
72	34.1
136	35.1
159	34.5
185	35.6
138	65.3
237	-0.8
165
166	Appalachian St.
   16 seed, R68	SB	5	4–1
0–0	94.2
237	95.7
81	.4535
166	43.5
255	44.5
39	16.8
127	19.4
98	28.7
129	27.4
145	36.1
76	22.5
50	36.9
292	42.3
35	33.3
149	33.0
128	50.2
11	31.1
59	67.4
187	+0.5
26
167	Jackson St.	SWAC	4	3–1
2–0	93.7
244	95.3
77	.4516
167	50.2
132	40.5
7	16.5
118	23.4
21	27.8
137	26.2
123	46.3
15	42.7
264	44.2
239	43.4
47	43.5
28	22.7
17	28.4
263	31.3
61	66.6
211	-0.9
215
168	Oakland	Horz	2	1–1
0–0	99.4
183	101.2
144	.4497
168	47.1
189	46.0
70	13.2
36	11.8
276	27.3
146	34.6
267	36.1
76	11.5
3	46.8
189	52.1
197	31.6
187	22.2
16	47.9
19	32.4
79	70.8
78	-0.8
166
169	Georgia St.	SB	3	2–1
0–0	101.1
165	103.1
170	.4440
169	48.4
170	48.2
118	13.6
43	18.6
124	25.6
175	29.8
196	36.0
79	26.9
107	43.8
246	41.8
27	40.8
48	39.4
229	26.3
280	36.8
159	73.7
22	-0.7
154
170	UTSA	CUSA	2	1–1
0–0	101.1
164	103.2
171	.4433
170	46.6
204	44.0
35	13.0
34	15.8
205	27.2
150	24.6
86	13.4
293	50.9
290	49.4
142	43.1
46	27.7
236	30.6
94	35.1
169	33.3
95	72.8
40	-0.6
139
171	Northern Iowa	MVC	1	1–0
0–0	88.7
271	90.5
32	.4418
171	46.7
201	44.8
45	18.4
181	22.6
34	28.9
123	18.2
19	23.3
227	17.2
17	56.4
33	57.1
263	19.0
287	17.4
3	35.0
171	39.7
213	69.8
103	+0.10
64
172	Siena	MAAC	3	1–2
1–1	96.3
215	98.4
112	.4404
172	53.8
67	46.0
70	21.6
250	18.7
120	25.3
183	29.2
185	29.6
156	26.9
107	55.6
42	48.5
136	33.3
149	28.4
65	32.1
214	42.3
250	66.3
221	-1.7
279
173	Northern Illinois	MAC	1	1–0
1–0	101.8
157	104.4
189	.4270
173	48.5
168	41.5
12	12.5
28	9.7
291	28.9
123	26.2
123	24.2
214	36.9
226	40.8
274	40.0
13	47.1
9	30.0
87	25.8
285	30.8
51	68.1
159	+0.07
68
174	Northern Colorado	BSky	3	1–2
0–1	103.7
138	106.4
211	.4266
174	54.8
52	51.7
188	20.6
232	12.2
272	33.0
60	22.1
54	28.2
172	35.6
204	51.0
115	50.3
168	39.5
63	38.2
215	45.8
28	19.2
2	70.5
91	-1.5
270
175	Tulsa	Amer	1	0–1
0–0	109.3
84	112.2
258	.4258
175	45.5
228	50.9
171	16.0
103	10.2
287	35.7
28	17.6
17	21.2
252	40.4
257	35.3
294	58.8
276	37.5
82	26.1
41	48.5
17	40.4
228	69.8
103	-0.8
193
Rk	Team	Conf	G	Rec	AdjOE	AdjDE	Barthag	Efg%	EfgD%	TOR	TORD	ORB	DRB	FTR	FTRD	2P%	2P%D	3P%	3P%D	3PR	3PRD	Adj T.	WAB
176	Portland	WCC	1	0–1
0–0	126.3
8	129.6
296	.4246
176	62.5
4	69.2
298	16.6
121	19.4
98	21.4
249	31.8
224	39.3
47	51.9
292	50.0
126	67.7
296	54.5
2	47.6
282	39.3
101	40.4
228	69.6
107	-0.8
180
177	Lamar	Slnd	4	3–1
1–0	98.4
195	101.1
142	.4234
177	53.9
65	49.4
143	18.4
181	20.3
74	16.4
287	32.4
236	19.4
265	17.6
18	50.0
126	46.7
100	42.6
35	37.0
190	28.1
268	30.7
49	64.7
247	-0.5
121
178	Fairfield	MAAC	6	4–2
1–1	98.2
197	101.1
143	.4153
178	47.1
189	43.3
29	19.3
197	16.9
174	27.2
150	30.0
198	41.1
38	30.8
154	43.3
253	44.6
65	35.7
106	26.9
49	37.2
133	31.7
67	63.6
267	-1.4
267
179	Pittsburgh	ACC	2	0–2
0–1	113.0
54	116.7
275	.4081
179	55.2
46	56.7
256	20.8
234	13.1
256	29.2
118	27.1
138	29.2
162	33.0
179	46.9
187	56.7
260	45.2
17	37.8
208	39.6
99	40.2
223	66.9
202	-1.2
259
180	Indiana St.	MVC	2	1–1
0–0	89.2
268	92.2
50	.4063
180	43.4
256	48.0
114	15.8
97	19.3
100	23.4
217	23.7
75	23.2
230	15.0
9	41.3
265	46.9
105	33.3
149	33.3
129	24.2
293	36.0
147	61.9
290	-0.23
91
181	Milwaukee	Horz	1	0–1
0–0	103.3
140	106.9
215	.4034
181	41.3
277	52.8
210	12.2
25	18.4
129	40.0
5	28.1
160	18.8
267	37.7
230	46.2
199	44.4
62	17.6
291	47.1
278	24.6
291	32.1
72	67.5
183	-0.9
205
182	Utah Valley	WAC	3	1–2
1–1	96.1
219	99.5
119	.4001
182	42.6
263	51.2
180	17.9
164	16.9
174	29.8
107	23.5
74	35.5
82	30.4
148	40.5
277	51.5
185	32.6
169	33.8
142	25.4
288	38.7
200	70.8
78	-1.0
253
183	Illinois St.	MVC	1	0–1
0–0	86.3
280	89.6
26	.3947
183	44.8
239	46.7
86	22.6
272	18.4
129	18.2
276	28.9
175	17.2
277	23.3
55	57.1
27	56.4
257	17.4
293	19.0
6	39.7
97	35.0
125	69.9
100	-0.9
200
184	Temple	Amer	1	0–1
0–0	96.3
217	100.0
126	.3920
184	45.1
231	42.5
20	13.5
42	9.5
293	17.9
278	27.7
154	34.4
89	40.3
256	38.6
285	42.9
38	41.2
46	27.8
59	27.9
272	26.9
17	75.1
12	-0.9
206
185	Niagara	MAAC	2	1–1
0–0	100.9
168	105.0
196	.3886
185	42.2
269	48.1
116	15.8
97	21.1
55	28.9
123	33.8
257	49.5
9	43.8
268	47.7
171	42.4
36	22.7
279	38.5
218	40.4
81	37.1
165	67.6
179	-0.7
158
186	Texas Southern
   16 seed, R64	SWAC	6	6–0
2–0	100.0
178	104.1
183	.3884
186	48.6
164	44.2
38	19.9
216	19.3
100	34.1
46	26.1
117	45.2
17	34.1
192	52.6
94	44.6
65	26.2
249	28.9
69	30.2
244	35.5
136	72.1
50	+0.22
48
187	Rhode Island	A10	1	0–1
0–0	116.0
37	121.0
284	.3816
187	59.1
16	61.4
281	17.0
134	13.9
245	26.5
161	32.3
234	29.1
164	33.3
182	63.3
4	50.0
158	36.0
103	52.2
293	45.5
30	40.4
228	67.7
176	-0.7
148
188	Butler	BE	3	1–2
0–1	108.9
90	113.9
267	.3734
188	46.9
198	63.1
287	14.6
67	14.6
234	25.2
185	30.7
211	26.1
200	19.6
28	50.0
126	57.4
268	28.4
227	47.9
284	42.0
68	39.7
213	63.5
270	-0.26
92
189	Austin Peay	OVC	1	0–1
0–0	96.8
208	101.3
148	.3721
189	48.3
171	49.2
139	24.5
287	13.0
257	37.1
19	18.9
24	23.7
222	28.8
121	57.1
27	45.9
89	17.6
291	36.4
178	28.8
259	37.3
171	63.2
274	-0.9
201
190	UC San Diego	BW	2	2–0
2–0	109.6
80	114.9
269	.3681
190	66.4
1	55.6
241	12.6
29	18.9
109	15.9
291	32.4
236	21.3
250	25.0
78	60.0
14	52.3
202	50.0
3	42.1
257	42.6
60	30.6
46	68.2
154	+0.10
65
191	Hawaii	BW	3	1–2
1–1	98.5
193	103.4
175	.3644
191	47.5
179	50.3
158	24.0
282	15.5
213	29.5
113	24.7
90	28.9
165	20.8
37	44.9
226	52.1
197	34.4
129	30.8
96	38.4
119	30.1
41	66.5
215	-1.5
268
192	UMBC	AE	1	0–1
0–0	113.0
52	119.0
278	.3550
192	55.4
42	61.6
282	17.9
164	13.4
254	34.4
42	13.8
5	37.5
60	23.2
53	45.7
205	51.7
190	47.6
8	48.1
286	37.5
129	48.2
284	66.1
226	-0.9
242
193	Kennesaw St.	ASun	1	0–1
0–0	88.9
269	93.7
65	.3538
193	51.0
122	51.9
193	22.0
262	16.2
196	16.7
285	12.5
3	29.4
158	36.5
221	55.6
42	48.4
132	26.7
246	38.1
211	29.4
257	40.4
228	73.2
33	-0.7
151
194	VMI	SC	2	1–1
0–0	104.5
132	110.2
244	.3523
194	51.2
118	55.2
239	10.6
10	9.9
289	19.2
268	22.1
54	22.8
237	15.6
12	57.9
19	51.9
193	27.5
239	39.7
232	40.2
86	43.0
255	67.0
198	-0.50
118
195	Iowa St.	B12	3	0–3
0–2	95.6
222	101.0
141	.3474
195	42.3
267	55.9
247	19.4
200	17.4
153	28.2
133	16.7
13	18.0
271	46.1
272	43.8
246	60.4
284	26.9
244	32.1
114	42.6
60	36.8
159	71.0
73	-1.5
269
196	Belmont	OVC	2	1–1
0–0	106.7
106	112.8
260	.3463
196	50.0
135	55.0
236	17.5
148	20.4
67	29.3
116	39.4
292	26.4
194	25.0
78	50.8
118	56.0
254	32.8
166	35.6
164	47.9
19	37.5
178	71.3
66	-0.6
145
197	Cal Poly	BW	4	1–3
0–2	96.3
214	101.9
155	.3447
197	51.2
118	49.1
134	20.1
220	17.4
153	17.2
283	31.4
218	22.7
240	34.2
193	45.2
218	49.0
148	41.7
43	32.9
126	34.8
179	37.3
171	66.8
204	-1.7
277
198	Miami OH	MAC	1	0–1
0–0	100.3
175	106.3
209	.3377
198	44.4
245	55.8
244	12.1
24	22.6
34	24.3
198	33.3
249	11.1
297	46.2
273	43.2
255	34.4
3	31.6
187	60.0
301	30.2
244	38.5
196	61.9
290	-0.6
141
199	Louisiana	SB	2	1–1
0–0	98.6
191	104.7
190	.3354
199	49.6
145	47.7
109	17.9
164	12.4
269	37.5
16	25.0
93	15.8
281	32.0
169	51.6
111	48.7
142	30.4
201	30.8
96	33.1
206	40.6
233	72.3
49	-0.7
157
200	UC Davis	BW	4	2–2
1–1	94.8
228	100.7
136	.3347
200	50.7
129	49.5
145	20.5
229	22.4
38	23.0
226	28.8
172	23.2
230	35.4
202	55.8
38	48.9
147	24.6
265	33.8
142	27.0
278	31.6
66	68.7
139	-1.3
265
Rk	Team	Conf	G	Rec	AdjOE	AdjDE	Barthag	Efg%	EfgD%	TOR	TORD	ORB	DRB	FTR	FTRD	2P%	2P%D	3P%	3P%D	3PR	3PRD	Adj T.	WAB
201	Texas St.	SB	1	0–1
0–0	102.0
155	108.4
223	.3336
201	49.2
150	47.5
104	13.9
50	12.5
265	24.3
198	26.8
130	21.5
246	50.8
289	45.5
211	31.3
1	38.1
72	44.4
269	32.3
212	45.8
275	66.9
202	-0.9
230
202	TCU	B12	3	0–3
0–2	94.0
240	100.1
127	.3268
202	46.2
214	52.6
206	25.5
295	20.2
76	28.2
133	32.7
244	32.7
111	29.7
137	48.0
164	48.2
128	28.8
223	40.0
236	37.1
135	37.1
165	69.6
107	-1.6
272
203	Chattanooga	SC	1	0–1
0–0	84.6
285	90.1
30	.3262
203	37.5
297	51.0
175	19.4
200	22.4
38	24.4
196	21.4
45	28.6
166	29.4
128	37.5
290	45.2
74	25.0
260	40.0
236	42.9
53	39.2
204	69.5
112	-0.8
185
204	Montana St.	BSky	5	3–2
1–1	94.6
235	100.7
137	.3257
204	47.4
181	47.2
96	18.0
168	17.4
153	25.9
169	23.7
75	48.0
11	37.8
231	49.2
146	46.3
95	28.4
227	32.7
123	27.5
276	34.3
112	70.6
89	-1.3
266
205	Delaware	CAA	1	0–1
0–0	103.3
141	110.6
247	.3126
205	42.5
264	55.0
236	11.3
14	11.3
284	24.4
196	34.2
261	51.7
4	48.3
284	33.3
297	50.0
158	37.5
82	44.4
269	40.0
88	30.0
39	70.7
83	-0.9
202
206	New Mexico	MWC	1	0–1
0–0	97.8
202	104.9
193	.3094
206	51.8
99	66.3
295	21.1
241	31.1
1	20.5
259	25.0
93	51.8
3	73.9
302	39.3
282	71.4
298	42.9
31	38.9
224	50.0
12	39.1
203	84.1
1	-0.9
204
207	Seattle	WAC	4	2–2
1–1	97.0
207	104.1
182	.3091
207	45.0
233	56.1
250	15.9
102	21.2
54	30.1
100	27.8
156	33.1
106	40.1
254	43.3
253	56.1
255	31.9
180	37.5
197	37.5
129	37.7
186	69.8
103	-1.3
264
208	UC Riverside	BW	4	3–1
2–0	92.0
256	98.7
115	.3070
208	45.3
230	47.6
106	15.4
90	16.9
174	23.5
214	24.3
83	25.4
203	30.1
143	46.8
189	49.0
148	29.1
221	29.9
84	46.6
25	34.1
107	67.8
172	-0.46
114
209	Hofstra	CAA	2	1–1
0–0	105.8
110	113.6
263	.3064
209	51.4
113	47.3
99	14.7
71	13.9
245	24.7
189	34.1
260	43.6
23	27.7
114	50.0
126	40.5
16	35.4
115	37.5
197	43.6
44	43.1
258	70.2
96	-0.8
163
210	Cal St. Bakersfield	BW	1	0–1
0–0	89.4
266	96.1
84	.3052
210	51.0
122	52.2
199	28.6
299	27.0
5	33.3
54	26.1
117	9.6
299	26.1
95	53.7
73	58.3
273	27.3
241	20.0
7	21.2
300	21.7
5	62.0
288	-0.9
223
211	Northwestern St.	Slnd	3	2–1
1–0	101.6
160	109.2
235	.3038
211	50.8
126	52.1
198	15.7
94	16.2
196	24.8
188	22.5
62	41.8
31	46.5
275	43.0
259	53.3
217	46.3
11	33.3
129	29.7
253	37.1
165	70.6
89	-0.8
196
212	Saint Peter's	MAAC	4	2–2
1–1	92.6
253	99.8
123	.2967
212	46.7
201	45.9
67	23.3
279	20.6
65	32.6
63	24.4
85	26.5
193	36.1
213	44.4
237	45.9
89	33.8
143	30.6
94	37.2
133	35.1
128	64.5
254	-1.7
278
213	South Alabama	SB	2	1–1
0–0	105.4
115	114.2
268	.2849
213	51.3
115	45.8
65	16.0
103	13.8
251	22.5
237	43.3
298	39.3
47	18.8
25	50.0
126	50.5
170	35.0
126	24.5
26	53.6
4	34.0
105	68.2
154	-0.8
197
214	Bowling Green	MAC	1	0–1
0–0	101.9
156	110.5
246	.2816
214	41.9
273	49.1
134	3.1
1	9.3
294	30.2
98	27.0
134	20.6
257	41.4
261	53.3
78	48.6
139	13.0
298	33.3
129	33.8
196	36.2
148	64.5
254	-0.8
168
215	Sacramento St.	BSky	3	1–2
1–1	110.5
71	120.0
281	.2791
215	57.2
27	60.1
272	14.6
67	18.0
138	19.8
265	26.3
125	33.5
103	39.9
251	52.9
86	54.1
228	45.7
12	49.0
289	27.5
276	31.0
57	68.6
143	-1.7
275
216	George Washington	A10	1	0–1
0–0	95.5
224	103.9
180	.2746
216	41.2
278	52.6
206	13.3
39	8.9
295	12.5
298	20.0
31	29.8
154	32.8
177	38.1
289	54.8
239	33.3
149	31.3
101	26.3
280	27.6
22	67.7
176	-0.8
177
217	South Carolina	SEC	2	0–2
0–1	96.3
216	104.9
194	.2725
217	38.6
294	56.0
248	18.3
179	19.0
106	27.6
141	35.3
272	30.7
139	29.6
131	43.4
252	51.8
191	14.3
296	42.9
262	22.0
298	33.6
101	75.4
8	-0.9
222
218	Canisius	MAAC	3	1–2
1–1	100.8
171	109.8
243	.2709
218	51.3
115	54.3
229	15.2
83	19.1
103	23.6
210	28.3
164	21.5
246	38.4
237	57.5
26	53.4
219	28.8
223	37.5
197	43.0
51	29.3
34	72.1
50	-1.6
274
219	Prairie View A&M	SWAC	5	4–1
2–0	96.8
209	105.7
201	.2682
219	50.3
131	45.3
57	17.2
139	20.8
62	30.1
100	32.1
228	31.2
132	36.4
218	50.0
126	46.6
99	33.9
141	28.1
62	35.0
171	30.0
39	69.8
103	-0.8
191
220	Weber St.	BSky	2	1–1
1–0	93.6
245	102.3
162	.2656
220	46.4
208	55.1
238	17.7
155	24.1
17	22.6
233	23.2
72	33.0
108	24.1
67	50.6
122	56.9
261	24.2
269	34.9
156	29.5
255	39.8
216	72.0
57	-0.8
190
221	Troy	SB	2	1–1
0–0	103.8
136	113.5
262	.2637
221	48.8
161	50.0
151	22.1
265	14.3
237	37.3
18	29.8
196	50.0
6	33.3
182	52.5
98	47.0
108	30.2
205	36.5
180	51.6
9	38.5
196	74.9
13	-0.8
178
222	Wofford	SC	1	0–1
0–0	93.7
243	102.9
169	.2543
222	45.9
219	50.8
165	11.4
17	16.3
191	22.2
241	30.3
204	8.2
300	5.1
1	52.0
105	51.2
180	27.8
234	33.3
129	59.0
1	30.5
45	61.9
290	-0.8
182
223	Bucknell	Pat	2	1–1
0–0	106.8
105	117.4
276	.2525
223	55.4
42	57.6
259	16.5
118	12.5
265	23.1
221	31.1
214	37.5
60	25.9
92	56.4
33	52.1
197	35.7
106	46.5
275	35.0
171	30.9
53	73.8
21	-0.43
109
224	East Carolina	Amer	3	0–3
0–2	94.8
229	104.2
186	.2523
224	41.2
278	53.5
221	14.5
64	17.9
140	23.5
214	25.0
93	38.6
53	27.3
111	42.1
262	54.1
228	26.3
247	35.1
159	33.3
202	43.0
255	68.9
130	-2.3
294
225	UMass Lowell	AE	2	1–1
0–0	97.3
206	106.9
216	.2520
225	47.9
175	47.3
99	16.9
131	15.4
214	20.3
262	26.9
131	18.8
267	41.4
261	46.4
196	45.8
87	32.8
166	33.3
129	52.1
8	35.1
128	68.8
137	-0.6
137
Rk	Team	Conf	G	Rec	AdjOE	AdjDE	Barthag	Efg%	EfgD%	TOR	TORD	ORB	DRB	FTR	FTRD	2P%	2P%D	3P%	3P%D	3PR	3PRD	Adj T.	WAB
226	Charlotte	CUSA	3	0–3
0–2	92.5
254	101.7
154	.2514
226	43.8
252	52.2
199	14.4
61	13.5
253	21.8
246	20.6
38	34.7
88	16.1
14	40.7
275	54.7
236	34.0
139	31.9
113	30.1
246	37.1
165	65.3
237	-2.1
291
227	Louisiana Monroe	SB	1	0–1
0–0	101.5
162	111.7
254	.2486
227	41.8
275	59.8
271	8.6
3	18.7
120	34.0
47	17.2
15	20.5
258	71.7
300	45.5
211	50.0
158	24.1
270	45.8
273	39.7
97	52.2
296	71.1
71	-0.9
221
228	New Orleans	Slnd	3	2–1
1–0	94.7
232	104.3
188	.2467
228	57.1
29	46.9
91	25.0
293	22.5
36	25.9
169	27.8
156	51.3
5	40.2
255	60.2
13	45.5
79	33.3
149	32.8
125	30.8
233	37.4
176	72.8
40	-0.9
238
229	Morgan St.	MEAC	5	3–2
1–1	94.0
239	103.6
177	.2460
229	47.2
186	46.8
88	21.4
245	23.0
28	34.8
40	25.7
111	46.9
14	35.6
204	44.0
241	51.9
193	35.5
112	25.5
36	34.9
177	37.3
171	73.6
23	-1.8
282
230	Cal St. Northridge	BW	3	0–3
0–2	94.1
238	103.7
178	.2460
230	42.7
262	51.7
188	16.2
108	20.4
67	25.8
171	30.1
201	23.8
220	31.3
164	46.3
198	53.6
221	24.3
268	32.9
126	36.3
155	44.9
270	71.2
67	-2.5
295
231	Vermont	AE	1	0–1
0–0	111.9
64	123.3
288	.2455
231	49.1
156	74.4
302	14.9
75	26.6
7	30.3
96	27.8
156	15.5
283	25.6
86	52.5
98	70.8
297	27.8
234	52.6
294	31.0
231	44.2
266	61.3
293	-0.9
227
232	Charleston	CAA	1	0–1
0–0	120.9
18	133.7
299	.2380
232	54.8
52	65.2
291	3.4
2	10.2
287	27.3
146	28.6
167	11.3
296	19.6
28	50.0
126	52.6
207	41.7
43	61.1
302	38.7
110	32.1
72	62.5
284	-0.8
187
233	Cal Baptist	WAC	3	1–2
1–1	103.8
137	114.9
270	.2368
233	55.8
37	49.2
139	21.3
243	15.7
208	20.9
255	32.5
242	40.4
41	34.6
199	55.7
39	44.7
68	37.3
89	38.2
215	37.8
126	35.6
138	71.0
73	-1.7
281
234	Kent St.	MAC	2	0–2
0–1	96.1
218	107.2
219	.2214
234	44.4
245	60.5
276	20.2
221	21.6
48	23.6
210	34.4
264	29.3
160	34.2
193	48.5
159	60.0
280	26.0
251	41.0
247	43.1
49	34.2
110	68.7
139	-1.1
254
235	Bellarmine	ASun	1	0–1
0–0	101.6
161	113.4
261	.2198
235	62.2
6	58.0
263	18.4
181	22.9
31	7.7
301	41.9
295	28.6
166	26.8
104	57.1
27	55.2
247	50.0
3	40.7
245	28.6
262	48.2
284	66.2
224	-0.9
232
236	Rider	MAAC	4	1–3
0–2	100.3
173	112.0
256	.2187
236	50.2
132	53.3
219	19.6
205	17.4
153	26.3
164	25.0
93	36.5
71	33.9
189	45.6
208	55.2
247	40.0
56	33.3
129	32.0
216	36.2
148	63.7
266	-2.7
300
237	Boston College	ACC	2	0–2
0–1	100.0
179	112.0
257	.2137
237	45.4
229	56.5
252	22.8
274	14.0
244	31.4
80	34.3
262	36.1
76	29.0
124	50.7
120	54.4
232	24.4
266	39.3
228	38.0
123	45.2
272	68.1
159	-1.1
256
238	Quinnipiac	MAAC	3	1–2
1–1	87.8
273	98.4
113	.2127
238	40.4
285	43.2
24	21.7
251	23.1
25	24.6
193	32.2
232	39.2
49	31.6
165	40.4
278	41.8
27	26.9
244	30.9
100	40.4
81	31.1
59	73.1
34	-1.7
276
239	George Mason	A10	2	1–1
0–0	99.3
185	111.3
252	.2125
239	48.6
164	57.6
259	13.9
50	14.7
232	23.9
206	20.9
39	41.4
36	24.6
72	50.6
122	48.6
139	29.4
217	47.8
283	30.6
237	39.0
202	70.9
76	-0.5
127
240	Evansville	MVC	1	0–1
0–0	82.3
293	92.5
54	.2070
240	38.8
292	44.7
43	19.6
205	14.2
239	21.2
251	22.6
63	14.3
290	36.2
214	40.6
276	42.9
38	23.5
276	33.3
129	34.7
181	25.5
9	57.4
301	-0.8
173
241	Montana	BSky	3	2–1
0–0	91.4
261	102.7
165	.2069
241	50.0
135	55.8
244	18.1
171	20.0
78	17.2
283	21.4
45	31.1
135	30.1
143	52.4
100	56.5
259	30.5
200	36.4
178	36.0
161	33.7
102	68.0
165	-0.47
116
242	Southern Miss	CUSA	1	0–1
0–0	75.3
302	84.8
6	.2025
242	39.7
288	53.9
226	21.7
251	26.0
9	18.9
270	17.2
15	13.8
291	19.6
28	45.5
211	54.8
239	14.3
296	35.0
157	24.1
295	39.2
204	67.8
172	-0.9
219
243	North Dakota	Sum	1	0–1
0–0	89.8
265	101.6
152	.1945
243	43.0
259	49.1
134	19.7
208	9.9
289	28.9
123	15.2
7	43.9
21	36.2
214	48.8
154	55.3
249	18.8
288	25.0
29	28.1
268	34.5
115	68.0
165	-0.8
172
244	Grambling St.	SWAC	4	3–1
2–0	98.5
192	111.6
253	.1928
244	52.0
92	46.4
81	20.7
233	21.4
50	31.9
72	31.3
215	43.2
24	39.9
251	49.7
136	43.4
47	37.8
80	34.6
152	32.3
212	34.8
123	70.5
91	-0.9
203
245	Nebraska Omaha	Sum	1	0–1
0–0	98.1
198	111.2
249	.1921
245	50.0
135	60.3
274	14.2
56	12.8
260	23.1
221	15.4
8	13.8
291	25.9
92	41.0
269	59.0
277	42.3
39	42.1
257	40.0
88	32.8
87	67.3
190	-0.8
169
246	Pacific	WCC	1	0–1
0–0	104.8
125	119.0
277	.1886
246	53.8
67	61.6
282	18.2
174	15.4
214	27.3
146	14.3
6	7.6
301	28.6
120	61.0
8	60.0
280	28.0
232	43.8
266	37.9
124	28.6
29	69.0
127	-0.8
180
247	Alcorn St.	SWAC	3	0–3
0–2	93.0
250	105.7
202	.1862
247	44.8
239	52.9
213	22.9
276	20.7
64	29.8
107	28.4
165	25.1
208	43.3
266	42.9
260	62.4
289	32.3
174	24.2
22	34.0
193	36.3
151	73.5
26	-2.6
296
248	Sam Houston St.	Slnd	2	0–2
0–1	89.4
267	101.7
153	.1852
248	45.8
223	52.9
213	24.3
285	24.3
15	31.6
74	24.6
86	22.9
234	35.9
209	44.8
229	51.3
181	31.4
191	39.1
226	43.2
48	22.3
6	69.5
112	-1.8
284
249	Nicholls St.	Slnd	3	2–1
1–0	93.2
248	106.3
210	.1805
249	45.8
223	48.6
128	14.7
71	18.8
117	27.2
150	28.9
175	33.3
105	30.4
148	53.8
70	40.5
16	21.4
281	42.9
262	37.0
136	34.2
110	71.2
67	-0.6
143
250	Southern	SWAC	3	0–3
0–2	90.6
264	103.4
174	.1804
250	46.3
212	48.8
131	24.2
283	25.1
11	30.2
98	35.1
270	47.6
12	41.0
259	45.6
208	47.5
117	32.0
178	34.5
150	30.5
239	31.8
68	69.9
100	-2.7
299
Rk	Team	Conf	G	Rec	AdjOE	AdjDE	Barthag	Efg%	EfgD%	TOR	TORD	ORB	DRB	FTR	FTRD	2P%	2P%D	3P%	3P%D	3PR	3PRD	Adj T.	WAB
251	Idaho	BSky	1	0–1
0–0	91.6
258	104.7
191	.1781
251	56.0
35	45.4
59	24.6
290	14.5
235	15.4
293	22.2
57	26.0
201	50.0
286	55.9
37	43.8
54	37.5
82	31.8
109	32.0
216	40.7
235	71.7
59	-0.9
218
252	Florida A&M	MEAC	2	0–2
0–1	94.9
227	109.0
234	.1691
252	53.9
65	52.5
205	23.2
278	23.9
19	27.1
153	28.6
167	31.3
129	54.9
295	55.7
39	50.8
175	33.3
149	36.6
183	31.3
224	40.2
223	72.6
44	-1.9
288
253	Stanford	P12	1	0–1
0–0	94.6
234	109.0
233	.1642
253	42.5
264	62.5
285	16.7
125	18.2
133	16.7
285	26.1
117	32.1
118	26.9
107	39.5
280	54.3
230	33.3
149	52.9
295	28.3
264	32.7
84	69.2
122	-0.8
164
254	Western Carolina	SC	1	0–1
0–0	104.7
126	120.7
282	.1633
254	52.3
87	62.3
284	11.3
14	15.1
220	15.4
293	25.0
93	40.0
43	47.5
282	61.3
7	62.5
290	29.4
217	41.4
252	52.3
7	47.5
281	73.5
26	-0.9
233
255	Florida Gulf Coast	ASun	2	1–1
0–0	94.0
241	108.6
226	.1603
255	52.4
81	52.4
204	19.7
208	17.7
145	22.7
232	25.3
106	26.2
197	29.6
131	54.9
53	51.3
181	31.8
184	36.2
174	34.9
177	37.6
182	76.3
5	-0.9
210
256	Georgia Southern	SB	1	0–1
0–0	84.0
288	97.1
99	.1585
256	40.8
283	45.6
62	15.1
81	15.1
220	30.0
103	20.5
37	28.3
170	26.3
97	47.6
174	41.5
24	16.7
295	37.5
197	30.0
248	28.1
24	66.7
207	-0.9
226
257	UMKC	Sum	1	0–1
0–0	97.8
203	113.6
264	.1503
257	45.7
225	47.2
96	9.5
6	17.4
153	25.7
173	37.1
281	29.3
160	49.1
285	52.4
100	42.1
32	18.8
288	40.0
236	27.6
275	28.3
25	66.7
207	-0.8
194
258	Little Rock	SB	1	0–1
0–0	93.5
247	108.7
230	.1495
258	47.3
182	52.8
210	21.9
257	17.2
164	31.3
82	25.0
93	23.6
223	26.4
98	48.8
154	43.5
49	28.6
225	40.0
236	25.5
287	56.6
302	66.8
204	-0.9
230
259	Wagner	NEC	1	0–1
0–0	93.1
249	108.6
228	.1441
259	41.0
282	51.1
178	16.9
131	27.6
3	35.7
28	39.3
290	26.2
197	58.7
298	36.4
293	55.9
252	35.3
120	25.0
29	27.9
272	26.1
13	72.1
50	-0.9
240
260	Cal St. Fullerton	BW	3	0–3
0–2	109.3
85	127.8
293	.1422
260	54.2
61	66.9
296	17.4
145	14.1
241	33.6
52	15.9
9	28.0
175	25.1
80	50.9
116	57.1
263	39.7
62	54.3
298	38.6
113	40.0
220	71.0
73	-2.7
301
261	Monmouth	MAAC	3	2–1
2–0	87.8
274	102.9
168	.1392
261	44.5
242	50.3
158	15.8
97	19.5
97	22.1
244	29.2
185	39.1
50	30.6
153	43.7
248	45.3
75	30.9
195	39.7
232	31.6
222	35.0
125	70.4
94	-0.8
179
262	Bradley	MVC	1	0–1
0–0	102.2
154	120.9
283	.1268
262	53.5
70	59.3
270	17.8
159	8.1
298	22.6
233	10.7
2	7.0
302	18.5
24	55.6
42	63.0
291	33.3
149	37.0
190	36.8
139	50.0
289	63.8
263	-0.9
214
263	Idaho St.	BSky	2	0–2
0–1	87.8
272	104.3
187	.1217
263	35.7
298	47.7
109	18.7
188	18.0
138	36.3
25	35.6
276	43.7
22	50.5
288	38.2
288	49.3
153	20.9
283	29.4
74	36.1
159	31.8
68	67.6
179	-1.5
271
264	Manhattan	MAAC	3	1–2
1–1	91.4
260	108.6
229	.1211
264	44.9
237	48.7
129	16.8
127	22.2
43	32.2
67	29.3
188	33.9
98	47.4
280	49.2
146	43.6
50	23.6
275	37.9
210	31.1
229	38.2
192	68.6
143	-1.9
287
265	Western Michigan	MAC	1	0–1
0–1	91.5
259	109.0
232	.1177
265	54.8
52	50.0
151	22.4
270	9.6
292	30.0
103	18.9
24	21.2
252	20.7
36	54.5
57	44.7
68	36.8
95	40.0
236	36.5
148	34.5
115	62.7
282	-1.0
248
266	Navy	Pat	1	0–1
0–0	109.3
86	130.3
297	.1169
266	55.2
46	64.5
290	16.2
108	24.3
15	35.3
32	46.2
301	15.5
283	20.0
31	54.1
64	67.6
295	38.1
72	38.9
224	36.2
157	32.7
84	62.3
287	-0.9
234
267	Delaware St.	MEAC	2	1–1
1–1	90.9
263	109.3
238	.1079
267	46.3
212	51.6
185	23.5
281	19.6
91	29.2
118	32.9
246	32.0
121	46.8
276	48.1
163	45.8
87	28.9
222	41.9
255	36.9
137	34.1
107	75.3
9	-0.9
216
268	Lafayette	Pat	1	0–1
0–0	102.4
150	123.3
287	.1058
268	54.9
49	60.9
277	11.8
23	19.6
91	11.8
299	29.6
195	34.4
89	56.4
297	54.1
64	56.1
255	37.5
82	50.0
290	39.3
101	25.5
9	72.7
43	-1.0
246
269	Utah Tech	WAC	2	0–2
0–2	87.8
275	105.7
203	.1051
269	48.0
174	48.8
131	26.6
298	19.9
83	24.2
200	42.9
296	32.3
115	29.8
138	43.1
257	53.8
222	38.2
71	28.8
67	34.3
189	47.6
283	72.4
46	-1.7
280
270	Coppin St.	MEAC	1	0–1
0–0	81.8
295	99.0
118	.1006
270	44.1
251	43.2
24	25.4
294	16.5
185	16.2
288	38.0
287	56.9
2	34.2
193	57.7
23	38.3
8	20.0
284	34.6
152	49.0
15	35.6
138	75.2
11	-0.9
225
271	Lipscomb	ASun	1	0–1
0–0	84.4
286	102.8
166	.0947
271	42.2
269	50.8
165	24.5
287	20.4
67	34.9
38	27.0
134	20.3
260	9.1
2	47.4
180	51.1
178	23.1
278	33.3
129	40.6
79	31.8
68	70.8
78	-1.0
247
272	Valparaiso	MVC	1	0–1
0–0	78.3
299	95.4
79	.0940
272	32.3
302	47.5
104	10.1
9	17.4
153	25.5
179	21.1
40	29.2
162	22.0
47	32.4
300	40.0
13	21.4
281	42.1
257	43.1
49	32.2
78	68.5
148	-0.7
155
273	Western Illinois	Sum	1	0–1
0–0	95.6
223	116.6
274	.0923
273	42.5
264	63.5
288	12.9
32	12.9
259	23.1
221	18.5
22	36.7
69	53.8
293	45.5
211	60.0
280	25.9
252	47.1
278	45.0
33	32.7
84	69.1
125	-0.8
188
274	North Florida	ASun	1	0–1
0–0	85.1
282	103.9
179	.0920
274	40.2
286	45.0
50	11.6
21	20.3
74	18.6
273	37.1
281	27.9
177	26.7
102	48.6
157	50.0
158	19.2
286	16.7
1	42.6
60	20.0
3	67.0
198	-1.0
244
275	Longwood	BSth	1	0–1
0–0	99.4
184	121.3
285	.0915
275	49.1
156	50.8
165	26.0
296	12.3
270	37.8
13	44.7
299	22.8
237	38.7
241	41.0
269	60.0
280	44.4
23	25.9
40	31.6
222	43.5
260	60.7
296	-0.6
134
Rk	Team	Conf	G	Rec	AdjOE	AdjDE	Barthag	Efg%	EfgD%	TOR	TORD	ORB	DRB	FTR	FTRD	2P%	2P%D	3P%	3P%D	3PR	3PRD	Adj T.	WAB
276	Southeastern Louisiana	Slnd	3	1–2
0–1	86.9
277	107.2
220	.0821
276	44.4
245	56.5
252	20.4
226	27.6
3	27.0
158	32.2
232	30.1
149	38.5
239	49.0
150	64.0
293	25.6
256	29.5
76	44.1
39	37.9
188	69.2
122	-1.8
283
277	Arkansas Pine Bluff	SWAC	2	1–1
1–0	100.1
176	124.0
289	.0781
277	50.9
125	53.2
217	16.6
121	17.3
161	30.9
90	23.2
72	36.3
73	31.2
162	50.6
122	43.7
52	34.4
129	47.4
281	28.3
264	34.9
124	64.4
257	-0.9
239
278	Alabama A&M	SWAC	2	0–2
0–2	81.2
296	100.9
140	.0765
278	42.0
271	40.7
10	22.7
273	17.6
146	23.1
221	29.0
181	24.5
211	54.2
294	38.9
284	36.0
5	32.4
171	34.4
149	32.1
214	29.9
37	67.2
194	-1.8
285
279	Marist	MAAC	1	0–1
0–0	84.2
287	105.8
204	.0674
279	40.0
287	42.0
15	17.7
155	16.3
191	33.3
54	35.1
270	35.0
86	50.0
286	33.3
297	46.3
95	33.3
149	20.0
7	40.0
88	26.8
16	71.2
67	-0.9
237
280	UT Arlington	SB	1	0–1
0–0	101.1
166	127.5
292	.0649
280	47.1
189	56.7
256	13.6
43	19.8
86	22.2
241	33.3
249	39.7
45	55.0
296	39.5
280	50.0
158	40.0
56	45.5
272	36.8
139	36.7
158	80.8
3	-1.0
245
281	San Jose St.	MWC	1	0–1
0–0	104.1
135	131.4
298	.0644
281	49.2
150	67.9
297	13.1
35	5.2
302	22.0
245	16.7
13	27.3
183	35.8
208	41.3
265	72.5
299	45.0
19	40.7
245	30.3
242	40.3
226	75.3
9	-0.8
189
282	Middle Tennessee	CUSA	3	0–3
0–2	83.6
290	106.0
206	.0612
282	35.6
299	56.5
252	19.9
216	19.9
83	24.6
193	31.6
221	38.0
56	26.6
100	34.0
296	54.7
236	25.4
258	39.7
232	38.7
110	37.3
171	68.9
130	-2.2
292
283	San Diego	WCC	1	0–1
0–0	75.4
301	96.3
85	.0569
283	34.4
301	51.8
191	14.6
67	16.0
201	21.4
249	16.1
11	26.2
197	21.4
42	40.9
273	53.1
214	11.8
299	33.3
129	27.9
272	42.9
254	68.5
148	-0.7
152
284	Central Michigan	MAC	1	0–1
0–1	93.5
246	119.5
280	.0562
284	41.5
276	48.5
126	9.7
8	12.5
265	26.2
167	28.9
175	36.9
65	24.2
69	40.0
279	40.8
20	30.0
209	47.1
278	30.8
233	25.8
12	74.9
13	-1.0
250
285	Northern Kentucky	Horz	1	0–1
0–0	86.7
278	111.2
250	.0544
285	38.4
295	50.9
171	14.4
61	6.4
301	44.2
2	32.4
236	10.1
298	44.8
270	41.0
269	48.7
142	23.3
277	36.8
185	43.5
46	32.8
87	60.7
296	-0.9
229
286	UT Rio Grande Valley	WAC	3	0–3
0–2	82.2
294	105.6
200	.0530
286	41.2
278	54.5
231	23.4
280	20.9
59	25.2
185	26.7
129	41.8
31	34.8
201	48.8
154	48.2
128	21.9
280	46.7
276	47.7
21	29.0
32	71.2
67	-2.7
297
287	Central Arkansas	Slnd	1	0–1
0–1	94.6
233	122.5
286	.0488
287	49.2
150	58.8
267	13.2
36	14.7
232	25.6
175	18.8
23	21.0
255	29.8
138	41.2
267	45.9
89	39.3
65	55.0
300	45.2
32	35.1
128	65.4
236	-0.9
241
288	McNeese St.	Slnd	3	0–3
0–2	87.2
276	113.7
265	.0452
288	48.7
163	47.9
113	24.4
286	11.5
281	27.1
153	27.7
154	26.4
194	23.9
60	46.9
187	47.5
117	34.4
129	32.4
119	38.4
119	36.2
148	65.7
232	-2.9
302
289	Portland St.	BSky	3	0–3
0–2	83.1
291	108.3
222	.0450
289	39.6
290	61.2
280	19.4
200	19.9
83	31.3
82	20.0
31	31.5
127	47.6
283	41.1
268	59.6
279	25.3
259	42.6
261	46.6
25	37.8
187	67.6
179	-2.7
298
290	Incarnate Word	Slnd	2	0–2
0–1	91.3
262	119.2
279	.0448
290	46.0
216	54.5
231	22.2
266	17.4
153	24.7
189	30.4
207	32.1
118	32.8
177	43.9
244	52.1
197	32.6
169	38.8
222	41.1
75	40.2
223	69.3
120	-1.6
273
291	North Carolina Central	MEAC	2	1–1
1–0	96.7
210	126.3
290	.0445
291	45.0
233	58.6
265	19.8
211	20.6
65	31.5
77	34.3
262	41.4
36	39.1
244	45.7
205	48.4
132	29.3
220	47.9
284	36.9
137	43.6
261	68.4
150	-0.9
208
292	Samford	SC	1	0–1
0–0	80.9
297	108.5
224	.0332
292	35.6
299	56.1
250	19.8
211	11.9
274	27.1
153	21.1
40	25.8
202	25.8
90	33.3
297	47.5
117	25.9
252	46.2
274	40.9
78	39.4
208	76.2
6	-0.8
182
293	American	Pat	1	0–1
0–0	99.6
180	134.2
301	.0314
293	57.5
26	70.0
299	22.2
266	14.8
230	16.1
289	18.2
19	17.0
279	27.3
111	51.9
107	73.7
301	42.3
39	41.2
249	49.1
14	30.9
53	67.3
190	-0.8
192
294	Sacred Heart	NEC	1	0–1
0–0	98.4
196	134.2
302	.0274
294	42.0
271	70.0
299	13.4
41	18.5
127	26.3
164	52.4
302	19.6
262	18.2
22	31.3
301	73.7
301	37.5
82	41.2
249	42.9
53	30.9
53	54.6
302	-0.8
176
295	Radford	BSth	1	0–1
0–0	93.9
242	128.7
294	.0260
295	50.0
135	65.7
292	24.8
291	23.1
25	37.9
11	45.5
300	40.4
41	25.5
85	38.5
286	62.2
288	42.9
31	50.0
290	44.7
36	27.5
21	64.6
250	-0.9
235
296	Towson	CAA	1	0–1
0–0	83.8
289	115.5
272	.0244
296	38.9
291	51.7
188	19.8
211	11.5
281	13.3
297	35.3
272	37.8
57	18.3
23	45.7
205	57.6
269	10.0
302	29.6
77	22.2
297	45.0
271	62.6
283	-0.9
212
297	Houston Christian	Slnd	3	1–2
0–1	82.7
292	115.2
271	.0216
297	45.9
219	51.9
193	20.0
218	18.2
133	24.1
202	27.6
151	27.1
186	27.7
114	43.1
257	55.6
250	33.8
143	29.3
71	35.9
163	31.5
64	74.2
18	-1.9
290
298	Saint Joseph's	A10	1	0–1
0–0	92.7
252	129.3
295	.0214
298	42.3
267	66.0
294	16.2
108	10.8
286	18.2
276	33.3
249	20.0
261	12.5
6	39.3
282	73.5
300	29.7
212	39.5
230	56.9
2	52.8
297	70.8
78	-0.7
156
299	Air Force	MWC	1	0–1
0–0	79.3
298	111.8
255	.0189
299	45.1
231	65.7
292	19.1
194	25.0
12	3.2
302	33.3
249	19.6
262	20.4
35	60.6
10	59.5
278	11.1
300	52.9
295	35.3
167	31.5
64	70.4
94	-0.8
174
300	UNC Wilmington	CAA	1	0–1
0–0	77.1
300	110.4
245	.0160
300	37.7
296	47.4
101	17.8
159	22.0
44	27.7
139	35.5
274	14.5
289	36.8
225	29.2
302	52.5
204	38.1
72	23.5
19	30.4
241	29.8
36	73.1
34	-1.0
243
Rk	Team	Conf	G	Rec	AdjOE	AdjDE	Barthag	Efg%	EfgD%	TOR	TORD	ORB	DRB	FTR	FTRD	2P%	2P%D	3P%	3P%D	3PR	3PRD	Adj T.	WAB
301	Alabama St.	SWAC	2	0–2
0–2	85.1
283	126.7
291	.0102
301	40.5
284	63.8
289	24.9
292	14.8
230	25.4
180	27.3
143	47.3
13	36.2
214	38.4
287	57.9
270	29.7
212	50.0
290	33.6
198	34.5
115	73.0
36	-1.8
285
302	Mississippi Valley St.	SWAC	2	0–2
0–1	85.0
284	133.8
300	.0054
302	44.2
249	59.2
269	16.4
114	14.3
237	24.1
202	37.8
285	28.3
170	30.8
154	41.4
264	53.8
222	32.0
178	48.6
288	41.7
69	28.5
28	70.0
99	-1.9
289