Rk	Team	Conf	G	Rec	AdjOE	AdjDE	Barthag	EFG%	EFGD%	TOR	TORD	ORB	DRB	FTR	FTRD	2P%	2P%D	3P%	3P%D	3PR	3PRD	Adj T.	WAB
1	Tennessee
   3 seed, R32	SEC	4	4–0
1–0	118.9
19	82.5
7	.9853
1	53.7
58	40.4
12	18.4
201	18.7
108	26.2
194	32.3
265	36.6
87	38.2
255	43.4
287	41.1
24	47.5
9	26.2
37	37.0
161	37.3
196	66.1
209	+2.2
4
2	Gonzaga
   1 seed, Sweet Sixteen	WCC	2	2–0
0–0	133.3
1	92.5
45	.9852
2	63.1
3	49.2
152	15.9
120	17.3
165	16.7
322	26.4
136	33.6
129	25.0
93	65.4
4	50.0
172	37.9
64	32.0
144	27.1
317	41.7
277	70.2
53	+1.2
11
3	Kansas
   1 seed, CHAMPS	B12	5	5–0
2–0	119.7
16	86.3
13	.9774
3	49.3
158	45.7
65	16.8
152	20.8
56	30.0
103	28.4
188	41.5
36	31.3
180	50.8
134	43.6
59	30.9
205	33.7
177	32.8
236	29.9
49	69.8
67	+2.8
1
4	Loyola Chicago
   10 seed, R64	MVC	3	3–0
0–0	100.5
198	72.9
2	.9756
4	48.7
176	34.0
2	21.0
279	19.5
85	26.5
188	26.2
134	38.4
67	30.7
174	48.9
171	36.3
3	32.3
172	20.3
10	40.9
87	38.6
228	67.0
173	+1.0
18
5	Oklahoma St.	B12	2	2–0
2–0	94.8
262	69.2
1	.9739
5	41.8
309	36.0
4	29.4
339	24.6
9	41.7
5	28.2
183	18.2
313	18.7
31	47.2
206	36.2
2	21.1
315	23.7
21	34.5
211	35.5
154	63.8
287	+1.3
10
6	Texas Tech
   3 seed, Sweet Sixteen	B12	4	2–2
0–1	105.2
140	77.1
3	.9729
6	49.5
155	41.1
15	22.2
306	24.9
6	27.1
175	29.1
204	23.1
258	35.3
224	50.0
152	46.6
102	32.4
170	22.5
18	34.3
216	43.0
290	66.3
203	+0.6
30
7	Vermont
   13 seed, R64	AE	3	3–0
0–0	117.7
23	86.3
14	.9727
7	64.6
2	41.9
20	10.0
6	20.1
70	27.4
166	12.7
4	19.1
304	22.3
61	64.8
5	37.6
7	42.9
23	34.0
186	39.3
112	31.8
75	63.1
307	+0.10
64
8	Iowa
   5 seed, R64	B10	6	5–1
1–1	132.3
2	97.9
118	.9696
8	58.7
12	50.7
192	15.1
96	15.8
220	32.5
71	33.6
287	29.7
179	21.5
49	53.1
88	51.4
199	44.4
15	32.8
162	41.5
76	32.4
85	69.1
80	+2.5
3
9	Dartmouth	Ivy	1	1–0
1–0	107.3
100	80.0
5	.9667
9	49.1
163	42.0
21	18.1
191	25.1
3	21.9
264	23.1
67	45.5
18	21.4
47	44.1
274	43.3
53	38.1
62	26.9
43	38.2
136	46.4
320	71.8
28	+0.20
57
10	Virginia Tech
   11 seed, R64	ACC	5	4–1
0–1	122.6
5	93.0
51	.9598
10	55.7
34	51.1
210	14.9
88	15.8
220	26.8
179	21.9
50	29.5
183	34.0
205	53.1
88	57.5
296	39.5
47	27.8
53	42.3
62	40.3
256	64.2
275	+2.0
5
11	North Carolina
   8 seed, Finals	ACC	3	2–1
1–0	111.5
58	84.8
9	.9586
11	46.1
250	48.6
138	11.3
14	13.2
281	27.8
157	16.0
9	23.3
256	17.4
19	51.2
128	45.3
82	25.0
280	38.0
260	37.3
152	28.1
37	72.1
21	+1.0
20
12	Syracuse	ACC	3	1–2
0–1	124.2
4	94.8
72	.9574
12	51.0
116	47.6
103	13.9
58	13.0
284	36.9
27	29.9
222	24.9
238	27.2
120	42.7
298	57.8
301	41.7
31	21.3
13	41.8
71	39.3
239	68.9
88	-0.5
129
13	Houston
   5 seed, Elite Eight	Amer	5	4–1
1–1	118.0
22	91.5
34	.9493
13	55.9
33	44.1
42	19.3
234	21.5
40	39.6
9	31.3
247	30.7
159	40.6
276	59.0
27	46.1
95	34.2
127	27.0
45	40.7
92	34.8
137	63.1
307	+1.4
9
14	Memphis
   9 seed, R32	Amer	5	4–1
2–0	116.6
29	91.4
33	.9429
14	49.1
163	48.4
130	21.0
279	20.1
70	39.1
11	26.6
143	41.4
37	29.7
160	48.4
178	49.1
151	34.4
125	31.6
135	21.9
334	42.4
283	69.2
78	+1.5
8
15	UCLA
   4 seed, Sweet Sixteen	P12	4	3–1
1–0	122.3
6	95.9
93	.9422
15	50.0
135	52.6
244	11.1
10	18.3
126	28.7
133	23.0
66	32.9
135	35.4
227	50.3
148	50.4
185	32.8
163	37.5
250	26.1
325	38.3
224	65.0
250	+1.0
17
16	Oklahoma	B12	4	3–1
1–0	117.3
25	92.4
44	.9396
16	57.0
23	48.3
123	21.4
290	14.7
250	31.1
86	22.3
60	26.8
220	21.9
54	51.5
117	49.7
169	43.3
19	30.5
120	40.9
87	35.2
148	66.8
183	+1.2
12
17	Villanova
   2 seed, Final Four	BE	4	4–0
1–0	111.5
56	88.3
20	.9365
17	48.7
176	42.6
24	16.4
138	15.6
228	31.4
79	29.7
218	21.9
270	23.0
68	47.8
193	50.4
185	33.0
156	21.1
12	50.4
16	41.3
272	62.5
315	+1.9
6
18	Creighton
   9 seed, R32	BE	5	3–2
1–1	108.0
93	85.5
11	.9361
18	50.0
135	42.6
24	18.9
220	14.4
252	27.9
154	27.8
174	23.5
254	17.4
19	53.4
79	44.1
67	29.5
233	26.8
41	37.4
151	39.5
247	66.4
195	+0.46
38
19	Texas A&M	SEC	7	6–1
2–0	112.6
52	90.4
25	.9259
19	51.0
116	46.1
71	20.1
261	21.6
38	31.0
88	32.7
273	38.8
62	29.2
150	48.5
174	47.4
116	37.7
70	29.3
90	31.8
254	35.4
152	67.2
166	+2.6
2
20	Sam Houston St.	WAC	3	2–1
1–0	107.7
95	86.6
18	.9250
20	56.8
25	44.7
48	19.8
248	23.0
23	24.1
228	23.2
69	21.9
270	20.5
42	54.8
60	45.9
92	39.4
50	28.8
78	45.8
35	43.7
297	64.0
282	-0.46
120
21	Texas
   6 seed, R32	B12	2	0–2
0–1	106.3
118	86.5
17	.9140
21	44.0
284	41.7
19	20.0
255	17.7
147	27.7
158	35.1
300	28.4
194	56.0
332	37.5
330	36.7
4	36.4
86	36.7
243	37.9
141	27.5
27	63.3
301	-0.5
128
22	Kentucky
   2 seed, R64	SEC	3	2–1
1–0	113.8
43	92.9
48	.9122
22	47.8
204	47.5
101	15.7
112	15.7
224	32.4
73	26.8
146	28.2
196	28.8
145	51.1
131	48.6
138	26.0
276	30.3
113	27.6
314	37.3
196	68.3
116	+0.8
23
23	St. John's	BE	4	2–2
1–1	113.3
49	92.6
47	.9107
23	50.6
127	45.3
58	12.0
26	17.1
172	23.3
242	28.9
199	24.3
245	34.0
205	53.3
81	51.4
199	29.6
229	24.2
24	30.8
274	40.1
255	72.4
17	-0.15
86
24	Davidson
   10 seed, R64	A10	5	3–2
1–1	120.1
12	99.2
133	.8998
24	55.2
39	49.3
160	11.9
22	13.8
264	17.9
313	17.9
17	34.8
111	31.1
178	52.8
99	47.5
119	39.3
51	34.5
206	39.6
104	41.4
274	66.4
195	-0.27
94
25	Baylor
   1 seed, R32	B12	2	1–1
1–0	121.9
9	100.8
155	.8989
25	47.1
224	57.3
308	12.8
41	19.6
84	33.3
57	20.7
38	35.0
107	17.3
18	54.8
60	56.3
282	23.4
301	39.1
277	39.2
115	41.8
279	67.7
146	-0.07
77
Rk	Team	Conf	G	Rec	AdjOE	AdjDE	Barthag	Efg%	EfgD%	TOR	TORD	ORB	DRB	FTR	FTRD	2P%	2P%D	3P%	3P%D	3PR	3PRD	Adj T.	WAB
26	Arizona
   1 seed, Sweet Sixteen	P12	5	5–0
2–0	124.5
3	103.0
189	.8987
26	58.8
11	51.5
218	17.0
159	17.0
179	29.3
119	26.4
136	48.5
10	23.8
78	59.0
27	46.2
96	38.8
55	40.7
293	31.7
256	35.6
155	71.0
38	+1.7
7
27	Saint Mary's
   5 seed, R32	WCC	2	1–1
0–0	121.9
8	101.1
159	.8956
27	53.1
68	53.9
269	15.3
102	9.2
334	26.2
194	25.4
120	24.6
240	35.3
224	51.8
114	49.4
159	37.9
64	44.8
320	25.4
326	25.0
14	61.2
327	+0.24
53
28	Connecticut
   5 seed, R64	BE	4	2–2
1–1	114.0
42	94.8
74	.8924
28	44.8
272	48.3
123	13.0
45	12.6
296	38.5
14	24.5
103	19.7
298	17.7
22	44.5
267	45.1
80	30.3
218	35.6
222	30.5
281	37.7
212	62.0
320	+0.01
72
29	Chattanooga
   13 seed, R64	SC	3	3–0
0–0	110.7
65	92.1
42	.8915
29	52.4
88	51.6
219	16.7
149	16.1
209	31.1
86	16.5
12	30.9
156	25.5
101	61.0
12	56.5
286	25.0
280	30.6
122	36.4
172	45.9
319	62.2
318	+0.7
26
30	Miami FL
   10 seed, Elite Eight	ACC	4	3–1
2–0	119.8
13	99.9
144	.8891
30	57.7
17	51.9
227	14.7
78	17.7
147	26.5
188	33.8
288	21.5
276	30.3
168	61.0
12	50.3
181	34.2
127	36.8
244	33.9
220	32.9
94	65.2
242	+1.1
16
31	Purdue
   3 seed, Sweet Sixteen	B10	4	3–1
1–0	116.9
28	97.7
113	.8865
31	49.8
148	48.2
120	18.3
197	10.5
328	38.5
14	27.0
150	35.4
101	18.5
28	50.0
152	52.0
218	32.9
158	28.3
65	36.3
176	39.8
250	64.8
261	+1.0
19
32	New Mexico St.
   12 seed, R32	WAC	4	3–1
1–1	113.5
48	95.0
75	.8859
32	52.6
80	45.2
55	21.8
298	18.6
115	36.4
33	30.3
227	36.4
90	27.4
123	56.9
40	46.0
94	32.0
183	29.3
90	47.8
22	37.4
201	62.7
313	-0.08
80
33	Vanderbilt	SEC	5	4–1
1–0	108.1
90	90.5
27	.8850
33	52.4
88	45.9
68	14.7
78	17.5
155	24.7
222	24.4
101	34.0
121	31.0
176	51.3
124	48.9
149	35.7
98	27.3
47	48.1
20	37.4
201	69.2
78	+0.9
21
34	Indiana
   12 seed, R64	B10	6	3–3
0–2	110.1
69	92.3
43	.8843
34	48.6
180	49.2
152	13.9
58	18.7
108	28.5
141	28.2
183	25.5
231	33.6
203	50.2
150	44.1
67	29.6
229	37.8
257	27.8
313	40.9
264	66.4
195	+0.04
70
35	Auburn
   2 seed, R32	SEC	3	2–1
2–0	107.1
106	90.2
23	.8771
35	46.4
247	45.2
55	16.5
141	23.2
20	28.2
147	35.2
301	33.7
127	28.7
143	42.6
299	45.5
84	34.1
130	29.6
101	44.0
46	28.7
38	71.4
32	+0.34
46
36	Delaware
   15 seed, R64	CAA	3	3–0
0–0	100.8
194	85.1
10	.8750
36	47.2
220	38.8
5	17.1
163	17.1
172	30.6
96	27.7
170	39.4
55	28.2
135	51.3
124	44.0
65	24.4
294	19.7
8	28.1
308	35.9
164	66.0
214	+0.8
24
37	Arizona St.	P12	3	2–1
2–0	104.9
148	88.6
21	.8741
37	54.8
44	43.3
36	15.6
108	22.1
33	17.5
316	28.7
195	22.0
268	19.9
39	53.6
78	43.2
51	37.9
64	28.9
79	34.5
211	44.4
302	68.1
131	-0.44
115
38	Colorado	P12	4	2–2
1–0	114.5
38	96.8
102	.8740
38	51.8
103	52.0
229	14.9
88	16.0
211	27.9
154	20.0
29	22.1
267	32.3
189	43.6
284	49.3
157	42.3
29	37.6
254	41.1
85	37.1
189	69.5
73	+0.5
34
39	Michigan St.
   7 seed, R32	B10	5	3–2
1–1	114.2
41	96.6
99	.8725
39	52.5
83	49.3
160	16.2
129	12.6
296	28.6
136	25.9
128	29.8
175	31.2
179	51.5
117	49.7
169	36.3
88	32.5
153	31.9
251	42.7
286	67.5
156	+0.6
32
40	Wake Forest	ACC	3	2–1
1–0	112.9
51	95.5
86	.8720
40	58.5
13	48.3
123	20.0
255	16.4
199	28.4
143	23.7
79	38.4
67	39.4
265	64.5
6	42.5
41	32.9
158	38.8
271	39.5
109	37.2
191	73.7
9	-0.6
139
41	UAB
   12 seed, R64	CUSA	5	5–0
2–0	117.1
26	99.2
130	.8719
41	57.1
20	46.9
83	18.8
216	16.7
188	32.9
65	26.1
132	38.0
75	34.1
208	50.0
152	53.0
236	46.0
11	24.6
27	37.3
152	38.1
216	70.1
59	+1.1
15
42	Ohio St.
   7 seed, R32	B10	3	1–2
1–1	120.6
11	102.4
180	.8681
42	57.1
20	50.6
190	16.0
122	12.9
290	21.7
268	29.3
206	32.9
135	28.0
132	53.7
76	46.2
96	41.7
31	39.7
282	38.7
126	33.1
96	66.3
203	-0.9
226
43	Washington	P12	4	3–1
2–0	109.5
76	93.1
56	.8660
43	49.8
148	48.5
134	14.5
71	23.6
15	32.9
65	33.8
288	30.3
164	24.9
92	51.2
128	49.0
150	31.3
194	31.6
135	32.8
236	32.6
91	69.4
74	+0.05
68
44	Washington St.	P12	5	4–1
2–0	106.7
113	90.9
30	.8627
44	48.5
183	43.6
39	14.9
88	18.7
108	25.5
208	33.0
280	30.2
166	28.6
140	43.8
280	44.4
72	36.0
93	27.8
53	45.6
36	30.3
57	68.6
99	+0.31
50
45	San Diego St.
   8 seed, R64	MWC	5	4–1
2–0	101.3
188	86.4
16	.8614
45	47.0
228	45.4
60	22.5
311	21.3
46	31.4
79	27.5
164	36.1
91	38.6
257	45.4
246	43.0
47	33.8
137	32.7
158	30.4
284	39.0
236	65.0
250	+1.1
14
46	Boise St.
   8 seed, R64	MWC	4	3–1
0–1	109.1
82	93.1
54	.8613
46	53.0
71	49.5
166	20.7
273	17.5
155	24.8
219	25.4
120	34.2
118	23.6
76	55.5
53	49.3
157	32.4
170	33.3
166	35.7
188	32.7
92	64.5
268	+0.9
22
47	LSU
   6 seed, R64	SEC	4	2–2
1–1	112.9
50	96.5
97	.8590
47	47.4
216	47.8
108	18.7
211	24.9
6	31.4
79	39.1
327	38.9
61	43.2
300	52.7
103	51.6
208	25.6
278	28.7
77	36.8
167	44.5
303	67.9
139	-0.02
75
48	Tulane	Amer	4	2–2
1–1	114.4
40	97.8
116	.8587
48	53.0
71	47.2
93	18.0
189	16.9
182	21.3
275	36.1
307	32.3
141	24.4
85	57.6
32	43.5
57	30.6
210	34.5
206	39.2
115	45.7
317	68.9
88	-0.08
78
49	Murray St.
   7 seed, R32	OVC	2	2–0
0–0	117.3
24	100.3
147	.8583
49	52.9
77	51.8
225	17.7
184	13.3
277	40.8
6	17.8
16	41.2
38	43.1
296	46.8
216	51.5
203	42.9
23	34.9
211	35.3
194	39.4
243	67.0
173	+0.36
45
50	Nebraska	B10	2	1–1
1–0	114.5
39	98.2
122	.8538
50	52.4
88	46.6
81	16.0
122	16.7
188	16.9
320	32.9
276	39.0
57	36.1
234	59.7
21	50.0
172	24.2
296	28.3
65	31.4
263	44.5
303	68.8
94	+0.04
69
Rk	Team	Conf	G	Rec	AdjOE	AdjDE	Barthag	Efg%	EfgD%	TOR	TORD	ORB	DRB	FTR	FTRD	2P%	2P%D	3P%	3P%D	3PR	3PRD	Adj T.	WAB
51	Colgate
   14 seed, R64	Pat	3	3–0
0–0	115.5
33	99.3
135	.8509
51	66.6
1	44.9
52	15.8
118	18.8
105	20.3
286	28.3
186	33.8
125	15.1
9	59.4
25	40.0
17	53.7
1	35.2
217	33.8
224	38.2
218	67.7
146	+0.14
62
52	Rutgers
   11 seed, R68	B10	4	2–2
2–0	115.5
34	99.4
137	.8497
52	53.4
66	49.2
152	14.6
75	13.5
271	27.4
166	29.4
210	22.4
263	31.6
183	51.9
112	52.3
221	37.3
76	29.1
86	35.0
199	36.3
175	63.9
285	+0.6
28
53	San Francisco
   10 seed, R64	WCC	2	1–1
0–0	107.5
98	92.5
46	.8491
53	47.9
201	50.4
185	14.0
61	16.8
186	25.6
206	20.0
29	40.3
50	38.1
253	46.2
228	60.0
317	33.3
144	18.2
4	45.4
38	29.2
43	68.4
110	+0.26
52
54	Illinois
   4 seed, R32	B10	3	2–1
2–0	107.6
96	93.0
50	.8433
54	45.5
260	49.4
163	14.4
68	15.0
243	27.0
177	25.2
112	34.5
113	22.0
59	40.6
313	48.7
142	34.7
122	33.9
183	42.9
52	32.4
85	65.3
237	+0.37
44
55	Saint Peter's
   15 seed, Elite Eight	MAAC	4	4–0
1–0	98.1
233	84.7
8	.8431
55	49.3
158	33.8
1	17.2
167	18.7
108	23.5
239	28.9
199	39.5
52	41.9
288	46.1
231	34.8
1	37.5
72	21.3
13	31.2
269	35.7
159	65.3
237	+0.45
39
56	Dayton	A10	4	3–1
1–0	113.6
47	98.6
125	.8357
56	56.9
24	47.3
95	12.9
44	9.0
336	23.1
248	23.6
76	29.8
175	24.1
80	60.3
18	49.1
151	33.3
144	29.3
90	33.0
230	34.0
114	63.8
287	-0.17
89
57	Morehead St.	OVC	3	2–1
0–0	100.5
199	87.3
19	.8343
57	48.8
171	44.4
45	16.3
134	19.9
78	23.9
231	26.7
144	25.3
236	30.4
169	43.9
279	41.4
30	38.1
62	34.0
186	37.1
159	31.1
63	64.4
272	-0.08
79
58	Charleston	CAA	2	1–1
0–0	106.7
115	92.9
49	.8300
58	52.0
97	47.9
111	21.0
279	16.7
188	41.8
4	25.4
120	26.2
226	24.4
85	50.0
152	45.8
90	38.2
61	34.0
186	27.9
312	39.5
247	68.9
88	-0.5
136
59	TCU
   9 seed, R32	B12	4	1–3
0–2	105.5
136	92.1
41	.8264
59	49.5
155	48.7
141	23.7
323	16.3
202	32.2
75	27.9
180	35.7
98	30.0
163	49.3
168	50.3
181	33.3
144	30.4
117	28.6
305	34.3
121	67.1
171	+0.01
71
60	SMU	Amer	5	4–1
2–0	104.8
149	91.5
35	.8260
60	46.7
238	42.9
28	14.2
65	18.2
130	26.2
194	29.3
206	40.9
41	27.7
126	45.5
241	42.4
38	32.3
172	29.2
87	42.6
54	34.1
117	69.1
80	+0.34
47
61	Duke
   2 seed, Final Four	ACC	4	2–2
0–1	121.4
10	106.3
231	.8218
61	54.5
47	54.0
271	13.8
55	11.2
321	29.4
116	31.8
259	29.2
186	23.0
68	60.1
19	49.4
159	30.0
223	41.2
298	37.0
161	36.6
180	68.9
88	+0.22
56
62	Niagara	MAAC	3	2–1
2–0	106.2
120	93.1
53	.8200
62	51.2
115	44.7
48	13.0
45	21.3
46	31.6
78	21.7
48	29.5
183	29.1
149	50.8
134	38.5
9	34.5
124	40.5
290	31.8
254	27.8
35	65.1
244	-0.7
173
63	Michigan
   11 seed, Sweet Sixteen	B10	3	1–2
1–1	114.9
35	100.8
154	.8190
63	48.7
176	57.7
312	15.5
105	17.0
179	32.4
73	25.3
116	21.5
276	30.1
164	46.8
216	48.6
138	35.0
112	50.0
331	32.3
244	34.4
123	66.4
195	-0.14
85
64	Samford	SC	2	1–1
0–0	115.9
30	101.7
172	.8171
64	59.4
9	50.9
202	26.3
333	18.1
131	37.7
24	37.3
317	43.3
28	33.0
194	53.2
85	60.0
317	44.2
16	27.8
53	47.8
22	49.5
334	64.2
275	-0.44
116
65	Cincinnati	Amer	3	1–2
0–1	111.5
57	97.9
120	.8170
65	43.4
291	47.4
96	12.2
32	17.2
169	27.9
154	30.9
243	31.3
152	47.7
310	40.0
317	51.4
199	31.7
186	26.0
32	45.1
40	32.3
82	66.1
209	-0.39
108
66	Arkansas
   4 seed, Elite Eight	SEC	4	2–2
1–1	114.6
37	100.7
152	.8162
66	46.9
234	48.3
123	19.8
248	18.0
136	30.8
93	31.4
251	46.0
14	40.6
276	50.7
140	44.2
71	27.3
262	37.5
250	38.9
122	34.2
120	71.4
32	+0.46
37
67	Drake	MVC	3	2–1
0–0	103.7
164	91.3
32	.8124
67	43.4
291	47.0
86	11.8
20	21.2
51	29.1
127	26.5
140	31.3
152	31.9
185	47.3
204	58.8
312	22.6
306	18.8
6	29.1
300	38.6
228	67.7
146	+0.15
61
68	Colorado St.
   6 seed, R64	MWC	3	2–1
1–0	112.4
53	99.0
128	.8106
68	53.5
63	50.7
192	18.5
207	20.7
59	23.5
239	33.0
280	30.6
160	23.5
75	61.5
9	58.0
304	26.4
274	24.5
26	36.8
167	34.6
128	61.0
328	+0.41
42
69	Santa Clara	WCC	3	1–2
0–0	106.7
114	94.1
67	.8078
69	47.0
228	44.5
46	14.7
78	13.3
277	25.0
214	25.2
112	30.8
158	24.5
89	45.4
246	40.3
19	33.3
144	36.2
233	34.6
207	30.2
55	71.2
36	-0.17
88
70	St. Bonaventure	A10	3	2–1
1–0	108.0
92	95.4
84	.8066
70	53.5
63	48.0
114	13.9
58	20.1
70	21.7
268	33.0
280	16.8
324	19.3
35	53.3
81	49.5
162	35.8
96	30.3
113	30.6
277	38.6
228	64.6
266	-0.35
102
71	Stanford	P12	4	1–3
0–2	113.8
44	100.6
151	.8051
71	53.7
58	54.1
274	22.0
301	15.7
224	30.9
90	23.7
79	19.8
297	30.9
175	48.3
180	53.8
246	41.6
34	36.5
240	38.4
132	37.0
188	65.8
221	-0.5
131
72	BYU	WCC	3	2–1
0–0	108.3
89	95.8
89	.8035
72	54.4
49	43.1
32	17.1
163	12.5
298	28.8
131	18.6
23	34.1
120	55.4
330	60.5
16	47.7
128	28.6
249	22.8
19	34.6
207	34.3
121	70.6
47	-0.28
95
73	West Virginia	B12	3	2–1
1–0	105.8
131	93.6
59	.8025
73	45.9
253	52.4
237	18.4
201	23.6
15	28.7
133	31.1
245	35.5
100	27.6
125	45.1
254	52.8
231	32.0
183	34.4
203	29.1
300	37.6
208	70.6
47	+0.7
27
74	Richmond
   12 seed, R32	A10	5	4–1
0–1	107.2
102	95.0
77	.7998
74	48.1
193	50.9
202	14.5
71	19.0
98	18.8
305	22.0
52	43.7
26	24.4
85	48.5
174	55.8
276	31.6
188	28.3
65	37.5
149	36.5
178	67.8
145	+1.2
13
75	New Mexico	MWC	2	1–1
1–0	105.9
129	94.0
64	.7970
75	47.0
228	48.2
120	17.1
163	18.5
117	23.7
235	24.7
105	39.0
57	46.4
308	43.4
287	52.9
233	35.7
98	27.3
47	35.6
190	39.3
239	71.9
24	-0.5
126
Rk	Team	Conf	G	Rec	AdjOE	AdjDE	Barthag	Efg%	EfgD%	TOR	TORD	ORB	DRB	FTR	FTRD	2P%	2P%D	3P%	3P%D	3PR	3PRD	Adj T.	WAB
76	Utah St.	MWC	4	2–2
1–0	104.9
147	93.3
58	.7927
76	52.4
88	49.5
166	18.7
211	19.5
85	33.1
61	21.5
46	28.2
196	26.2
109	52.5
106	54.3
252	34.9
116	27.0
45	37.9
141	34.6
128	67.2
166	-0.32
98
77	Furman	SC	3	2–1
0–0	114.8
36	102.2
176	.7907
77	55.0
42	55.6
293	12.8
41	21.3
46	22.0
259	28.6
190	31.4
148	26.1
106	64.4
7	59.8
316	31.4
193	32.1
145	54.1
9	36.6
180	60.9
330	-0.26
92
78	Clemson	ACC	4	3–1
2–0	105.1
144	93.7
61	.7891
78	52.5
83	48.0
114	15.7
112	17.2
169	19.2
302	24.1
91	28.1
199	29.3
153	55.2
55	48.8
146	32.2
177	31.4
129	39.4
110	45.3
312	66.7
187	+0.6
33
79	Penn St.	B10	5	2–3
0–2	105.4
137	94.0
65	.7884
79	47.4
216	48.4
130	15.6
108	13.0
284	30.0
103	21.3
44	21.2
283	29.5
158	48.1
185	47.5
119	31.0
201	33.3
166	42.3
62	37.2
191	61.4
324	-0.14
84
80	Notre Dame
   11 seed, R32	ACC	4	2–2
1–1	119.1
18	106.3
230	.7883
80	57.1
20	52.3
234	13.8
55	12.0
310	23.3
242	27.7
170	25.4
234	17.5
21	56.0
49	54.5
255	39.5
47	32.7
158	33.8
224	39.3
239	67.1
171	-0.8
210
81	Northern Kentucky	Horz	3	2–1
0–0	101.4
186	90.5
26	.7874
81	51.6
108	41.5
17	21.2
285	18.1
131	33.7
55	26.4
136	33.8
125	27.9
131	51.4
120	43.4
54	34.8
118	25.4
30	29.3
299	35.8
161	64.3
274	-0.7
153
82	Northern Iowa	MVC	3	2–1
0–0	105.5
135	94.6
70	.7771
82	48.0
197	48.5
134	14.5
71	21.6
38	22.4
253	31.7
258	24.9
238	24.0
79	46.6
220	45.8
90	32.9
158	34.7
208	49.1
17	43.9
300	66.7
187	-0.34
100
83	Longwood
   14 seed, R64	BSth	3	3–0
0–0	109.8
75	99.0
127	.7677
83	52.4
88	50.0
172	16.7
149	20.7
59	38.0
19	21.0
40	46.2
13	19.6
38	44.7
260	55.4
269	45.5
13	28.9
79	32.5
240	45.2
310	64.1
279	+0.30
51
84	South Dakota St.
   13 seed, R64	Sum	3	3–0
0–0	118.4
21	106.9
239	.7652
84	56.1
32	54.1
274	10.2
8	15.7
224	30.9
90	20.7
38	38.2
72	19.3
35	52.5
106	54.0
248	43.1
21	36.2
233	29.5
298	33.9
108	65.6
233	+0.32
49
85	Alabama
   6 seed, R64	SEC	3	0–3
0–2	111.3
59	100.5
149	.7635
85	47.5
213	54.4
278	25.2
330	17.4
163	35.0
44	23.8
85	39.0
57	48.3
314	54.8
60	53.6
243	27.6
260	37.1
248	53.8
10	36.0
168	73.6
10	-1.4
286
86	USC
   7 seed, R64	P12	3	1–2
0–1	105.9
127	95.7
87	.7625
86	52.6
80	45.3
58	23.9
326	9.2
334	26.1
198	23.6
76	29.0
188	39.6
267	50.5
145	43.5
57	37.5
72	33.3
166	36.1
180	26.6
19	65.9
218	-0.14
83
87	Massachusetts	A10	4	3–1
2–0	122.1
7	110.4
270	.7594
87	52.5
83	51.9
227	14.6
75	18.4
122	35.2
40	31.5
253	33.2
132	42.1
289	53.3
81	52.4
225	34.1
130	34.1
194	35.5
192	37.8
213	70.7
44	+0.10
65
88	Mount St. Mary's	NEC	2	1–1
0–0	110.0
73	99.7
140	.7575
88	55.2
39	42.2
22	12.7
40	21.5
40	29.5
115	36.8
313	20.7
290	29.4
155	52.9
95	44.4
72	41.4
36	26.1
34	25.0
329	42.2
280	60.8
331	-0.7
180
89	Georgia St.
   16 seed, R64	SB	3	3–0
0–0	113.6
46	103.0
190	.7553
89	48.0
197	46.3
73	14.8
84	20.9
54	33.3
57	36.8
313	36.8
85	28.7
143	40.8
310	40.7
22	43.1
21	37.7
256	29.8
293	35.1
146	65.1
244	+0.48
35
90	UTEP	CUSA	4	3–1
2–0	105.6
133	95.9
92	.7516
90	52.5
83	46.9
83	18.9
220	18.5
117	21.6
273	31.8
259	25.5
231	40.4
274	51.7
115	50.3
181	36.2
90	26.4
38	31.4
263	32.3
82	68.2
123	-0.16
87
91	Yale
   14 seed, R64	Ivy	3	3–0
1–0	103.2
166	93.8
62	.7499
91	53.0
71	49.7
171	14.8
84	15.9
218	24.8
219	18.4
22	31.5
147	21.4
47	52.8
99	56.7
288	35.6
101	26.8
41	35.8
186	42.3
282	64.9
258	+0.45
40
92	Bellarmine	ASun	3	3–0
0–0	119.5
17	108.7
252	.7476
92	58.1
16	50.9
202	11.4
15	18.8
105	22.1
256	35.9
305	17.4
319	22.8
65	53.4
79	56.3
282	42.5
25	29.6
101	45.3
39	44.9
307	60.0
338	+0.6
31
93	Boston College	ACC	5	2–3
0–2	109.1
81	99.3
136	.7468
93	55.2
39	56.8
303	20.0
255	20.0
76	25.5
208	24.0
88	39.0
57	28.6
140	54.0
74	58.1
305	38.8
55	36.2
233	30.0
288	34.4
123	63.8
287	-1.1
262
94	Akron
   13 seed, R64	MAC	4	4–0
1–0	106.8
110	97.4
109	.7430
94	53.2
67	48.5
134	16.8
152	21.2
51	27.3
169	29.1
204	35.9
94	29.3
153	48.0
190	50.4
185	40.7
42	30.0
109	39.3
112	34.1
117	61.4
324	+0.8
25
95	North Dakota St.	Sum	3	2–1
0–0	107.2
103	97.8
114	.7415
95	58.9
10	47.9
111	13.8
55	10.5
328	18.0
312	21.5
46	30.5
163	22.0
59	60.7
15	45.2
81	36.8
81	35.4
221	32.8
236	34.0
114	68.2
123	-0.41
111
96	Virginia	ACC	4	3–1
1–0	98.5
225	90.0
22	.7375
96	47.2
220	45.7
65	16.4
138	18.4
122	18.2
310	28.6
190	28.9
189	18.5
28	48.1
185	47.5
119	29.3
237	28.4
70	20.8
338	36.5
178	60.7
332	+0.33
48
97	Saint Louis	A10	6	4–2
2–0	105.9
130	96.9
104	.7350
97	48.7
176	49.4
163	18.8
216	15.9
218	29.9
105	23.4
73	31.0
154	26.6
116	45.4
246	49.1
151	37.4
75	33.3
166	31.0
271	36.0
168	68.6
99	+0.6
29
98	Mississippi St.	SEC	5	1–4
0–2	103.8
163	95.0
76	.7344
98	45.3
263	48.9
143	22.7
314	17.7
147	35.4
39	24.1
91	36.6
87	33.0
194	47.7
196	49.2
154	24.1
297	32.3
148	21.0
336	35.9
164	66.4
195	-0.7
152
99	Louisville	ACC	3	1–2
0–1	110.1
70	101.0
158	.7282
99	48.6
180	51.6
219	17.6
180	16.0
211	33.0
63	23.6
76	22.5
262	29.5
158	48.0
190	48.3
135	32.9
158	41.7
303	42.2
65	23.1
7	67.5
156	-1.0
258
100	Nevada	MWC	3	1–2
0–1	112.0
55	103.1
191	.7233
100	50.0
135	53.8
266	18.7
211	23.8
14	30.8
93	27.1
154	44.7
20	42.1
289	48.2
182	51.9
214	35.7
98	38.2
264	32.9
233	34.6
128	71.7
30	-0.9
227
Rk	Team	Conf	G	Rec	AdjOE	AdjDE	Barthag	Efg%	EfgD%	TOR	TORD	ORB	DRB	FTR	FTRD	2P%	2P%D	3P%	3P%D	3PR	3PRD	Adj T.	WAB
101	Louisiana Tech	CUSA	6	4–2
1–1	98.9
218	91.2
31	.7174
101	48.5
183	45.8
67	19.0
225	19.7
83	27.5
165	29.7
218	24.4
243	26.9
117	50.2
150	46.7
103	30.5
213	29.5
95	38.5
129	38.2
218	66.9
180	-0.06
76
102	Stephen F. Austin	WAC	3	2–1
2–0	108.9
84	100.6
150	.7133
102	52.7
78	54.1
274	21.1
282	23.0
23	34.4
52	26.4
136	40.7
45	53.1
326	52.6
104	51.5
203	35.3
106	39.6
280	30.5
281	33.1
96	67.2
166	-0.12
81
103	Wyoming
   12 seed, R68	MWC	5	2–3
1–1	98.6
223	91.7
37	.6972
103	45.9
253	46.4
74	22.0
301	17.8
141	26.4
191	25.4
120	29.7
179	32.5
191	45.3
249	48.4
136	31.1
199	28.3
65	44.2
45	33.6
103	66.9
180	-0.30
96
104	Princeton	Ivy	4	2–2
1–0	118.5
20	110.5
271	.6917
104	57.5
19	54.9
284	11.1
10	13.7
266	21.7
268	25.4
120	16.1
326	16.3
14	56.5
45	55.6
272	39.3
51	35.3
218	42.1
67	27.6
31	65.6
233	-0.46
119
105	Missouri St.	MVC	3	1–2
0–0	107.7
94	100.5
148	.6904
105	49.7
150	48.0
114	15.7
112	11.4
318	23.8
234	26.7
144	22.3
264	22.4
62	51.2
128	49.6
166	30.9
205	30.1
111	29.9
291	37.2
191	69.3
77	-0.5
125
106	Wright St.
   16 seed, R64	Horz	4	4–0
0–0	112.1
54	104.6
211	.6890
106	51.9
98	47.1
91	17.6
180	16.9
182	38.3
16	31.5
253	42.2
33	34.3
212	47.8
193	54.9
262	40.8
41	20.0
9	30.6
277	31.4
67	68.6
99	+0.42
41
107	Abilene Christian	WAC	6	5–1
2–0	106.0
124	99.1
129	.6854
107	47.6
209	49.3
160	15.9
120	30.2
1	27.3
169	35.0
299	43.3
28	51.6
324	47.7
196	48.1
132	31.6
188	33.9
183	34.9
203	44.6
305	68.4
110	+0.23
55
108	Mercer	SC	2	1–1
0–0	110.1
71	102.9
187	.6852
108	60.9
4	50.5
188	15.8
118	13.4
275	22.6
252	21.2
41	18.2
313	25.5
101	59.7
21	53.6
243	42.4
27	31.5
133	30.0
288	49.1
332	63.8
287	-0.5
133
109	Butler	BE	3	1–2
0–1	104.5
153	97.8
115	.6828
109	43.3
294	50.3
182	12.4
35	12.4
300	25.6
206	28.6
190	41.1
39	36.8
242	50.5
145	52.1
220	21.9
310	31.3
125	40.6
93	34.6
128	69.1
80	-0.35
101
110	Marquette
   9 seed, R64	BE	3	1–2
1–1	106.0
125	99.2
131	.6823
110	51.6
108	50.8
196	19.5
241	18.7
108	20.2
288	28.8
197	23.7
252	28.4
138	54.5
64	51.5
203	31.6
188	32.8
162	40.9
87	29.9
49	73.9
7	-0.7
188
111	Fresno St.	MWC	4	1–3
0–2	98.2
231	92.0
39	.6799
111	45.9
253	48.4
130	21.8
298	20.7
59	24.8
219	26.8
146	39.2
56	33.0
194	46.9
212	44.7
76	29.6
229	36.0
229	38.8
125	39.4
243	61.7
322	-1.1
264
112	North Texas	CUSA	5	3–2
1–1	97.0
246	90.9
29	.6776
112	48.2
189	42.7
26	18.9
220	17.9
139	31.8
76	24.2
95	38.8
62	36.3
235	52.2
109	45.4
83	29.1
243	23.9
23	45.9
31	29.0
41	59.2
339	-1.2
274
113	Xavier	BE	4	2–2
1–1	108.0
91	101.4
165	.6755
113	48.5
183	48.6
138	12.1
30	16.1
209	28.5
141	27.5
164	34.5
113	37.8
251	50.3
148	53.0
236	30.2
221	26.5
40	36.0
183	33.3
98	70.9
42	-1.0
259
114	Louisiana	SB	4	3–1
0–0	107.6
97	101.4
164	.6642
114	49.3
158	41.5
17	18.4
201	12.1
307	27.3
169	27.3
158	49.8
7	39.0
264	45.5
241	36.7
4	38.7
58	33.7
177	30.0
288	34.4
123	69.4
74	-0.30
97
115	Western Kentucky	CUSA	3	2–1
2–0	102.5
177	96.6
98	.6632
115	49.0
167	51.1
210	14.3
67	23.3
19	30.3
101	32.7
273	20.5
292	13.7
4	53.0
94	44.9
79	27.3
262	40.0
284	33.0
230	41.2
271	66.2
206	-0.47
121
116	Grand Canyon	WAC	4	3–1
2–0	106.2
119	100.2
145	.6621
116	46.6
241	45.1
54	15.0
93	18.4
122	34.9
46	25.3
116	34.0
121	43.7
302	47.1
208	46.8
105	30.6
210	27.8
53	41.2
83	33.8
105	66.5
192	-0.18
90
117	Florida Atlantic	CUSA	4	3–1
2–0	104.2
155	98.6
124	.6553
117	55.7
34	48.0
114	20.7
273	22.5
28	30.5
97	28.3
186	31.4
148	30.5
171	56.7
42	41.3
27	36.3
88	40.0
284	44.5
43	35.9
164	69.9
64	-0.36
104
118	DePaul	BE	3	1–2
1–1	110.8
63	105.0
216	.6494
118	50.3
132	52.5
239	15.5
105	12.7
295	27.0
177	28.6
190	27.7
209	20.6
44	52.8
99	55.2
266	30.3
218	30.5
120	34.6
207	28.9
39	70.4
50	-0.37
105
119	UC Santa Barbara	BW	3	2–1
1–0	109.9
74	104.4
208	.6450
119	54.3
51	50.3
182	18.1
191	17.6
153	26.7
185	25.3
116	27.3
215	21.7
52	56.0
49	47.8
129	33.3
144	37.3
249	28.0
310	30.7
60	64.6
266	-0.6
137
120	UNC Wilmington	CAA	3	2–1
0–0	99.6
209	94.6
69	.6450
120	47.3
219	43.4
37	15.6
108	19.3
91	28.7
133	36.4
311	27.9
202	28.1
134	44.0
276	43.9
62	36.7
82	28.3
65	29.7
294	31.7
71	60.6
335	-0.44
117
121	Northern Illinois	MAC	1	1–0
1–0	90.8
299	86.2
12	.6438
121	46.1
250	40.2
11	21.4
290	13.8
264	19.4
299	11.1
2	27.5
210	37.3
248	55.9
51	38.5
9	17.6
331	28.0
60	33.3
228	49.0
331	65.1
244	+0.12
63
122	Seton Hall
   8 seed, R64	BE	4	3–1
2–0	99.1
216	94.2
68	.6417
122	45.3
263	42.5
23	16.3
134	19.0
98	32.7
69	36.1
307	16.5
325	22.6
63	43.3
289	38.9
13	32.9
158	32.2
147	32.5
240	38.5
226	62.2
318	+0.47
36
123	Kansas St.	B12	2	0–2
0–1	110.0
72	104.9
215	.6345
123	52.6
80	60.8
325	16.3
134	20.8
56	16.7
322	27.8
174	21.1
285	28.3
136	50.8
134	60.0
317	36.7
82	41.5
301	43.0
51	38.7
231	68.0
134	-1.1
268
124	Valparaiso	MVC	2	1–1
0–0	104.6
152	99.7
141	.6344
124	52.3
93	49.6
168	16.2
129	13.1
282	22.0
259	15.2
7	26.6
223	16.8
16	56.3
46	48.7
142	31.1
199	34.3
198	41.3
81	31.0
61	66.5
192	-0.6
140
125	Florida	SEC	3	1–2
0–1	105.9
128	101.1
160	.6304
125	47.4
216	52.6
244	18.2
195	19.1
95	36.2
34	31.4
251	29.8
175	40.7
278	56.7
42	51.7
209	21.1
315	36.5
240	37.2
156	30.2
55	68.0
134	-0.8
222
Rk	Team	Conf	G	Rec	AdjOE	AdjDE	Barthag	Efg%	EfgD%	TOR	TORD	ORB	DRB	FTR	FTRD	2P%	2P%D	3P%	3P%D	3PR	3PRD	Adj T.	WAB
126	USC Upstate	BSth	3	2–1
0–0	106.4
116	101.6
170	.6297
126	51.6
108	50.3
182	12.4
35	21.9
35	16.3
326	33.9
291	18.8
309	47.9
311	50.8
134	41.6
31	35.3
106	40.5
290	36.6
169	45.4
313	70.7
44	-0.8
205
127	Cal St. Fullerton
   15 seed, R64	BW	5	4–1
1–1	103.5
165	98.8
126	.6294
127	50.4
130	47.8
108	18.1
191	22.8
26	29.2
123	32.5
271	33.7
127	23.1
71	45.5
241	42.3
36	41.0
37	36.8
244	30.7
276	42.9
287	65.0
250	-0.38
106
128	Central Michigan	MAC	2	0–2
0–1	99.6
210	95.2
81	.6261
128	48.2
189	48.1
119	20.3
263	11.7
314	28.6
136	23.1
67	23.9
248	37.0
243	56.3
46	52.3
221	24.4
294	27.9
59	41.3
81	39.8
250	65.8
221	-1.3
281
129	Wichita St.	Amer	3	2–1
2–0	106.9
109	102.3
178	.6239
129	48.8
171	46.1
71	16.5
141	12.4
300	36.0
35	22.2
58	31.0
154	39.4
265	55.0
59	49.5
162	25.0
280	27.3
47	35.1
197	40.0
253	64.9
258	-0.42
112
130	Bryant
   16 seed, R68	NEC	4	3–1
0–0	102.5
176	98.1
121	.6230
130	49.6
152	44.3
44	21.5
293	17.5
155	36.5
30	30.1
224	32.9
135	23.7
77	55.7
52	42.0
33	26.1
275	32.5
153	37.1
159	33.9
108	71.0
38	+0.17
58
131	Missouri	SEC	3	2–1
1–0	105.7
132	101.2
162	.6214
131	54.0
55	51.3
216	24.5
328	16.6
193	37.8
20	17.9
17	32.3
141	42.6
294	54.5
64	54.5
255	35.2
108	28.9
79	32.9
233	29.0
41	67.6
153	-0.01
74
132	Oregon	P12	5	2–3
0–2	108.5
88	103.9
204	.6204
132	50.2
134	50.2
181	14.0
61	15.4
231	25.9
201	30.2
226	27.8
206	34.2
211	50.7
140	49.5
162	32.7
164	34.2
195	31.6
258	38.0
215	72.7
14	-1.4
287
133	Temple	Amer	3	1–2
1–1	98.6
224	94.6
71	.6145
133	39.4
326	49.1
148	22.0
301	18.0
136	36.5
30	29.5
213	42.4
32	27.2
120	31.4
339	53.0
236	34.9
116	27.6
52	38.2
136	33.5
102	68.4
110	-0.6
146
134	Maryland	B10	3	1–2
1–1	109.4
78	105.5
221	.6050
134	49.5
155	52.8
252	12.6
38	18.0
136	26.4
191	30.4
234	26.5
224	27.7
126	52.8
99	47.3
115	29.9
228	41.5
301	41.6
74	36.7
183	69.0
84	-0.6
151
135	Belmont	OVC	2	0–2
0–0	99.4
211	95.8
90	.6040
135	47.6
209	48.2
120	20.3
263	19.5
85	19.0
304	31.9
261	30.1
170	28.9
148	50.7
140	50.0
172	27.8
256	30.0
109	35.0
199	35.1
146	67.7
146	-0.7
186
136	Northwestern	B10	3	2–1
1–0	106.1
122	102.3
177	.6032
136	50.0
135	55.7
294	14.9
88	14.9
244	25.9
201	25.0
107	26.1
227	27.7
126	45.6
240	49.6
166	37.8
67	44.6
317	39.4
110	35.3
150	70.0
62	+0.16
59
137	Rider	MAAC	5	3–2
1–1	109.5
77	105.6
225	.6022
137	54.8
44	52.4
237	19.9
252	17.1
172	29.7
109	27.7
170	26.7
221	28.6
140	51.6
116	45.5
84	41.5
35	41.0
295	30.4
284	42.9
287	64.5
268	-1.1
266
138	Southeast Missouri St.	OVC	2	1–1
0–0	101.3
187	97.9
117	.5989
138	50.4
130	48.3
123	18.8
216	21.5
40	27.3
169	27.4
161	45.7
15	40.9
279	50.0
152	50.6
189	33.9
135	28.1
63	48.3
19	27.8
35	74.8
4	-0.43
113
139	Wisconsin
   3 seed, R32	B10	2	0–2
0–1	104.6
150	101.2
161	.5952
139	43.3
294	53.8
266	12.0
26	13.5
271	29.1
127	17.9
17	38.3
71	35.8
230	46.6
220	62.3
328	25.5
279	20.7
11	39.2
115	27.4
25	64.5
268	-1.3
279
140	Florida St.	ACC	3	2–1
2–0	107.4
99	104.0
205	.5926
140	47.0
228	51.7
222	11.9
22	11.0
324	29.4
116	31.9
261	22.7
260	23.3
73	49.2
170	49.2
154	28.9
244	37.5
250	38.4
132	35.6
155	70.2
53	+0.05
67
141	Kent St.	MAC	5	3–2
1–0	107.0
107	103.8
199	.5873
141	50.7
125	54.9
284	16.9
158	17.8
141	33.9
54	24.2
95	27.4
213	35.8
230	48.4
178	57.5
296	36.4
86	34.4
203	37.7
146	45.5
314	66.1
209	-0.35
103
142	Iona	MAAC	4	1–3
1–1	106.7
111	103.6
195	.5858
142	53.0
71	49.4
163	21.5
293	19.0
98	37.8
20	34.8
297	27.4
213	28.8
145	54.1
71	49.4
159	33.8
137	32.9
164	33.8
224	34.7
133	68.2
123	-1.7
306
143	Middle Tennessee	CUSA	4	1–3
0–2	97.7
236	95.1
78	.5782
143	47.0
228	44.1
42	20.5
269	17.1
172	26.6
186	30.3
227	35.0
107	38.1
253	45.5
241	46.5
101	33.0
156	26.4
38	38.9
122	35.7
159	65.8
221	-1.9
322
144	UC Riverside	BW	3	1–2
1–1	110.5
66	107.6
243	.5759
144	58.3
14	49.2
152	19.8
248	15.2
236	23.3
242	31.0
244	26.1
227	25.3
98	51.1
131	49.6
166	46.0
11	31.7
138	40.1
98	23.0
6	63.1
307	-1.4
283
145	Georgia Tech	ACC	3	1–2
1–1	109.4
79	106.6
237	.5728
145	56.6
26	54.9
284	17.6
180	17.2
169	18.5
307	24.7
105	28.9
189	29.9
162	54.7
63	57.5
296	40.0
44	33.8
181	36.1
180	39.1
238	68.1
131	-1.0
257
146	Montana St.
   14 seed, R64	BSky	5	5–0
2–0	105.2
139	102.7
184	.5685
146	56.5
27	47.6
103	16.2
129	16.2
207	23.2
245	23.3
72	43.9
23	31.4
181	59.3
26	47.4
116	34.0
132	31.9
142	34.7
205	32.4
85	69.9
64	+0.40
43
147	VCU	A10	3	1–2
0–1	106.4
117	103.9
203	.5684
147	56.3
29	53.4
261	19.5
241	19.1
95	25.8
203	28.7
195	23.8
250	42.2
292	59.0
27	48.5
137	33.3
144	41.4
299	30.4
284	36.0
168	68.2
123	-1.1
263
148	Texas Southern
   16 seed, R64	SWAC	5	5–0
1–0	97.6
240	95.4
83	.5658
148	49.0
167	39.5
7	19.0
225	17.6
153	28.3
145	27.0
150	40.7
45	36.5
238	46.6
220	37.5
6	36.6
85	29.5
95	28.3
306	29.7
45	70.6
47	+0.23
54
149	Quinnipiac	MAAC	5	2–3
0–2	103.1
169	101.0
156	.5588
149	49.6
152	47.4
96	19.8
248	15.4
231	28.0
149	28.8
197	24.4
243	23.4
74	45.8
236	45.5
84	36.2
90	34.3
198	45.9
31	32.1
78	68.0
134	-1.7
308
150	The Citadel	SC	2	1–1
0–0	103.2
167	101.5
169	.5473
150	51.3
114	46.9
83	12.0
26	12.0
310	20.0
290	28.0
182	38.5
65	24.4
85	50.7
140	58.5
311	34.8
118	18.4
5	39.3
112	37.4
201	68.7
96	-0.43
114
Rk	Team	Conf	G	Rec	AdjOE	AdjDE	Barthag	Efg%	EfgD%	TOR	TORD	ORB	DRB	FTR	FTRD	2P%	2P%D	3P%	3P%D	3PR	3PRD	Adj T.	WAB
151	Tennessee Tech	OVC	2	1–1
0–0	96.8
247	95.3
82	.5424
151	53.0
71	39.4
6	18.3
197	13.9
261	19.7
296	32.3
265	19.1
304	16.1
12	51.3
124	41.3
27	37.8
67	24.6
27	32.2
247	41.6
276	71.1
37	-0.7
160
152	Georgetown	BE	3	0–3
0–2	107.1
105	105.6
224	.5414
152	42.9
299	52.7
250	18.0
189	15.5
229	34.7
48	35.5
304	27.2
218	22.6
63	41.5
304	50.0
172	30.3
218	38.2
264	35.9
185	36.6
180	65.8
221	-1.3
280
153	Norfolk St.
   16 seed, R64	MEAC	4	4–0
1–0	102.9
171	101.5
168	.5409
153	53.7
58	42.9
28	23.1
320	17.3
165	38.3
16	27.3
158	42.1
34	28.0
132	52.1
111	44.4
72	37.8
67	27.4
51	34.3
216	47.3
325	65.8
221	+0.16
60
154	UNLV	MWC	3	1–2
1–1	91.7
294	90.9
28	.5250
154	41.5
312	42.8
27	14.6
75	17.5
155	21.0
279	26.3
135	30.1
170	30.6
172	44.7
260	42.3
36	24.7
290	29.0
84	41.5
76	35.8
161	67.9
139	-1.0
260
155	VMI	SC	1	0–1
0–0	104.0
157	103.2
192	.5233
155	56.5
27	49.2
152	17.2
167	12.5
298	10.3
338	27.0
150	9.3
337	20.0
40	60.9
14	50.0
172	35.5
103	32.1
145	57.4
2	46.7
321	67.0
173	-0.8
195
156	Tulsa	Amer	4	2–2
1–1	109.0
83	108.2
248	.5198
156	47.1
224	50.6
190	14.5
71	13.7
266	26.8
179	32.9
276	38.4
67	32.1
186	45.9
234	50.7
191	32.6
167	33.7
177	39.7
101	42.6
284	65.1
244	-0.8
191
157	Wagner	NEC	3	2–1
0–0	97.7
238	97.2
107	.5144
157	49.7
150	47.5
101	17.0
159	20.6
63	31.3
84	27.5
164	21.5
276	38.8
261	47.4
199	52.9
233	35.8
96	25.0
29	37.0
161	35.0
140	63.3
301	-0.7
161
158	Cornell	Ivy	2	1–1
1–0	101.8
182	101.4
167	.5128
158	55.5
37	52.9
253	15.1
96	14.4
252	24.3
226	16.7
13	9.4
336	18.0
26	48.1
185	58.1
305	44.9
14	31.7
138	38.3
134	49.2
333	68.4
110	-0.7
168
159	Portland St.	BSky	5	3–2
1–1	94.1
268	93.7
60	.5119
159	48.5
183	47.0
86	14.9
88	24.5
10	21.7
268	31.5
253	35.1
105	46.2
307	50.5
145	50.9
193	29.3
237	26.9
43	29.9
291	37.3
196	73.9
7	-1.5
289
160	Weber St.	BSky	3	1–2
0–1	100.2
202	99.8
142	.5115
160	52.3
93	53.5
264	18.4
201	21.9
35	21.3
275	22.2
58	36.1
91	47.9
311	54.3
68	54.9
262	32.0
183	34.0
186	32.3
244	36.8
186	67.3
163	-1.6
298
161	Saint Joseph's	A10	3	1–2
1–1	90.6
301	90.3
24	.5091
161	44.2
281	41.3
16	20.7
273	14.2
255	29.6
113	26.0
130	11.0
334	21.9
54	39.4
322	40.4
21	33.8
137	28.4
70	42.5
57	40.4
257	65.7
229	-1.6
294
162	Winthrop	BSth	3	2–1
0–0	103.1
170	102.9
188	.5046
162	51.7
106	47.6
103	21.9
300	17.8
141	28.1
148	29.5
213	41.6
35	31.0
176	54.0
74	41.6
31	32.3
172	40.0
284	41.6
74	32.7
92	66.0
214	-0.5
127
163	Youngstown St.	Horz	1	1–0
0–0	95.7
256	95.9
91	.4961
163	43.0
298	39.7
9	19.3
234	16.6
193	31.4
79	30.6
235	43.9
23	30.2
166	43.6
284	47.2
111	27.8
256	0.0
1	31.6
258	15.9
1	68.0
134	+0.00
73
164	La Salle	A10	4	3–1
2–0	95.0
260	95.1
79	.4954
164	47.2
220	44.8
51	16.2
129	17.3
165	23.2
245	29.7
218	21.1
285	16.5
15	46.6
220	43.4
54	32.1
180	31.5
133	36.2
178	35.9
164	65.9
218	-0.13
82
165	East Carolina	Amer	2	0–2
0–1	101.0
192	101.3
163	.4926
165	45.2
269	50.4
185	17.7
184	14.0
259	18.6
306	27.5
164	21.9
270	29.7
160	48.5
174	54.1
249	27.1
269	29.5
95	42.1
67	37.3
196	67.6
153	-1.2
272
166	Florida Gulf Coast	ASun	2	1–1
0–0	116.9
27	117.3
313	.4924
166	59.5
8	60.5
322	19.2
230	11.5
317	43.8
3	24.2
95	20.7
290	12.9
2	60.0
20	57.4
295	39.3
51	42.9
306	46.3
28	45.2
310	68.6
99	-0.8
193
167	Utah Valley	WAC	4	1–3
0–2	97.3
243	97.6
112	.4907
167	48.8
171	47.0
86	22.8
317	13.5
271	30.2
102	23.2
69	35.0
107	25.7
105	48.2
182	48.1
132	33.3
144	30.3
113	32.5
240	43.0
290	64.8
261	-1.7
302
168	Boston University	Pat	2	1–1
0–0	119.7
15	120.2
322	.4903
168	59.6
6	50.4
185	16.5
141	14.2
255	25.5
208	30.3
227	30.3
164	29.4
155	56.9
40	58.4
310	43.2
20	23.8
22	33.9
220	35.3
150	65.0
250	-0.7
177
169	Nebraska Omaha	Sum	1	0–1
0–0	115.6
32	116.0
306	.4901
169	59.6
6	54.4
278	22.2
306	10.4
330	34.5
50	38.2
325	22.8
259	57.9
334	52.4
108	47.5
119	53.3
2	47.1
326	26.3
321	29.8
47	65.0
250	-0.6
143
170	Jacksonville St.
   15 seed, R64	ASun	2	1–1
0–0	95.7
257	96.1
95	.4900
170	50.0
135	47.2
93	20.3
263	20.3
66	27.6
160	27.1
154	29.8
175	22.9
67	61.5
9	38.3
8	20.5
323	38.8
271	37.5
149	45.0
308	67.5
156	-0.8
214
171	Lipscomb	ASun	1	0–1
0–0	78.7
334	79.0
4	.4898
171	35.3
336	35.1
3	8.0
3	12.8
293	12.2
336	22.0
52	19.0
307	22.8
65	42.1
303	44.0
65	15.0
336	18.8
6	34.5
211	56.1
340	64.7
265	-0.6
144
172	Texas St.	SB	2	0–2
0–0	106.0
126	106.4
232	.4894
172	42.7
303	50.9
202	11.1
10	18.4
122	28.0
149	33.8
288	38.2
72	45.9
306	42.9
296	45.5
84	28.2
252	39.5
279	31.7
256	39.4
243	66.8
183	-0.8
218
173	Long Beach St.	BW	6	4–2
2–0	103.9
160	104.4
209	.4862
173	48.1
193	57.0
305	16.1
126	22.4
31	26.2
194	24.3
99	37.3
81	21.6
51	47.9
192	56.7
288	32.2
177	38.4
267	35.8
186	38.1
216	68.3
116	-0.39
107
174	Oregon St.	P12	3	0–3
0–2	107.1
104	107.8
245	.4814
174	47.6
209	56.3
297	19.4
238	16.0
211	27.2
174	33.3
283	30.0
172	26.9
117	43.2
293	57.6
299	38.5
59	35.9
227	30.6
277	35.2
148	67.9
139	-1.5
292
175	Miami OH	MAC	2	1–1
1–0	109.2
80	110.5
272	.4677
175	52.5
83	51.4
217	15.2
100	22.5
28	25.7
204	41.3
337	24.6
240	43.1
296	59.7
21	60.3
320	28.0
254	26.1
34	41.0
86	42.2
280	68.6
99	-0.7
185
Rk	Team	Conf	G	Rec	AdjOE	AdjDE	Barthag	Efg%	EfgD%	TOR	TORD	ORB	DRB	FTR	FTRD	2P%	2P%D	3P%	3P%D	3PR	3PRD	Adj T.	WAB
176	South Carolina	SEC	2	0–2
0–1	90.4
302	91.6
36	.4618
176	39.5
325	45.6
63	22.1
305	18.9
103	27.6
160	31.3
247	30.6
160	42.1
289	36.8
332	41.3
27	29.2
241	38.2
264	38.7
126	27.0
22	76.2
1	-0.7
181
177	Jacksonville	ASun	3	2–1
0–0	105.0
146	106.5
234	.4600
177	48.8
171	52.2
233	14.1
64	15.2
236	33.0
63	24.4
101	35.2
104	25.5
101	51.3
124	55.1
264	28.8
247	32.4
151	31.5
260	43.3
295	62.0
320	-0.40
109
178	Little Rock	SB	2	1–1
0–0	115.7
31	117.4
314	.4583
178	57.7
17	52.1
230	20.6
272	22.2
32	35.8
36	36.1
307	32.0
143	58.5
335	44.8
256	47.5
119	51.3
4	40.0
284	40.2
97	37.2
191	61.0
328	-0.7
166
179	Buffalo	MAC	2	0–2
0–1	99.3
212	100.7
153	.4576
179	48.3
188	48.0
114	22.7
314	16.8
186	32.8
68	34.6
296	21.4
279	18.8
32	51.4
120	39.3
15	28.9
244	43.2
312	38.5
129	34.4
123	71.9
24	-1.4
285
180	Northern Colorado	BSky	5	3–2
1–1	103.9
159	105.5
223	.4562
180	51.9
98	49.2
152	18.4
201	13.7
266	24.4
225	25.1
110	37.9
76	43.0
295	49.4
167	50.0
172	37.2
77	31.4
129	39.6
104	28.9
39	71.9
24	-1.2
271
181	Portland	WCC	2	1–1
0–0	101.0
193	102.6
181	.4561
181	45.3
263	50.8
196	12.1
30	16.3
202	25.0
214	24.6
104	28.7
192	20.5
42	40.2
316	50.7
191	40.6
43	34.0
186	24.8
330	38.5
226	69.0
84	-0.5
124
182	Cleveland St.	Horz	3	1–2
0–0	100.6
197	102.2
174	.4558
182	48.9
169	51.8
225	18.5
207	23.2
20	36.8
28	32.3
265	31.9
144	41.1
281	55.2
55	54.1
249	20.8
319	32.3
148	26.4
319	39.9
252	69.4
74	-0.8
215
183	Mississippi	SEC	2	0–2
0–1	99.3
213	101.0
157	.4488
183	45.7
256	54.4
278	11.6
17	17.8
141	15.5
330	20.3
31	19.1
304	34.3
212	48.1
185	56.3
282	26.5
273	34.2
195	29.6
296	37.3
196	65.3
237	-1.5
291
184	George Mason	A10	3	0–3
0–2	95.8
254	97.6
111	.4484
184	46.5
246	46.4
74	15.5
105	14.5
251	19.8
294	34.5
295	27.5
210	35.2
222	43.3
289	46.3
100	33.3
144	31.0
123	47.4
25	32.4
85	64.2
275	-2.1
329
185	Rhode Island	A10	4	1–3
0–2	99.7
208	101.7
171	.4451
185	47.8
204	52.7
250	19.9
252	15.3
234	32.5
71	22.0
52	30.2
166	35.8
230	46.4
226	50.4
185	33.8
137	37.6
254	31.4
263	37.6
208	70.2
53	-2.0
326
186	Texas A&M Corpus Chris
   16 seed, R68	Slnd	6	4–2
1–1	100.5
200	102.6
183	.4384
186	51.9
98	47.8
108	19.2
230	18.5
117	29.2
123	25.1
110	30.6
160	37.2
247	50.0
152	46.8
105	37.5
72	32.7
158	29.7
294	45.1
309	69.0
84	-0.7
156
187	San Jose St.	MWC	2	0–2
0–1	100.1
203	102.4
179	.4348
187	51.9
98	53.2
258	22.8
317	20.5
64	23.2
245	39.1
327	27.9
202	40.9
279	50.8
134	55.4
269	35.6
101	33.3
166	43.3
49	40.9
264	65.0
250	-1.2
275
188	Cal Poly	BW	3	2–1
2–0	104.1
156	106.6
236	.4303
188	50.0
135	47.1
91	19.5
241	15.3
234	27.7
158	23.7
79	29.7
179	34.6
219	53.1
88	41.2
25	30.0
223	38.9
275	38.0
140	34.6
128	63.5
296	-0.7
171
189	N.C. State	ACC	3	0–3
0–2	111.1
61	113.9
294	.4293
189	45.4
261	58.1
313	10.9
9	13.3
277	24.2
227	30.3
227	37.5
79	31.7
184	38.7
326	63.2
331	37.0
79	33.3
166	39.7
101	38.7
231	69.1
80	-1.4
288
190	UCF	Amer	4	1–3
0–2	102.9
172	105.5
222	.4280
190	47.5
213	50.8
196	16.8
152	18.3
126	26.8
179	35.2
301	25.8
230	26.1
106	44.2
272	47.1
110	34.2
127	38.0
260	46.3
28	37.6
208	68.3
116	-1.4
284
191	Toledo	MAC	4	2–2
1–0	103.9
161	106.5
235	.4279
191	51.0
116	50.0
172	11.9
22	15.8
220	29.7
109	29.6
216	23.7
252	16.0
11	53.1
88	53.3
242	31.3
194	29.7
104	33.9
220	37.4
201	65.9
218	-0.7
162
192	Gardner Webb	BSth	2	1–1
0–0	92.6
284	95.2
80	.4234
192	45.6
259	43.2
35	21.3
288	17.5
155	29.7
109	20.3
31	23.9
248	56.3
333	41.0
307	43.1
49	37.1
78	28.9
79	31.0
271	39.6
249	67.9
139	-0.7
169
193	Southern Utah	BSky	4	3–1
2–0	108.9
85	112.2
284	.4147
193	53.7
58	55.4
292	16.6
146	17.7
147	29.9
105	19.0
25	37.2
82	29.4
155	57.1
36	54.7
258	32.7
164	37.8
257	42.4
61	37.1
189	69.0
84	-0.6
145
194	Appalachian St.	SB	3	1–2
0–0	102.2
178	105.4
219	.4130
194	53.1
68	47.4
96	20.4
267	16.0
211	27.6
160	30.1
224	40.9
41	20.0
40	44.2
272	39.1
14	42.5
25	46.2
323	45.9
31	27.4
25	68.5
106	-0.7
159
195	Hawaii	BW	4	2–2
1–1	98.8
219	101.9
173	.4127
195	48.6
180	48.6
138	21.1
282	18.8
105	33.1
61	25.2
112	35.3
103	32.7
192	47.1
208	47.6
126	33.7
143	33.8
181	41.5
76	31.3
65	65.7
229	-1.3
278
196	Louisiana Monroe	SB	1	0–1
0–0	110.1
68	114.5
298	.3910
196	60.2
5	50.0
172	17.9
186	19.3
91	12.9
335	41.7
338	15.3
328	48.3
314	53.7
76	46.7
103	50.0
5	40.0
284	30.5
281	25.0
14	71.4
32	-0.9
231
197	Monmouth	MAAC	5	3–2
1–1	105.3
138	109.5
263	.3886
197	46.9
234	51.7
222	16.0
122	17.3
165	33.3
57	27.2
156	38.4
67	34.4
214	39.4
322	51.0
194	39.6
46	35.3
218	37.3
152	39.4
243	62.8
312	-1.2
273
198	Oakland	Horz	1	0–1
0–0	106.1
121	110.6
274	.3851
198	44.3
279	46.0
69	13.0
45	4.9
340	25.0
214	37.5
319	37.7
78	33.3
199	57.6
32	47.6
126	15.0
336	28.6
72	37.7
146	33.3
98	60.3
336	-0.8
194
199	UMass Lowell	AE	2	1–1
1–0	105.5
134	110.1
266	.3800
199	53.1
68	51.2
213	16.8
152	13.4
275	39.1
11	26.8
146	28.2
196	34.4
214	57.1
36	48.7
142	27.3
262	36.5
240	25.2
328	40.6
260	69.7
71	-0.7
175
200	Georgia Southern	SB	2	1–1
0–0	101.3
189	105.7
227	.3797
200	46.6
241	46.4
74	16.0
122	15.2
236	28.0
149	33.3
283	23.5
254	49.1
319	40.7
311	42.9
45	39.5
47	36.4
236	31.9
251	30.0
52	67.4
160	-0.6
148
Rk	Team	Conf	G	Rec	AdjOE	AdjDE	Barthag	Efg%	EfgD%	TOR	TORD	ORB	DRB	FTR	FTRD	2P%	2P%D	3P%	3P%D	3PR	3PRD	Adj T.	WAB
201	Fordham	A10	4	2–2
1–1	90.0
305	93.9
63	.3787
201	41.6
311	49.6
168	18.3
197	16.5
197	30.4
98	20.4
34	34.5
113	34.1
208	44.6
263	47.9
130	24.7
290	34.9
211	40.1
98	37.2
191	68.5
106	-0.9
250
202	Coastal Carolina	SB	2	1–1
0–0	92.4
285	96.6
100	.3741
202	47.0
228	43.4
37	19.2
230	19.2
94	29.1
127	20.5
35	33.0
134	23.0
68	44.0
276	44.6
75	35.0
112	28.1
63	34.8
204	50.4
336	68.1
131	-0.9
242
203	Charlotte	CUSA	3	2–1
2–0	95.8
255	100.2
146	.3719
203	44.4
278	51.0
209	16.4
138	17.4
163	30.4
98	23.7
79	21.1
285	34.4
214	49.5
164	51.5
203	24.7
290	33.3
166	40.6
93	38.2
218	64.8
261	-0.6
149
204	North Carolina A&T	BSth	2	1–1
0–0	98.2
229	102.8
186	.3716
204	51.8
103	40.9
14	19.9
252	13.0
284	20.3
286	32.6
272	38.5
65	41.7
285	50.7
140	44.8
77	36.1
92	22.2
16	33.0
230	34.1
117	66.8
183	-0.8
190
205	Fairfield	MAAC	4	2–2
1–1	93.5
275	97.9
119	.3714
205	44.3
279	44.5
46	16.8
152	19.5
85	23.9
231	27.7
170	27.3
215	31.5
182	39.9
320	43.4
54	35.1
110	31.3
125	35.0
199	30.6
59	66.1
209	-1.1
267
206	Minnesota	B10	3	0–3
0–2	100.4
201	105.2
218	.3693
206	44.0
284	52.3
234	9.1
4	15.2
236	16.9
320	27.8
174	17.5
318	29.2
150	40.0
317	51.4
199	33.8
137	35.9
227	37.2
156	37.4
201	67.2
166	-1.7
300
207	Liberty	ASun	2	1–1
0–0	78.4
335	82.3
6	.3650
207	41.2
314	39.6
8	17.4
171	11.6
315	19.1
303	16.4
11	19.6
300	16.2
13	52.2
109	43.2
51	21.4
313	21.6
15	54.9
5	33.3
98	61.5
323	-0.9
228
208	Seattle	WAC	2	1–1
1–0	105.1
145	110.3
267	.3641
208	51.4
113	44.9
52	20.5
269	11.0
324	36.6
29	29.5
213	45.0
19	48.7
317	44.8
256	45.6
88	40.9
40	28.9
79	39.6
104	32.5
90	67.0
173	-0.7
174
209	Manhattan	MAAC	2	1–1
1–0	104.0
158	109.2
257	.3636
209	47.9
201	52.5
239	17.4
171	20.3
66	32.9
65	40.0
334	34.5
113	29.2
150	47.4
199	51.7
209	32.6
167	36.4
236	36.1
180	27.5
27	68.0
134	-0.7
154
210	Campbell	BSth	2	1–1
0–0	92.3
288	96.9
103	.3635
210	43.8
287	45.2
55	18.7
211	21.5
40	17.6
315	37.6
320	48.1
11	23.2
72	48.3
180	43.6
59	25.0
280	31.9
142	42.3
62	37.6
208	63.5
296	-0.7
179
211	Prairie View A&M	SWAC	2	0–2
0–1	92.4
286	97.1
106	.3616
211	42.5
304	40.8
13	27.1
335	18.1
131	39.5
10	32.3
265	33.3
130	48.5
316	35.0
336	38.6
11	37.0
79	29.8
105	36.5
170	36.2
172	72.4
17	-1.7
303
212	Marshall	CUSA	4	1–3
0–2	98.8
221	103.8
201	.3612
212	47.9
201	52.3
234	17.4
171	16.0
211	29.4
116	24.3
99	18.8
309	17.9
24	44.4
268	52.7
230	35.2
108	34.4
203	41.4
80	35.0
140	71.0
38	-2.1
328
213	Providence
   4 seed, Sweet Sixteen	BE	2	1–1
0–0	101.4
185	106.8
238	.3560
213	37.4
330	49.2
152	12.0
26	13.6
269	30.4
98	29.3
206	42.9
31	36.4
237	44.3
271	52.6
228	18.4
329	28.6
72	41.2
83	35.6
155	68.2
123	-0.26
93
214	Arkansas St.	SB	2	1–1
0–0	98.3
228	103.6
196	.3535
214	44.5
276	50.9
202	21.3
288	17.1
172	40.0
8	22.5
62	39.5
52	26.5
115	43.7
283	51.3
197	31.3
194	33.3
166	26.9
318	33.3
98	69.8
67	-0.7
163
215	Northeastern	CAA	2	1–1
0–0	93.1
280	98.2
123	.3503
215	45.7
256	43.1
32	18.8
216	16.6
193	20.0
290	27.2
156	45.7
15	35.3
224	52.9
95	42.0
33	21.6
312	29.8
105	35.2
195	40.5
259	65.7
229	-0.6
141
216	Nicholls St.	Slnd	4	2–2
2–0	98.7
222	104.2
207	.3481
216	50.8
123	47.4
96	16.6
146	21.0
53	21.9
264	31.6
257	27.9
202	33.7
204	56.1
48	48.8
146	29.5
233	29.5
95	44.6
42	31.7
71	72.3
19	-0.7
176
217	Illinois St.	MVC	2	1–1
0–0	93.8
272	99.2
132	.3454
217	47.7
207	49.1
148	20.8
276	16.9
182	26.1
198	22.1
56	17.1
322	24.3
84	44.8
256	56.1
281	34.0
132	27.8
53	47.7
24	48.6
329	63.8
287	-0.5
134
218	Towson	CAA	3	1–2
0–0	94.0
271	99.6
139	.3408
218	41.7
310	50.7
192	18.3
197	21.3
46	29.8
108	27.6
168	35.1
105	51.0
321	41.0
307	55.9
278	28.4
250	27.8
53	42.5
57	36.7
183	67.3
163	-0.7
155
219	Indiana St.	MVC	1	0–1
0–0	81.6
332	86.4
15	.3404
219	43.3
294	45.5
62	21.7
296	18.6
115	17.1
319	22.9
64	21.2
283	14.3
5	54.5
64	44.1
67	23.3
302	31.8
140	57.7
1	39.3
239	63.6
295	-0.9
230
220	Old Dominion	CUSA	3	1–2
1–1	97.8
235	103.7
198	.3375
220	42.5
304	53.1
257	19.4
238	19.9
78	37.8
20	24.2
95	27.9
202	26.1
106	46.9
212	49.5
162	20.4
324	38.6
269	27.4
316	43.5
296	65.3
237	-1.2
270
221	Southern Illinois	MVC	1	0–1
0–0	91.2
297	96.7
101	.3368
221	45.1
270	45.4
60	21.2
285	11.4
318	21.9
264	29.0
202	17.6
317	37.0
243	68.0
3	51.1
196	15.4
335	11.1
2	51.0
15	16.7
2	62.5
315	-0.6
147
222	Iowa St.
   11 seed, Sweet Sixteen	B12	3	0–3
0–2	86.3
319	91.8
38	.3290
222	40.6
319	52.5
239	23.3
321	24.3
12	19.8
294	39.4
332	16.9
323	30.1
164	47.3
204	56.6
287	20.9
318	29.8
105	41.9
70	35.0
140	65.8
221	-0.9
247
223	Alabama St.	SWAC	2	2–0
2–0	103.2
168	109.8
264	.3282
223	58.3
14	48.3
123	28.0
336	17.8
141	26.8
179	26.0
130	55.2
5	40.2
273	57.4
35	48.8
146	40.0
44	31.4
129	36.5
170	29.9
49	70.4
50	+0.08
66
224	South Florida	Amer	3	0–3
0–2	91.5
295	97.4
110	.3277
224	39.0
328	47.0
86	17.9
186	12.9
290	29.6
113	24.1
91	18.3
312	41.7
285	39.6
321	38.7
12	25.0
280	42.1
304	28.0
310	33.9
108	66.3
203	-1.7
311
225	Ohio	MAC	3	1–2
0–1	97.5
241	103.8
202	.3263
225	47.5
213	46.0
69	14.4
68	14.9
244	20.6
283	27.4
161	36.9
84	25.0
93	44.6
263	47.0
109	33.8
137	29.5
95	48.1
20	34.7
133	64.4
272	-1.6
295
Rk	Team	Conf	G	Rec	AdjOE	AdjDE	Barthag	Efg%	EfgD%	TOR	TORD	ORB	DRB	FTR	FTRD	2P%	2P%D	3P%	3P%D	3PR	3PRD	Adj T.	WAB
226	Loyola Marymount	WCC	2	1–1
0–0	101.9
181	108.7
251	.3234
226	54.0
55	56.5
299	13.4
49	20.5
64	10.3
338	25.9
128	31.9
144	38.0
252	50.0
152	60.5
321	41.0
37	29.6
101	34.5
211	25.0
14	70.1
59	-0.5
130
227	UC Davis	BW	4	1–3
0–2	90.1
303	96.1
96	.3222
227	44.2
281	46.4
74	20.0
255	19.3
91	24.1
228	27.0
150	24.6
240	30.2
166	43.8
280	43.9
62	30.0
223	33.7
177	35.7
188	38.2
218	67.7
146	-2.3
331
228	Kennesaw St.	ASun	1	0–1
0–0	103.8
162	110.8
276	.3219
228	51.7
106	54.9
284	15.0
93	16.5
197	23.7
235	24.0
88	15.0
330	51.0
321	37.0
331	64.1
333	42.4
27	16.7
3	55.0
4	23.5
10	68.9
88	-0.7
157
229	UTSA	CUSA	3	1–2
1–1	92.9
281	99.3
134	.3186
229	51.5
111	52.6
244	18.9
220	19.9
78	20.2
288	22.9
64	23.8
250	41.8
287	53.3
81	52.9
233	32.2
177	34.8
209	36.0
183	43.1
293	69.8
67	-1.6
296
230	Presbyterian	BSth	1	0–1
0–0	96.7
248	103.8
200	.3062
230	44.8
272	50.9
202	17.5
177	18.9
103	38.3
16	21.2
41	34.3
117	55.6
331	45.0
255	53.1
239	29.6
229	31.8
140	40.3
96	40.7
261	64.0
282	-0.9
229
231	Lehigh	Pat	2	1–1
0–0	107.0
108	114.9
302	.3059
231	50.8
123	51.2
213	13.7
52	13.0
284	28.0
149	32.9
276	21.3
281	27.3
122	45.2
251	52.3
221	38.9
54	32.5
153	42.5
57	31.3
65	68.2
123	-0.6
142
232	Alcorn St.	SWAC	6	4–2
2–0	94.2
266	101.4
166	.3018
232	45.7
256	45.6
63	19.6
244	19.8
81	34.8
47	27.8
174	33.2
132	38.6
257	45.8
236	42.8
44	30.4
214	33.9
183	26.4
319	34.4
123	72.1
21	-0.7
184
233	Southeastern Louisiana	Slnd	4	2–2
1–0	98.1
232	105.7
226	.2995
233	48.9
169	49.0
145	21.7
296	18.5
117	29.2
123	31.5
253	40.5
48	19.5
37	46.6
220	50.3
181	34.8
118	31.0
123	40.1
98	34.0
114	68.9
88	-0.8
202
234	Sacramento St.	BSky	4	2–2
1–1	100.0
204	107.8
244	.2985
234	48.2
189	53.0
256	12.8
41	15.2
236	22.0
259	26.1
132	29.4
185	34.6
219	47.2
206	59.0
313	33.9
135	28.0
60	28.1
308	35.0
140	64.1
279	-1.3
282
235	Canisius	MAAC	3	2–1
2–0	92.7
283	99.9
143	.2979
235	43.4
291	52.1
230	14.8
84	20.1
70	26.4
191	19.4
27	26.1
227	26.4
113	45.3
249	51.9
214	26.8
271	35.1
214	37.8
145	35.0
140	71.3
35	-0.8
197
236	UC San Diego	BW	2	1–1
1–1	119.8
14	129.4
335	.2910
236	56.3
29	53.4
261	12.3
34	13.9
261	22.0
259	39.7
333	35.0
107	26.3
111	42.4
300	54.2
251	50.0
5	34.3
198	42.7
53	29.7
45	63.7
293	-0.8
208
237	McNeese St.	Slnd	3	1–2
0–1	108.5
87	117.4
315	.2876
237	55.5
37	50.9
202	17.4
171	13.9
261	37.5
25	30.8
240	47.1
12	53.6
327	61.1
11	54.7
258	28.8
247	26.0
32	31.4
263	23.7
12	70.0
62	-1.9
319
238	Oral Roberts	Sum	2	1–1
1–0	107.2
101	116.2
308	.2832
238	46.8
236	57.3
308	7.9
2	11.4
318	27.1
175	21.7
48	20.1
294	24.2
83	45.2
251	59.5
315	32.7
164	35.0
213	39.6
104	32.3
82	68.7
96	-0.7
182
239	UMBC	AE	3	2–1
0–0	100.7
196	109.3
258	.2811
239	51.8
103	52.6
244	15.3
102	12.9
290	17.5
316	25.2
112	35.8
96	14.3
5	46.2
228	57.1
294	41.0
37	28.6
72	37.0
161	32.1
78	67.5
156	-0.33
99
240	South Dakota	Sum	2	1–1
0–0	101.6
184	110.3
268	.2796
240	50.9
120	54.5
281	12.6
38	10.2
331	19.3
301	20.3
31	27.8
206	28.8
145	54.1
71	57.7
300	29.4
236	32.5
153	31.5
260	36.0
168	62.5
315	-0.48
123
241	William & Mary	CAA	1	0–1
0–0	88.1
310	95.9
94	.2728
241	37.1
331	46.4
74	15.0
93	16.4
199	29.2
123	16.2
10	27.3
215	48.2
313	40.5
315	51.5
203	20.8
319	26.1
34	36.4
172	41.1
269	67.6
153	-0.9
238
242	Cal St. Bakersfield	BW	4	1–3
0–2	96.3
251	104.9
214	.2721
242	46.7
238	50.0
172	18.6
210	19.8
81	35.7
37	22.0
52	28.3
195	39.9
269	46.5
225	47.5
119	31.7
186	36.0
229	18.1
340	38.9
234	63.1
307	-2.7
338
243	Alabama A&M	SWAC	4	2–2
1–1	85.3
323	93.0
52	.2691
243	38.5
329	40.0
10	16.5
141	15.8
220	28.0
149	23.8
85	37.2
82	21.9
54	35.8
334	42.4
38	31.0
201	22.4
17	24.8
330	26.7
20	68.6
99	-1.8
314
244	Duquesne	A10	3	0–3
0–2	108.6
86	118.8
320	.2629
244	50.5
128	60.1
319	11.1
10	21.8
37	21.3
275	31.3
247	21.1
285	27.7
126	53.1
88	51.9
214	30.0
223	52.6
333	32.9
233	30.3
57	68.4
110	-2.5
334
245	Tennessee St.	OVC	2	1–1
0–0	85.0
325	93.2
57	.2560
245	42.8
301	43.0
31	22.2
306	23.5
17	26.6
186	31.3
247	39.8
51	48.7
317	46.0
232	40.3
19	22.6
306	31.3
125	26.3
321	41.7
277	73.4
11	-0.8
217
246	Ball St.	MAC	2	1–1
1–0	94.4
265	103.7
197	.2549
246	45.0
271	50.8
196	16.1
126	19.1
95	26.8
179	29.7
218	30.0
172	24.6
90	44.1
274	49.2
154	30.8
208	35.1
214	43.3
49	48.3
327	69.6
72	-0.7
172
247	San Diego	WCC	2	1–1
0–0	93.4
277	102.6
182	.2533
247	44.0
284	50.0
172	11.6
17	12.4
300	22.1
256	18.2
20	21.8
273	28.3
136	44.7
260	46.2
96	28.2
252	41.4
299	31.5
260	24.2
13	66.4
195	-0.7
183
248	Navy	Pat	3	2–1
0–0	98.3
227	108.3
250	.2482
248	46.6
241	54.7
283	19.6
244	17.1
172	37.4
26	20.6
36	43.1
30	35.0
221	47.4
199	46.8
105	30.0
223	43.9
313	34.5
211	41.3
272	67.0
173	-0.6
138
249	Rice	CUSA	4	1–3
0–2	102.0
180	112.3
285	.2476
249	50.7
125	54.0
271	19.1
228	16.0
211	27.6
160	29.9
222	39.5
52	17.9
24	53.1
88	54.3
252	31.2
198	35.8
225	37.6
148	40.4
257	66.2
206	-2.0
327
250	Western Michigan	MAC	1	0–1
0–1	86.9
318	95.8
88	.2453
250	49.1
163	49.0
145	22.0
301	23.5
17	25.0
214	26.5
140	23.2
257	36.5
238	51.9
112	55.6
272	31.0
201	28.0
60	51.8
13	48.1
326	65.3
237	-0.9
252
Rk	Team	Conf	G	Rec	AdjOE	AdjDE	Barthag	Efg%	EfgD%	TOR	TORD	ORB	DRB	FTR	FTRD	2P%	2P%D	3P%	3P%D	3PR	3PRD	Adj T.	WAB
251	Wofford	SC	2	1–1
0–0	97.9
234	108.3
249	.2397
251	50.5
128	59.8
318	16.7
149	17.5
155	22.7
250	21.2
41	22.2
265	27.5
124	50.8
134	63.8
332	33.3
144	36.4
236	41.7
72	43.1
293	63.4
300	-0.45
118
252	American	Pat	1	0–1
0–0	102.1
179	112.9
288	.2393
252	50.0
135	49.0
145	22.2
306	20.7
59	25.7
204	30.6
235	14.0
331	77.1
340	38.7
326	45.7
89	42.3
29	38.5
268	45.6
36	27.1
23	70.2
53	-0.8
196
253	California	P12	3	0–3
0–2	93.6
274	103.6
194	.2373
253	36.3
335	55.7
294	18.1
191	14.1
258	29.9
105	22.4
61	31.4
148	41.5
284	40.9
309	57.8
301	18.3
330	34.0
186	34.3
216	31.4
67	65.1
244	-1.1
269
254	Binghamton	AE	2	1–1
0–0	94.5
263	104.8
212	.2325
254	50.0
135	56.5
299	19.0
225	9.5
333	12.1
337	20.6
36	18.4
311	37.4
249	43.3
289	55.2
266	41.7
31	38.8
271	35.0
199	45.8
318	66.9
180	-0.24
91
255	Hampton	BSth	1	0–1
0–0	94.9
261	105.4
220	.2307
255	42.1
307	43.7
40	17.2
167	12.3
303	21.1
278	35.2
301	70.2
1	54.9
329	50.0
152	39.6
16	13.3
338	34.8
209	26.3
321	32.4
85	73.1
12	-0.9
237
256	George Washington	A10	3	1–2
1–1	100.0
205	111.2
278	.2262
256	54.5
47	51.1
210	19.4
238	12.8
293	22.2
254	23.7
79	35.8
96	24.8
91	47.0
211	53.6
243	49.1
7	31.3
125	28.3
306	36.7
183	71.7
30	-1.6
293
257	Coppin St.	MEAC	4	2–2
0–1	85.8
321	95.5
85	.2257
257	44.5
276	43.8
41	19.6
244	26.4
2	21.9
264	38.1
324	34.2
118	32.1
186	47.4
199	41.0
23	27.7
259	32.9
164	49.1
17	32.9
94	70.7
44	-1.7
304
258	Troy	SB	2	1–1
0–0	93.8
273	104.5
210	.2247
258	43.7
288	47.6
103	20.2
262	18.7
108	31.0
88	27.9
180	45.6
17	35.9
233	40.0
317	47.2
111	32.6
167	32.3
148	41.7
72	30.1
53	63.2
304	-0.8
204
259	Eastern Washington	BSky	4	3–1
2–0	98.2
230	109.4
261	.2238
259	53.5
63	47.7
107	17.4
171	16.0
211	26.0
200	32.1
264	32.5
139	18.1
27	54.2
70	42.5
41	35.1
110	36.8
244	42.5
57	40.9
264	68.5
106	-0.8
200
260	Tarleton St.	WAC	2	0–2
0–2	93.4
276	104.1
206	.2233
260	47.7
207	52.5
239	29.5
340	22.9
25	24.0
230	37.3
317	30.2
166	33.0
194	48.1
185	57.9
303	31.3
194	30.2
112	37.2
156	43.0
290	60.7
332	-1.3
277
261	Elon	CAA	1	0–1
0–0	104.6
151	116.6
310	.2219
261	48.0
197	55.2
289	15.2
100	8.5
337	23.5
239	32.3
265	27.5
210	24.1
80	45.8
236	50.0
172	33.3
144	44.4
315	52.9
11	31.0
61	60.7
332	-0.8
209
262	Purdue Fort Wayne	Horz	2	1–1
0–0	83.3
329	93.1
55	.2195
262	40.8
316	50.0
172	15.7
112	22.8
26	18.4
308	23.5
75	32.5
139	24.1
80	40.7
311	52.5
227	27.3
262	31.4
129	28.9
303	45.5
314	70.9
42	-0.8
207
263	Utah Tech	WAC	2	0–2
0–2	87.0
317	97.3
108	.2155
263	43.7
288	42.9
28	28.8
337	12.3
303	22.2
254	36.3
310	57.9
4	28.4
138	42.4
300	42.2
35	30.6
210	29.4
93	37.9
141	36.2
172	72.3
19	-1.1
265
264	Florida A&M	SWAC	2	1–1
1–0	106.0
123	118.7
319	.2149
264	49.2
162	46.4
74	10.1
7	14.0
259	23.6
238	34.3
292	19.4
301	38.7
260	48.9
171	42.7
43	33.3
144	37.9
259	29.0
302	26.1
18	65.1
244	-0.9
251
265	North Carolina Central	MEAC	3	2–1
1–0	97.1
245	108.8
253	.2126
265	50.3
132	43.1
32	22.5
311	20.1
70	35.1
42	30.8
240	49.1
9	37.0
243	48.2
182	41.2
25	36.7
82	30.3
113	30.8
274	43.9
300	66.7
187	-0.9
239
266	Sacred Heart	NEC	1	0–1
0–0	104.3
154	117.0
312	.2119
266	47.1
224	53.3
260	14.0
61	15.4
231	32.6
70	37.1
316	20.0
295	37.7
250	46.2
228	52.8
231	32.3
172	36.0
229	44.3
44	41.0
267	66.0
214	-0.8
220
267	Cal Baptist	WAC	4	3–1
2–0	93.2
278	104.8
213	.2067
267	52.2
96	50.7
192	22.6
313	19.5
85	26.5
188	30.8
240	36.1
91	21.9
54	51.1
131	51.7
209	35.5
103	32.5
153	54.5
7	33.8
105	65.2
242	-0.7
158
268	Morgan St.	MEAC	4	2–2
1–0	91.7
293	103.2
193	.2049
268	45.3
263	47.4
96	20.5
269	22.5
28	35.1
42	32.9
276	30.9
156	38.6
257	45.7
239	49.7
169	29.3
237	28.6
72	23.6
333	33.8
105	69.9
64	-0.7
189
269	Central Arkansas	ASun	1	0–1
0–0	110.5
67	125.4
329	.1887
269	50.0
135	53.4
261	12.5
37	6.2
339	20.0
290	29.4
210	33.3
130	43.1
296	55.3
54	54.3
252	25.0
280	33.3
166	29.6
296	20.7
3	70.2
53	-0.7
167
270	South Alabama	SB	2	1–1
0–0	100.7
195	114.5
299	.1866
270	52.3
93	53.8
266	19.3
234	20.8
56	30.9
90	34.4
294	41.1
39	33.3
199	57.6
32	43.1
49	29.3
237	44.7
318	38.3
134	44.8
306	63.5
296	-1.0
254
271	Denver	Sum	1	0–1
0–0	97.1
244	110.4
269	.1862
271	53.7
58	58.5
315	20.0
255	15.7
224	15.2
333	14.8
6	22.2
265	45.3
303	57.1
36	61.3
325	31.6
188	36.4
236	35.2
195	41.5
275	71.0
38	-0.8
212
272	UC Irvine	BW	3	1–2
1–1	97.5
242	110.8
277	.1860
272	47.8
204	47.9
111	18.9
220	16.3
202	27.4
166	34.3
292	26.7
221	32.3
189	45.9
234	43.8
61	34.6
123	41.0
295	32.3
244	23.4
9	65.8
221	-1.6
297
273	Hartford	AE	3	1–2
0–1	94.1
270	106.9
241	.1859
273	44.6
275	48.3
123	14.7
78	14.2
255	20.6
283	30.6
235	28.0
201	32.2
188	46.9
212	47.2
111	27.8
256	34.0
186	45.1
40	29.4
44	68.2
123	-1.8
313
274	Northern Arizona	BSky	3	0–3
0–2	96.6
249	109.9
265	.1839
274	46.6
241	53.9
269	16.8
152	14.8
249	34.5
50	23.4
73	22.6
261	34.1
208	46.8
216	56.0
279	30.9
205	34.2
195	42.6
54	45.5
314	65.0
250	-2.7
339
275	Illinois Chicago	Horz	1	0–1
0–0	99.9
207	113.9
295	.1817
275	56.3
29	48.4
130	22.4
310	9.8
332	18.2
310	27.8
174	25.0
237	37.1
246	62.5
8	42.9
45	34.4
125	46.2
323	57.1
3	21.0
4	70.1
59	-0.8
203
Rk	Team	Conf	G	Rec	AdjOE	AdjDE	Barthag	Efg%	EfgD%	TOR	TORD	ORB	DRB	FTR	FTRD	2P%	2P%D	3P%	3P%D	3PR	3PRD	Adj T.	WAB
276	Georgia	SEC	2	0–2
0–1	99.2
214	113.2
290	.1795
276	40.6
319	57.5
311	17.0
159	17.0
179	16.7
322	37.7
321	62.5
2	18.9
33	44.8
256	56.9
293	20.7
322	38.7
270	30.2
287	48.8
330	68.3
116	-1.2
276
277	Pepperdine	WCC	1	0–1
0–0	93.2
279	106.4
233	.1787
277	46.8
236	50.0
172	16.3
134	12.2
305	15.4
331	16.7
13	24.2
247	33.3
199	46.9
212	43.9
62	30.8
208	42.1
304	21.0
336	31.7
71	75.4
3	-0.9
236
278	Utah	P12	2	0–2
0–1	111.1
60	127.0
331	.1775
278	52.7
78	58.2
314	19.2
230	10.8
326	30.8
93	32.3
265	30.0
172	25.4
99	52.9
95	46.9
108	35.0
112	53.7
334	36.4
172	33.6
103	63.9
285	-1.5
290
279	Drexel	CAA	1	0–1
0–0	82.3
330	94.1
66	.1764
279	41.4
313	50.0
172	13.4
49	16.3
202	16.2
327	18.8
24	19.0
307	32.7
192	51.4
120	54.8
260	17.4
333	23.1
20	39.7
101	23.6
11	67.9
139	-0.8
199
280	East Tennessee St.	SC	1	0–1
0–0	98.8
220	113.0
289	.1763
280	45.4
261	52.5
239	9.4
5	12.1
307	28.9
130	23.7
79	15.8
327	46.7
309	55.1
58	48.6
138	18.5
327	39.1
277	35.5
192	38.3
224	63.2
304	-0.9
240
281	Penn	Ivy	2	0–2
0–1	105.1
143	120.3
324	.1753
281	48.4
187	60.7
323	11.8
20	7.1
338	28.8
131	22.1
56	13.7
332	21.5
49	53.2
85	56.8
292	26.7
272	44.7
318	36.3
176	38.8
233	62.7
313	-1.6
299
282	Jackson St.	SWAC	3	2–1
2–0	97.7
237	111.8
281	.1749
282	53.8
57	48.5
134	17.4
171	19.0
98	34.7
48	29.3
206	27.1
219	34.4
214	56.7
42	43.0
47	30.2
221	40.8
294	25.3
327	30.1
53	63.5
296	-0.8
221
283	Brown	Ivy	1	0–1
0–1	101.2
190	116.3
309	.1669
283	54.1
52	50.8
196	21.2
285	10.6
327	17.2
318	33.3
283	40.8
43	42.4
293	73.5
1	55.3
268	6.7
340	28.6
72	30.6
277	35.6
155	64.5
268	-0.7
165
284	UT Arlington	SB	1	0–1
0–0	89.2
308	102.8
185	.1638
284	36.7
333	54.5
281	13.1
48	23.2
20	28.3
145	21.4
45	35.9
94	61.4
338	35.1
335	40.0
17	25.9
277	57.1
339	42.2
65	31.8
75	66.4
195	-0.8
218
285	Chicago St.	WAC	3	0–3
0–2	97.6
239	112.8
287	.1591
285	42.2
306	53.2
258	17.0
159	18.7
108	33.6
56	38.9
326	20.8
289	40.0
270	43.0
295	45.9
92	27.3
262	43.9
313	38.2
136	36.8
186	60.2
337	-2.2
330
286	New Orleans	Slnd	4	2–2
1–1	98.5
226	114.0
296	.1563
286	47.2
220	55.3
290	16.1
126	20.2
68	29.3
119	31.2
246	38.1
74	43.4
301	49.7
163	58.3
308	25.0
280	34.3
198	21.1
335	43.8
298	70.4
50	-1.7
301
287	Houston Christian	Slnd	4	2–2
1–1	102.8
173	119.1
321	.1551
287	51.9
98	53.6
265	14.2
65	13.3
277	29.3
119	25.5
126	43.7
26	36.5
238	54.5
64	56.3
282	31.6
188	30.4
117	37.3
152	25.9
17	67.7
146	-1.8
312
288	UNC Asheville	BSth	1	0–1
0–0	110.8
62	128.6
332	.1537
288	55.6
36	59.1
316	13.6
51	16.6
193	31.4
79	28.6
190	51.9
6	34.5
218	45.5
241	64.7
334	47.6
8	33.3
166	38.9
122	38.2
218	64.2
275	-1.0
256
289	Southern Miss	CUSA	4	1–3
0–2	94.1
269	109.3
259	.1512
289	46.4
247	57.3
308	15.7
112	18.3
126	19.6
297	28.2
183	34.8
111	17.8
23	46.7
219	56.0
279	30.4
214	39.6
280	31.2
269	37.8
213	67.9
139	-2.3
332
290	Mississippi Valley St.	SWAC	2	0–2
0–2	92.8
282	108.0
247	.1486
290	46.2
249	49.6
168	17.5
177	15.5
229	15.6
329	28.4
188	35.6
99	33.3
199	43.8
280	51.7
209	33.3
144	29.4
93	38.1
139	27.6
31	75.7
2	-1.7
309
291	South Carolina St.	MEAC	2	0–2
0–1	99.9
206	116.8
311	.1428
291	47.6
209	56.4
298	20.0
255	20.0
76	40.3
7	37.9
322	28.5
193	38.5
256	44.0
276	52.3
221	35.4
105	47.8
328	39.0
121	21.1
5	65.0
250	-1.9
320
292	Delaware St.	MEAC	2	0–2
0–1	87.4
316	102.2
175	.1420
292	45.3
263	46.6
81	23.7
323	25.0
4	24.6
223	34.8
297	21.6
274	53.8
328	44.6
263	53.1
239	31.0
201	27.3
47	36.2
178	52.9
338	71.8
28	-1.8
315
293	UNC Greensboro	SC	1	0–1
0–0	102.8
174	120.2
323	.1416
293	50.9
120	54.0
271	20.9
277	20.9
54	46.9
1	43.3
339	30.2
166	34.0
205	58.1
31	48.0
131	27.3
262	40.0
284	41.5
76	50.0
335	55.7
340	-0.8
216
294	UMKC	Sum	1	0–1
0–0	91.4
296	107.1
242	.1393
294	43.2
297	52.9
253	7.6
1	15.1
242	13.2
334	24.0
88	25.4
234	40.4
274	47.4
199	52.6
228	23.8
298	35.7
223	35.6
190	26.9
21	67.4
160	-0.9
234
295	Robert Morris	Horz	1	0–1
0–0	101.0
191	118.4
317	.1386
295	55.0
42	59.3
317	26.8
334	14.9
244	28.6
136	37.0
315	34.0
121	25.4
99	69.0
2	60.5
321	23.8
298	37.5
250	42.0
69	27.1
23	66.6
191	-0.7
178
296	Detroit Mercy	Horz	2	0–2
0–0	106.7
112	125.2
328	.1377
296	48.8
171	60.4
321	13.7
52	16.7
188	28.6
136	37.9
322	21.3
281	33.0
194	49.3
168	62.1
327	32.1
180	38.8
271	43.4
48	42.6
284	65.8
221	-0.7
187
297	Southern	SWAC	3	1–2
1–1	82.1
331	97.0
105	.1271
297	39.3
327	44.7
48	19.1
228	24.4
11	27.3
169	27.6
168	40.8
43	36.3
235	43.1
294	44.8
77	20.8
319	29.5
95	31.4
263	27.5
27	68.3
116	-1.8
317
298	Bradley	MVC	1	0–1
0–0	84.0
327	99.5
138	.1250
298	35.3
336	55.3
290	23.3
321	17.1
172	25.0
214	16.7
13	31.4
148	51.1
323	38.7
326	56.7
288	20.0
325	35.3
218	39.2
115	36.2
172	67.0
173	-0.47
122
299	LIU	NEC	2	1–1
0–0	96.4
250	114.2
297	.1245
299	49.1
163	51.2
213	15.7
112	13.6
269	29.3
119	28.9
199	44.7
20	25.6
104	54.3
68	51.3
197	27.3
262	34.0
186	38.6
128	41.1
269	70.2
53	-0.7
164
300	Charleston Southern	BSth	2	1–1
0–0	95.9
253	113.6
292	.1239
300	49.6
152	52.6
244	21.1
282	13.1
282	35.6
38	23.2
69	37.4
80	35.7
229	48.5
174	48.7
142	34.0
132	40.5
290	40.9
87	32.2
80	68.4
110	-0.8
206
Rk	Team	Conf	G	Rec	AdjOE	AdjDE	Barthag	Efg%	EfgD%	TOR	TORD	ORB	DRB	FTR	FTRD	2P%	2P%D	3P%	3P%D	3PR	3PRD	Adj T.	WAB
301	Grambling St.	SWAC	4	1–3
0–2	91.8
292	108.9
256	.1224
301	43.6
290	48.9
143	16.5
141	19.0
98	25.2
212	26.9
149	26.4
225	36.7
241	44.6
263	46.2
96	27.6
260	35.8
225	31.4
263	35.8
161	68.2
123	-2.6
337
302	Air Force	MWC	1	0–1
0–0	94.4
264	112.1
283	.1220
302	48.0
197	62.0
328	25.5
332	13.5
271	20.0
290	25.0
107	21.6
274	38.9
263	54.1
71	60.6
323	21.4
313	42.9
306	27.5
315	38.9
234	67.0
173	-0.5
132
303	New Hampshire	AE	1	0–1
0–0	99.0
217	118.1
316	.1167
303	54.6
46	56.8
303	11.9
22	16.4
199	21.6
273	11.8
3	40.7
45	13.6
3	55.2
55	47.2
111	36.0
93	47.8
328	46.3
28	39.0
236	67.2
166	-1.0
255
304	High Point	BSth	2	1–1
0–0	88.0
311	105.1
217	.1145
304	40.5
321	49.1
148	15.1
96	18.5
117	34.0
53	23.9
87	40.5
48	52.3
325	37.6
329	55.6
272	30.4
214	24.3
25	35.1
197	33.9
108	66.8
183	-0.8
201
305	Idaho	BSky	3	1–2
1–1	90.8
298	108.8
254	.1111
305	48.2
189	47.0
86	20.4
267	12.2
305	31.3
84	22.5
62	32.9
135	30.4
169	49.5
164	51.7
209	30.4
214	25.4
30	33.5
227	34.8
137	68.8
94	-1.9
321
306	Western Illinois	Sum	1	0–1
0–1	92.1
289	110.5
273	.1092
306	50.0
135	50.8
196	11.6
17	11.6
315	18.4
308	30.6
235	19.7
298	21.2
46	51.5
117	54.8
260	32.1
180	29.2
87	45.9
31	36.4
177	65.6
233	-0.9
223
307	Pacific	WCC	1	0–1
0–0	92.3
287	111.4
280	.1026
307	54.1
52	62.5
330	23.8
325	11.2
321	15.4
331	9.7
1	38.8
62	25.0
93	59.5
24	50.0
172	25.0
280	54.2
336	24.5
332	40.0
253	73.0
13	-0.9
233
308	Loyola MD	Pat	1	0–1
0–0	95.0
259	114.7
301	.1021
308	50.0
135	70.2
338	15.6
108	25.0
4	20.7
282	27.8
174	18.2
313	27.7
126	60.5
16	72.7
339	17.6
331	42.9
306	30.9
273	29.8
47	66.1
209	-0.8
213
309	Montana	BSky	3	0–3
0–2	95.2
258	115.1
303	.1012
309	49.3
158	55.9
296	16.2
129	16.2
207	16.7
322	29.4
210	49.7
8	41.4
283	52.6
104	55.5
271	28.3
251	38.1
262	32.2
247	27.6
31	63.1
307	-2.8
340
310	FIU	CUSA	3	0–3
0–2	89.2
307	107.9
246	.1010
310	46.7
238	51.7
222	21.4
290	18.1
131	21.0
279	32.7
273	24.3
245	40.1
271	39.2
324	52.0
218	38.8
55	34.3
198	39.6
104	40.7
261	68.3
116	-2.4
333
311	UT Rio Grande Valley	WAC	3	1–2
1–1	94.1
267	114.7
300	.0934
311	44.7
274	57.0
305	18.7
211	21.5
40	25.5
208	29.0
202	44.7
20	45.7
305	49.5
164	55.7
275	23.7
300	39.7
282	34.7
205	35.4
152	72.7
14	-1.7
305
312	Hofstra	CAA	1	0–1
0–0	102.5
175	125.2
327	.0916
312	50.0
135	62.1
329	13.7
52	17.8
141	23.7
235	39.3
329	18.2
313	30.6
172	51.4
120	61.0
324	32.3
172	42.9
306	47.0
26	33.9
108	66.4
195	-0.8
198
313	Pittsburgh	ACC	2	0–2
0–1	87.4
314	106.9
240	.0903
313	40.4
322	66.5
335	15.4
104	20.2
68	21.7
268	13.6
5	17.4
319	35.2
222	48.6
173	55.8
276	16.2
334	53.8
335	33.9
220	42.9
287	63.7
293	-1.0
261
314	Siena	MAAC	3	0–3
0–2	88.4
309	109.4
260	.0796
314	48.1
193	51.6
219	20.9
277	17.5
155	20.4
285	30.3
227	27.8
206	19.1
34	43.6
284	52.4
225	38.5
59	33.3
166	32.1
249	31.1
63	68.7
96	-2.6
335
315	Radford	BSth	1	0–1
0–0	92.0
290	113.9
293	.0791
315	39.9
324	52.9
253	12.2
32	17.7
147	28.6
136	18.2
20	31.9
144	60.8
336	47.6
198	48.6
138	18.5
327	42.9
306	39.1
120	27.5
27	64.9
258	-0.9
248
316	Central Connecticut	NEC	1	0–1
0–0	85.6
322	106.0
228	.0786
316	40.2
323	55.1
288	17.6
180	22.0
34	31.8
76	30.3
227	9.1
338	18.6
30	31.7
338	62.9
330	36.0
93	29.2
87	37.9
141	40.7
261	63.2
304	-0.8
192
317	Idaho St.	BSky	2	0–2
0–1	89.5
306	111.3
279	.0756
317	46.6
241	54.2
277	25.3
331	14.9
244	33.3
57	19.4
27	37.9
76	39.6
267	52.9
95	55.1
264	22.9
303	35.1
214	34.0
219	34.9
139	64.8
261	-1.8
316
318	Lamar	WAC	2	0–2
0–2	90.7
300	112.8
286	.0753
318	46.0
252	50.5
188	18.4
201	16.9
182	27.6
160	25.4
120	35.4
101	43.1
296	44.4
268	51.9
214	34.8
118	32.7
158	20.4
339	50.5
337	65.7
229	-1.9
323
319	Incarnate Word	Slnd	2	0–2
0–1	101.7
183	126.5
330	.0751
319	51.5
111	63.8
333	17.5
177	17.5
155	21.0
279	26.5
140	29.1
187	38.8
261	46.0
232	71.9
338	37.7
70	32.4
151	51.5
14	34.7
133	61.4
324	-1.9
325
320	Howard	MEAC	2	0–2
0–1	85.0
324	106.2
229	.0723
320	36.7
333	50.0
172	22.7
314	17.7
147	37.8
20	29.6
216	36.7
86	26.4
113	36.6
333	48.1
132	24.5
293	35.7
223	40.8
91	34.7
133	67.7
146	-1.7
307
321	Bucknell	Pat	1	0–1
0–0	105.2
141	131.7
336	.0702
321	54.1
52	77.5
340	17.9
186	11.9
312	19.4
299	19.0
25	6.6
339	8.3
1	42.9
296	65.9
335	46.2
10	68.4
340	42.6
54	31.7
71	67.3
163	-0.6
150
322	Bethune Cookman	SWAC	1	0–1
0–1	113.7
45	142.5
340	.0692
322	54.4
49	63.2
331	14.4
68	11.2
321	38.7
13	32.0
263	28.1
199	26.3
111	45.2
251	61.5
326	53.3
2	44.4
315	26.3
321	31.6
69	64.1
279	-0.9
246
323	Arkansas Pine Bluff	SWAC	2	0–2
0–2	110.7
64	139.4
339	.0658
323	50.9
120	65.4
334	14.7
78	18.3
126	24.6
223	46.8
340	43.9
23	26.2
109	41.2
306	68.1
337	43.5
18	38.9
275	40.4
95	27.7
34	72.7
14	-1.7
309
324	Cal St. Northridge	BW	2	0–2
0–1	90.1
304	113.6
291	.0647
324	42.8
301	52.6
244	20.3
263	13.0
284	22.7
250	30.6
235	34.0
121	61.2
337	42.4
300	56.7
288	28.9
244	29.0
84	39.2
115	31.6
69	63.8
287	-1.8
318
325	Army	Pat	1	0–1
0–0	105.2
142	134.9
338	.0543
325	47.1
224	60.9
327	11.5
16	14.4
252	35.0
44	36.4
311	20.3
293	25.0
93	53.2
85	54.5
255	22.7
305	45.2
322	31.9
251	48.4
328	68.5
106	-0.9
243
Rk	Team	Conf	G	Rec	AdjOE	AdjDE	Barthag	Efg%	EfgD%	TOR	TORD	ORB	DRB	FTR	FTRD	2P%	2P%D	3P%	3P%D	3PR	3PRD	Adj T.	WAB
326	Maryland Eastern Shore	MEAC	3	1–2
1–0	73.6
338	94.8
73	.0513
326	36.9
332	48.7
141	24.0
327	24.9
6	25.2
212	25.3
116	29.7
179	40.1
271	46.3
227	51.0
194	18.9
326	29.8
105	52.3
12	36.3
175	71.9
24	-1.0
253
327	Albany	AE	1	0–1
0–0	69.7
340	92.0
40	.0396
327	28.8
340	46.4
74	15.1
96	24.2
13	35.2
40	15.4
8	28.8
191	61.9
339	27.7
340	47.4
116	21.1
315	30.4
117	28.8
304	54.8
339	66.2
206	-0.9
235
328	Columbia	Ivy	1	0–1
0–1	83.8
328	110.6
275	.0392
328	45.3
263	56.5
299	16.6
146	19.4
90	19.5
298	25.7
127	17.2
321	14.5
7	58.6
30	42.4
38	22.9
303	48.3
330	54.7
6	46.8
322	67.4
160	-0.9
241
329	Northwestern St.	Slnd	2	0–2
0–1	87.4
315	116.1
307	.0368
329	48.1
193	52.1
230	17.3
170	21.3
46	28.4
143	33.3
283	19.4
301	41.2
282	50.0
152	50.6
189	29.5
233	36.8
244	32.8
236	31.9
77	72.1
21	-1.9
324
330	NJIT	AE	1	0–1
0–0	99.1
215	132.7
337	.0337
330	53.0
71	70.2
338	19.6
244	12.1
307	6.5
340	40.0
334	22.0
268	21.0
45	47.1
208	72.7
339	43.8
17	44.8
320	32.0
250	46.8
322	68.6
99	-0.40
110
331	Eastern Michigan	MAC	1	0–1
0–1	86.0
320	115.5
305	.0326
331	50.0
135	56.6
302	28.8
337	15.2
236	45.5
2	27.3
158	25.5
231	14.8
8	57.1
36	58.3
308	25.0
280	36.0
229	36.4
172	41.0
267	65.6
233	-0.9
225
332	Evansville	MVC	1	0–1
0–0	96.0
252	129.3
334	.0316
332	51.0
116	68.8
337	14.7
78	17.9
139	16.1
328	25.0
107	19.2
303	35.4
227	50.0
152	66.7
336	35.0
112	47.6
327	38.5
129	43.8
298	63.3
301	-0.9
232
333	Marist	MAAC	3	0–3
0–2	87.8
312	118.5
318	.0309
333	42.9
299	57.1
307	18.5
207	13.0
284	22.1
256	27.4
161	20.0
295	27.1
119	47.8
193	53.2
241	21.8
311	41.0
295	32.4
243	46.9
324	66.7
187	-2.6
335
334	Bowling Green	MAC	1	0–1
0–1	91.9
291	124.1
326	.0305
334	40.8
316	67.2
336	14.8
84	11.8
313	23.9
231	39.3
329	12.3
333	21.9
54	39.0
325	62.5
329	29.2
241	50.0
331	36.9
166	37.5
206	66.0
214	-0.5
135
335	SIU Edwardsville	OVC	1	0–1
0–0	78.8
333	109.5
262	.0225
335	33.3
338	49.2
152	22.8
317	20.1
70	26.8
179	35.9
305	59.3
3	50.8
320	33.3
337	50.0
172	22.2
308	31.6
135	33.3
228	32.2
80	74.4
6	-0.9
245
336	Harvard	Ivy	1	0–1
0–1	77.1
336	112.1
282	.0134
336	42.0
308	49.1
148	25.1
329	18.1
131	23.1
248	21.9
50	21.4
279	45.5
304	43.3
289	44.1
67	26.9
270	38.1
262	46.4
27	38.2
218	74.5
5	-0.9
249
337	Saint Francis	NEC	1	0–1
0–0	84.5
326	122.8
325	.0133
337	44.2
281	60.2
320	18.2
195	16.7
188	17.9
313	40.0
334	36.5
89	15.6
10	50.0
152	47.5
119	22.2
308	54.2
336	34.6
207	37.5
206	66.5
192	-0.7
170
338	St. Francis NY	NEC	1	0–1
0–0	87.5
313	129.0
333	.0113
338	41.2
314	60.7
323	21.5
293	14.9
244	29.7
109	39.3
329	5.3
340	25.0
93	40.6
313	58.1
305	28.0
254	46.2
323	43.9
47	23.2
8	64.0
282	-0.9
224
339	Austin Peay	OVC	1	0–1
0–0	73.1
339	108.9
255	.0102
339	32.2
339	60.8
325	17.1
163	21.4
45	36.5
30	30.3
227	9.6
335	21.7
52	41.3
305	59.0
313	11.1
339	42.9
306	37.0
161	35.0
140	68.3
116	-0.9
244
340	Western Carolina	SC	1	0–1
0–0	76.9
337	115.5
304	.0092
340	40.7
318	63.6
332	19.3
234	16.3
202	22.0
259	24.1
91	15.3
328	16.9
17	44.4
268	53.8
246	25.0
280	55.0
338	54.2
8	33.9
108	69.8
67	-0.8
211