Rk	Team	Conf	G	Rec	AdjOE	AdjDE	Barthag	EFG%	EFGD%	TOR	TORD	ORB	DRB	FTR	FTRD	2P%	2P%D	3P%	3P%D	3PR	3PRD	Adj T.	WAB
1	Gonzaga
   3 seed, Elite Eight	WCC	3	3–0
0–0	135.5
1	94.2
44	.9849
1	65.3
2	46.7
85	12.8
44	18.5
112	32.9
75	31.0
230	38.3
72	15.5
8	60.4
16	43.6
36	48.5
2	33.8
160	39.5
118	44.2
290	67.0
185	+1.0
22
2	Duke
   5 seed, R32	ACC	4	4–0
1–0	123.2
8	89.3
14	.9761
2	55.9
45	43.6
32	15.1
101	14.3
248	27.6
179	24.3
91	39.2
63	35.3
214	54.2
76	46.3
81	39.7
58	26.2
41	32.1
257	38.5
203	65.2
245	+2.2
4
3	Connecticut
   4 seed, CHAMPS	BE	4	3–1
2–0	122.9
10	89.3
15	.9754
3	57.3
29	46.2
76	20.2
274	17.1
153	40.5
14	28.4
168	19.0
306	29.0
132	59.8
17	46.5
86	36.2
110	30.5
98	45.3
39	42.4
270	64.6
270	+0.9
24
4	Texas
   2 seed, Elite Eight	B12	5	4–1
1–1	111.6
96	81.5
1	.9739
4	47.3
211	42.2
20	14.8
90	23.7
12	24.0
255	30.7
221	33.0
147	29.7
136	49.2
174	41.4
19	28.7
246	29.3
78	32.3
253	32.5
91	67.3
166	+2.0
6
5	Memphis
   8 seed, R64	Amer	5	4–1
1–1	119.5
24	88.2
11	.9703
5	53.7
76	41.5
15	18.1
205	20.9
52	30.2
129	35.9
294	38.8
67	32.9
184	46.8
223	42.9
28	44.8
14	26.5
46	33.6
233	43.0
281	71.2
48	+1.5
11
6	Alabama
   1 seed, Sweet Sixteen	SEC	5	4–1
1–1	112.6
85	85.2
4	.9609
6	48.9
173	39.7
6	19.0
241	17.4
147	37.1
31	28.6
170	26.2
235	32.7
179	55.2
57	35.9
5	28.7
246	32.6
140	52.0
9	29.1
39	70.4
63	+1.7
8
7	Drake
   12 seed, R64	MVC	3	3–0
0–0	119.8
21	91.1
25	.9590
7	59.2
18	41.4
14	14.2
79	14.7
237	25.3
231	25.7
112	32.0
158	21.3
46	56.2
48	42.6
25	43.8
19	25.9
40	31.4
265	32.0
84	63.1
311	+0.6
30
8	Marquette
   2 seed, R32	BE	4	4–0
1–0	117.7
38	89.9
19	.9572
8	50.6
139	46.2
76	14.0
75	22.1
28	24.1
253	38.4
315	28.6
206	26.9
91	54.0
79	43.9
39	31.4
200	33.7
156	49.4
13	35.2
141	65.1
248	+2.1
5
9	Utah St.
   10 seed, R64	MWC	5	4–1
2–0	119.9
20	91.7
28	.9563
9	56.1
42	42.2
20	18.7
232	16.1
190	28.7
162	29.1
188	34.5
121	40.3
275	58.0
32	43.3
35	35.6
123	26.4
45	41.1
93	29.5
42	69.9
78	+1.5
12
10	UCLA
   2 seed, Sweet Sixteen	P12	5	4–1
2–0	113.1
76	87.4
9	.9515
10	46.9
219	48.0
107	15.2
105	19.7
80	31.1
107	23.2
67	36.5
90	32.2
174	47.1
211	46.5
86	30.9
211	33.7
156	30.9
272	37.0
175	67.5
156	+1.6
9
11	Arizona
   2 seed, R64	P12	5	4–1
1–1	121.2
14	93.9
42	.9493
11	59.4
17	46.3
81	18.2
211	16.3
180	25.7
220	28.6
170	33.5
138	29.7
136	56.2
48	44.5
50	43.8
19	32.8
143	34.2
223	39.0
212	71.8
39	+2.2
3
12	Florida Atlantic
   9 seed, Final Four	CUSA	5	5–0
2–0	115.4
57	89.7
17	.9479
12	56.2
40	42.9
25	16.6
151	17.5
144	30.4
123	24.1
81	29.3
190	23.1
60	57.7
34	44.4
44	36.1
113	27.2
54	41.1
93	41.3
254	68.7
113	+1.4
15
13	Utah Valley	WAC	5	4–1
2–0	115.6
53	90.9
24	.9411
13	60.5
10	43.8
33	20.7
288	16.5
177	30.7
117	25.9
117	35.8
100	30.6
147	58.3
29	43.2
33	43.5
23	30.2
94	31.1
269	26.9
20	73.2
22	-0.32
91
14	Iowa St.
   6 seed, R64	B12	3	2–1
1–0	113.9
68	90.2
21	.9358
14	53.4
85	54.1
237	25.6
331	21.5
40	46.7
3	22.2
55	29.9
182	38.5
257	51.3
126	48.6
133	38.8
68	39.5
271	29.9
285	51.4
329	64.8
262	+1.1
20
15	San Diego St.
   5 seed, Finals	MWC	4	4–0
1–0	103.7
182	82.2
2	.9351
15	42.7
302	41.0
12	15.1
101	16.7
167	34.5
57	28.0
157	37.2
84	20.7
40	41.9
304	41.1
17	29.6
235	27.2
54	31.4
265	35.7
150	64.1
290	+1.3
18
16	Texas A&M
   7 seed, R64	SEC	4	3–1
1–0	113.5
73	90.0
20	.9351
16	45.1
258	48.7
123	19.3
250	21.1
48	34.3
60	33.3
269	44.7
28	28.3
119	43.4
288	53.7
239	33.3
163	28.9
71	26.5
318	48.1
318	66.9
193	+1.5
10
17	Purdue
   1 seed, R64	B10	5	5–0
2–0	122.9
11	97.6
79	.9342
17	51.5
117	49.8
153	15.2
105	15.9
198	37.3
30	25.3
105	42.9
40	27.1
96	55.4
54	47.2
100	30.0
228	35.7
199	37.3
162	41.0
246	64.2
285	+2.5
1
18	Creighton
   6 seed, Elite Eight	BE	4	3–1
2–0	119.1
29	94.8
49	.9318
18	58.1
24	46.2
76	17.0
164	11.7
307	25.4
225	26.3
124	29.9
182	20.0
32	51.1
129	43.2
33	44.7
15	34.8
177	44.0
55	33.6
113	69.9
78	+0.48
36
19	Houston
   1 seed, Sweet Sixteen	Amer	5	4–1
2–0	109.3
117	87.1
8	.9314
19	46.7
226	45.9
69	16.9
161	20.8
58	31.5
101	24.2
84	34.9
115	46.1
307	47.1
211	46.2
76	30.8
213	30.3
96	40.5
102	36.3
157	64.8
262	+1.3
17
20	North Texas	CUSA	5	4–1
2–0	106.7
145	85.3
5	.9297
20	51.2
126	38.0
2	19.9
268	19.6
83	34.2
63	29.6
198	38.5
70	40.9
281	53.4
92	36.3
7	32.1
189	27.7
58	42.4
73	32.7
93	61.7
326	-0.06
68
21	Auburn
   9 seed, R32	SEC	3	1–2
1–1	128.9
2	103.5
165	.9259
21	55.3
52	54.1
237	16.0
128	20.7
65	26.0
216	37.1
310	41.5
47	43.2
295	50.4
139	57.3
288	43.1
27	32.2
133	33.9
230	34.9
133	65.9
226	+0.14
57
22	Ohio St.	B10	6	4–2
1–1	122.0
12	98.2
91	.9239
22	55.0
59	49.7
150	15.4
114	14.4
245	26.4
205	30.5
217	28.5
209	32.7
179	49.5
169	49.1
140	43.4
25	33.9
162	35.4
203	32.7
93	64.7
268	+1.4
13
23	Oral Roberts
   12 seed, R64	Sum	3	3–0
0–0	118.0
35	95.2
53	.9218
23	54.7
65	44.3
39	11.8
24	17.1
153	30.8
111	32.5
256	28.5
209	20.6
36	59.0
20	45.5
63	33.0
174	28.2
63	45.6
33	36.6
166	70.5
60	+0.32
46
24	Virginia
   4 seed, R64	ACC	4	3–1
1–0	114.1
67	92.1
29	.9215
24	52.7
99	44.9
46	12.8
44	19.0
97	24.6
245	27.8
151	33.3
140	38.6
258	56.4
44	45.4
61	29.9
230	29.5
81	32.4
251	39.6
222	60.7
331	+0.7
29
25	Hofstra	CAA	3	2–1
0–0	125.7
4	101.6
135	.9204
25	61.5
9	47.9
106	17.1
169	16.6
173	30.1
134	28.9
182	17.6
316	24.1
71	59.3
19	48.3
124	43.0
28	31.3
114	42.2
79	35.8
151	66.6
205	-0.8
180
Rk	Team	Conf	G	Rec	AdjOE	AdjDE	Barthag	Efg%	EfgD%	TOR	TORD	ORB	DRB	FTR	FTRD	2P%	2P%D	3P%	3P%D	3PR	3PRD	Adj T.	WAB
26	VCU
   12 seed, R64	A10	4	4–0
1–0	115.9
50	93.8
41	.9198
26	59.2
18	45.3
57	15.4
114	18.1
127	27.5
182	29.4
195	38.7
68	30.7
151	54.3
74	46.2
76	45.8
9	29.0
74	34.0
227	30.7
57	65.7
231	+1.2
19
27	Towson	CAA	2	1–1
0–0	114.6
66	92.9
34	.9184
27	55.3
52	41.1
13	16.9
161	11.2
313	31.8
95	22.0
53	25.2
252	39.0
261	61.7
14	48.6
133	28.6
248	20.8
7	34.1
226	43.1
282	69.2
99	-0.47
114
28	St. John's	BE	3	1–2
0–1	112.6
84	91.2
26	.9182
28	48.0
197	49.2
135	23.7
322	16.3
180	42.9
10	23.1
62	28.7
203	23.7
67	44.2
272	53.8
240	37.5
86	29.3
78	31.7
261	46.5
309	74.0
11	-0.25
87
29	Seton Hall	BE	3	1–2
1–0	118.2
34	95.9
59	.9170
29	54.4
71	48.8
124	16.6
151	18.7
109	31.1
107	28.2
161	33.5
138	26.5
90	55.1
61	42.6
25	35.3
134	39.3
267	32.3
253	37.7
187	61.5
328	-0.18
80
30	Oregon	P12	5	4–1
2–0	116.2
46	94.8
48	.9120
30	49.8
155	45.2
55	13.6
66	14.8
231	38.1
25	24.9
98	31.1
165	22.7
58	49.7
161	41.3
18	33.3
163	35.4
191	36.9
172	33.0
99	67.6
150	+0.6
34
31	Northwestern
   7 seed, R32	B10	3	1–2
1–1	104.5
168	85.6
6	.9087
31	43.8
281	48.1
109	12.9
49	21.9
30	29.8
138	25.0
99	23.7
268	39.9
270	40.0
320	46.7
91	32.9
176	33.3
147	40.9
97	41.8
262	64.3
280	-0.39
101
32	Kansas
   1 seed, R32	B12	4	2–2
0–1	107.9
137	89.0
13	.9016
32	50.7
137	49.3
141	19.6
262	18.9
103	22.4
277	24.8
96	26.5
231	26.3
89	53.1
96	52.8
220	30.8
213	27.5
56	35.0
213	30.3
52	68.6
116	+0.8
27
33	Ohio	MAC	3	2–1
1–0	110.1
110	90.8
23	.9011
33	52.9
92	46.1
74	15.9
126	17.7
136	39.1
20	23.1
62	21.7
289	35.4
218	52.5
103	50.0
157	35.6
123	26.5
46	42.0
81	38.2
198	71.7
40	-0.44
108
34	West Virginia
   9 seed, R64	B12	3	2–1
1–0	115.6
54	95.7
57	.8972
34	50.8
133	51.6
191	17.6
191	21.4
41	29.7
142	33.0
266	29.3
190	22.2
54	54.4
71	50.9
187	29.9
230	35.2
186	37.0
167	38.4
200	70.0
76	+0.6
32
35	Stanford	P12	4	2–2
1–1	124.9
6	103.5
164	.8970
35	57.6
27	52.7
215	15.5
119	15.9
198	27.2
186	29.3
193	33.9
134	31.4
159	50.4
139	54.0
247	46.0
8	33.7
156	38.8
128	39.4
219	66.3
215	+0.04
64
36	Colorado	P12	4	3–1
1–0	116.1
47	97.2
77	.8848
36	52.7
99	44.7
43	18.3
212	13.1
273	26.2
214	24.7
95	23.1
275	33.3
189	48.3
196	46.5
86	40.2
53	27.8
60	36.4
183	38.5
203	67.1
180	+0.38
44
37	Arizona St.
   11 seed, R64	P12	6	3–3
0–2	112.8
80	94.6
47	.8832
37	47.3
211	50.2
161	16.0
128	20.8
58	29.8
138	34.6
281	38.4
71	39.9
270	45.4
249	47.7
110	33.3
163	36.6
221	41.8
82	34.1
122	68.8
111	-0.13
74
38	Kent St.
   13 seed, R64	MAC	4	4–0
1–0	115.2
61	96.6
69	.8825
38	54.3
72	48.6
121	15.3
109	19.4
87	34.5
57	23.9
78	37.7
78	45.0
304	56.2
48	51.6
203	34.0
153	29.8
89	38.1
145	42.7
276	69.9
78	+0.9
25
39	North Carolina	ACC	3	1–2
0–1	114.7
65	96.4
64	.8809
39	47.7
204	48.4
116	14.2
79	14.2
252	29.4
150	22.4
57	28.7
203	30.0
140	48.5
193	49.5
153	31.1
206	30.6
99	43.3
62	30.6
55	66.1
221	-0.7
176
40	Texas St.	SB	3	2–1
0–0	106.7
146	89.8
18	.8786
40	52.4
109	42.3
22	18.6
227	16.9
161	30.8
111	30.8
222	14.3
332	36.5
236	53.8
82	38.9
13	32.7
181	33.3
147	29.2
295	30.8
58	60.1
335	-0.15
77
41	Louisiana
   13 seed, R64	SB	3	3–0
0–0	104.1
173	87.7
10	.8772
41	53.5
81	43.4
30	20.7
288	18.7
109	29.5
148	21.6
51	32.5
151	34.0
203	51.4
119	49.2
143	39.1
66	16.2
1	29.3
293	23.3
7	67.9
142	+0.6
31
42	Penn St.
   10 seed, R32	B10	6	5–1
2–0	115.3
58	97.4
78	.8749
42	53.4
85	45.9
69	16.7
156	10.3
320	23.4
263	27.3
142	34.3
126	23.7
67	51.7
115	47.3
103	37.1
91	29.0
74	44.5
50	36.8
171	64.8
262	+2.5
2
43	Vermont
   15 seed, R64	AE	3	3–0
0–0	116.0
48	98.1
89	.8730
43	59.0
21	46.2
76	9.0
2	20.1
74	22.8
273	24.0
79	25.6
244	23.4
63	62.7
11	41.7
21	35.7
121	35.5
193	40.7
100	39.2
215	63.3
303	+0.21
53
44	UCF	Amer	5	3–2
1–1	110.5
103	93.5
36	.8729
44	52.8
95	45.1
51	18.9
237	20.7
65	32.5
82	28.9
182	26.2
235	32.8
182	53.8
82	45.3
59	34.2
150	29.8
89	39.4
120	38.0
189	65.1
248	-0.7
152
45	Vanderbilt	SEC	6	5–1
2–0	117.9
36	99.8
109	.8716
45	54.6
67	45.8
67	17.7
195	17.0
158	25.1
236	42.2
327	37.5
80	36.2
233	54.0
79	47.0
95	36.9
93	29.0
74	43.0
68	33.2
103	69.5
90	+1.4
14
46	UAB	CUSA	5	4–1
1–0	110.2
108	93.3
35	.8715
46	50.2
145	49.3
141	16.9
161	21.0
51	30.2
129	25.7
112	28.8
200	27.1
96	51.2
128	49.4
149	32.2
188	32.8
143	37.1
165	39.8
226	73.6
17	+0.7
28
47	Sam Houston St.	WAC	5	4–1
2–0	102.6
190	86.9
7	.8711
47	48.6
181	45.0
48	18.6
227	20.4
69	28.1
170	21.3
41	33.6
136	43.0
292	46.9
220	43.9
39	34.3
148	30.8
103	36.8
175	47.0
313	64.9
258	-0.16
78
48	Xavier
   3 seed, Sweet Sixteen	BE	5	4–1
2–0	120.6
16	102.2
143	.8706
48	53.6
79	50.2
161	15.0
96	14.1
258	36.3
39	24.3
91	31.5
160	28.7
127	51.4
119	49.2
143	39.3
62	34.6
170	29.2
295	35.5
147	67.6
150	+1.4
16
49	N.C. State
   11 seed, R64	ACC	2	1–1
0–0	119.3
27	101.1
124	.8704
49	55.3
52	58.2
296	14.6
85	18.2
125	24.2
249	23.7
74	17.1
320	31.8
168	55.7
52	54.8
261	36.4
103	41.7
287	35.8
191	43.6
285	68.5
119	-0.13
75
50	Cincinnati	Amer	4	3–1
1–0	112.2
91	95.2
54	.8682
50	50.6
139	45.9
69	12.3
35	16.3
180	30.9
110	28.6
170	33.3
140	24.0
70	50.3
141	50.3
170	34.0
153	24.0
21	40.2
106	30.5
54	70.1
71	+0.20
55
Rk	Team	Conf	G	Rec	AdjOE	AdjDE	Barthag	Efg%	EfgD%	TOR	TORD	ORB	DRB	FTR	FTRD	2P%	2P%D	3P%	3P%D	3PR	3PRD	Adj T.	WAB
51	Colorado St.	MWC	3	2–1
1–0	117.0
42	100.1
113	.8583
51	54.1
74	46.7
85	17.5
186	16.0
195	26.4
205	33.0
266	36.9
86	31.5
162	50.0
142	47.9
113	41.1
43	29.7
87	35.0
213	35.4
145	67.0
185	+0.21
54
52	Colgate
   15 seed, R64	Pat	3	3–0
0–0	120.4
17	103.0
161	.8572
52	64.8
3	49.7
150	10.4
8	15.6
208	12.8
333	20.5
34	33.1
146	17.1
17	65.1
3	56.1
281	42.9
29	27.5
56	36.6
179	42.8
277	71.9
36	+0.13
59
53	TCU
   6 seed, R32	B12	4	2–2
1–1	109.8
114	94.1
43	.8548
53	46.3
234	48.2
110	18.1
205	19.6
83	32.1
89	31.4
236	28.8
200	33.8
198	39.5
322	52.1
210	40.8
47	27.9
61	31.3
267	37.7
187	68.1
137	+0.6
33
54	Arkansas
   8 seed, Sweet Sixteen	SEC	3	1–2
0–1	113.8
69	97.6
81	.8540
54	47.4
209	51.2
186	17.7
195	19.1
93	35.2
50	35.5
286	43.7
33	51.9
323	49.6
165	55.7
272	28.3
250	25.0
25	30.5
277	24.7
12	70.4
63	-0.36
96
55	Kansas St.
   3 seed, Elite Eight	B12	3	1–2
1–1	113.8
70	97.6
80	.8537
55	54.9
62	51.6
191	23.3
314	17.0
158	34.0
68	25.5
108	25.3
251	32.1
172	55.2
57	47.9
113	36.4
103	38.8
257	42.3
75	36.4
159	73.9
12	-0.34
94
56	Indiana
   4 seed, R32	B10	3	2–1
1–0	111.9
93	96.1
60	.8527
56	51.1
129	45.1
51	11.3
20	14.2
252	21.8
282	31.6
243	29.1
196	33.0
185	53.6
87	39.4
15	28.2
251	35.6
196	21.8
334	40.1
232	67.0
185	+0.47
38
57	Oklahoma St.	B12	4	3–1
1–0	98.4
234	84.5
3	.8520
57	41.0
322	41.7
17	18.9
237	15.1
222	36.8
32	23.1
62	27.0
226	27.9
110	42.4
299	33.6
2	25.8
285	34.7
173	38.1
145	44.1
288	66.0
223	+0.8
26
58	Oklahoma	B12	3	1–2
1–1	108.8
126	93.5
37	.8504
58	45.4
250	47.8
101	17.6
191	13.1
273	23.8
257	28.6
170	34.1
132	25.4
82	42.6
296	44.7
52	33.3
163	36.2
214	38.4
133	32.0
84	64.5
275	-0.33
92
59	Tennessee
   4 seed, Sweet Sixteen	SEC	3	1–2
0–1	115.1
63	99.1
104	.8475
59	55.0
59	54.2
240	20.0
270	12.3
291	30.8
111	17.0
15	29.4
189	26.9
91	51.7
115	53.5
233	39.4
60	36.8
227	44.4
52	40.7
238	64.6
270	-0.6
128
60	Miami FL
   5 seed, Final Four	ACC	3	2–1
1–0	121.2
15	104.6
178	.8440
60	54.5
69	55.4
260	16.7
156	14.3
248	31.6
98	25.5
108	27.8
217	30.9
153	55.3
55	51.0
189	35.5
128	41.1
285	35.2
207	41.7
256	67.8
146	+0.31
47
61	Kentucky
   6 seed, R32	SEC	3	1–2
1–1	113.5
74	98.2
92	.8404
61	46.1
237	47.8
101	18.5
224	12.8
279	43.4
9	27.8
151	49.2
13	36.2
233	52.1
108	44.7
52	22.4
312	35.2
186	32.4
251	38.4
200	70.1
71	-0.6
131
62	Villanova	BE	4	1–3
0–1	108.0
132	93.6
38	.8394
62	48.6
181	49.3
141	13.2
55	15.5
211	23.3
267	18.9
22	19.8
302	28.2
116	48.0
201	48.4
127	32.8
178	33.7
156	49.2
14	44.5
293	66.6
205	-0.42
105
63	Howard
   16 seed, R64	MEAC	4	4–0
1–0	108.0
133	93.7
40	.8370
63	55.7
50	38.0
2	21.0
295	18.1
127	38.6
22	34.1
278	40.6
56	34.7
209	53.2
93	39.4
15	39.8
57	23.4
18	38.4
133	31.8
77	68.3
123	+0.29
49
64	Eastern Kentucky	ASun	1	0–1
0–0	128.0
3	111.2
259	.8341
64	59.5
16	55.6
266	12.6
39	7.8
336	20.0
292	28.9
182	15.5
327	20.6
36	63.6
6	45.2
57	36.0
115	43.8
301	43.1
65	50.8
326	66.4
209	-0.37
98
65	Syracuse	ACC	2	1–1
1–0	104.2
171	90.6
22	.8340
65	45.3
253	50.4
166	18.1
205	20.8
58	33.3
71	25.7
112	32.0
158	14.8
6	41.2
309	60.0
313	38.7
70	28.4
64	24.2
328	54.9
332	69.6
86	-0.39
99
66	Kennesaw St.
   14 seed, R64	ASun	2	2–0
0–0	112.7
81	98.3
93	.8288
66	57.6
27	45.0
48	16.3
143	12.6
283	19.6
297	29.9
207	35.2
106	20.0
32	53.8
82	50.0
157	42.5
32	23.9
20	38.1
145	35.4
145	67.9
142	+0.44
40
67	South Alabama	SB	4	3–1
0–0	113.0
79	98.9
101	.8217
67	56.1
42	45.5
60	12.7
42	15.3
216	17.6
314	29.4
195	35.4
104	26.0
88	55.0
62	45.4
61	38.9
67	30.6
99	34.0
227	30.6
55	64.3
280	+0.10
61
68	Saint Louis	A10	3	2–1
1–0	119.5
25	104.7
180	.8196
68	55.1
58	49.2
135	16.2
140	15.7
201	31.6
98	32.7
260	22.6
283	27.5
107	55.0
62	47.9
113	36.8
97	34.4
168	32.2
255	34.3
125	67.2
173	-0.07
71
69	Missouri
   7 seed, R32	SEC	4	3–1
2–0	119.2
28	104.6
177	.8180
69	53.3
87	55.5
262	12.4
38	23.0
18	22.1
281	31.1
233	19.1
305	30.0
140	56.3
45	57.0
286	32.7
181	35.9
204	42.3
75	47.5
316	68.3
123	+1.0
21
70	Grand Canyon
   14 seed, R64	WAC	6	6–0
2–0	121.8
13	107.0
209	.8154
70	62.6
5	48.2
110	15.4
114	11.5
308	20.5
290	25.7
112	43.6
34	38.2
254	58.6
24	51.6
203	45.0
12	28.4
64	44.6
48	38.0
189	66.7
203	+1.7
7
71	Clemson	ACC	4	2–2
1–0	109.3
118	96.1
61	.8140
71	52.6
104	45.2
55	15.0
96	12.7
280	25.4
225	21.3
41	27.3
223	24.5
73	52.0
111	43.0
31	35.6
123	32.3
134	45.0
43	41.1
248	69.4
93	+0.18
56
72	Boise St.
   10 seed, R64	MWC	3	1–2
0–1	115.6
55	102.1
141	.8070
72	52.7
99	55.7
268	13.9
72	17.8
133	22.2
280	24.0
79	36.1
95	28.7
127	50.0
142	55.9
275	38.1
79	37.0
233	37.3
162	46.6
311	65.1
248	-0.27
90
73	Michigan St.
   7 seed, Sweet Sixteen	B10	2	1–1
1–0	117.8
37	104.5
176	.7991
73	53.2
90	55.7
268	12.8
44	10.4
319	25.4
225	23.8
77	35.2
106	21.1
44	48.6
190	45.7
68	41.7
39	47.7
323	33.3
236	38.6
206	63.4
302	-0.14
76
74	Michigan	B10	4	1–3
0–2	110.0
112	97.6
82	.7978
74	52.6
104	46.8
88	18.3
212	9.7
326	25.2
233	25.6
111	32.5
151	29.9
139	47.3
209	47.2
100	40.9
46	30.7
101	37.6
156	28.0
31	65.1
248	-1.2
279
75	Indiana St.	MVC	3	2–1
0–0	119.7
22	106.6
204	.7910
75	61.9
8	50.5
170	14.5
83	11.2
313	21.2
285	17.0
15	23.9
264	19.5
26	56.0
51	50.0
157	46.3
6	34.3
166	44.4
52	36.8
171	70.5
60	-0.40
102
Rk	Team	Conf	G	Rec	AdjOE	AdjDE	Barthag	Efg%	EfgD%	TOR	TORD	ORB	DRB	FTR	FTRD	2P%	2P%D	3P%	3P%D	3PR	3PRD	Adj T.	WAB
76	Wichita St.	Amer	4	2–2
1–1	110.8
102	98.7
97	.7905
76	56.3
39	49.1
130	19.5
258	16.2
188	27.9
173	25.2
104	25.9
237	30.9
153	54.9
64	46.8
93	39.4
60	34.6
170	31.7
261	45.2
298	66.9
193	-0.6
149
77	Maryland
   8 seed, R32	B10	4	1–3
0–2	108.8
127	97.0
74	.7894
77	48.1
195	54.2
240	15.8
124	19.0
97	30.2
129	26.7
127	28.7
203	29.4
133	43.1
291	53.3
231	37.2
90	37.5
241	39.8
111	31.8
77	62.8
316	-1.0
267
78	Washington St.	P12	4	2–2
1–0	118.7
32	105.8
195	.7892
78	54.0
75	50.8
174	16.4
145	15.6
208	33.1
74	29.7
202	26.4
232	27.4
106	44.8
254	50.3
170	43.8
19	34.6
170	43.9
58	32.9
97	67.4
159	+0.02
65
79	Illinois
   9 seed, R64	B10	3	1–2
1–1	115.3
59	102.9
157	.7878
79	49.5
160	53.6
230	13.4
60	15.2
217	30.0
137	30.2
211	41.4
48	41.3
285	52.0
111	52.9
223	29.5
238	36.7
222	32.8
244	33.5
109	68.7
113	-0.26
89
80	San Francisco	WCC	3	2–1
0–0	111.2
100	99.3
106	.7865
80	53.7
76	51.1
184	17.6
191	14.9
230	30.6
118	21.4
45	30.2
179	39.7
268	43.5
285	52.4
215	42.3
34	32.9
145	51.3
10	42.5
272	65.6
235	+0.27
50
81	Utah Tech	WAC	4	2–2
1–1	110.5
104	98.9
100	.7825
81	57.3
29	48.5
120	20.3
276	17.8
133	26.3
209	25.5
108	43.1
36	38.9
260	58.0
32	54.9
264	37.5
86	25.0
25	37.9
151	37.2
180	66.8
199	-1.3
284
82	Charleston
   12 seed, R64	CAA	3	3–0
0–0	102.3
195	91.6
27	.7805
82	43.9
277	44.3
39	13.6
66	20.8
58	32.0
93	26.2
122	39.8
59	21.0
43	50.0
142	48.8
137	25.3
288	22.6
12	50.3
12	30.1
46	71.6
41	+0.45
39
83	Murray St.	MVC	2	1–1
0–0	105.0
162	94.2
45	.7758
83	48.0
197	47.2
91	11.0
15	20.6
67	26.4
205	20.3
30	22.2
285	28.0
113	47.1
211	57.8
295	33.3
163	20.9
9	31.0
270	40.2
233	67.9
142	-0.47
113
84	Montana St.
   14 seed, R64	BSky	3	3–0
0–0	106.9
143	96.5
68	.7635
84	49.1
169	45.7
65	17.0
164	18.4
115	26.3
209	27.0
135	57.0
4	34.1
204	45.6
248	46.2
76	38.6
72	29.6
86	27.8
308	31.2
63	65.9
226	+0.37
45
85	Rutgers	B10	5	1–4
0–2	110.4
105	99.8
110	.7611
85	47.7
204	54.9
253	17.4
182	21.3
43	35.8
41	34.0
277	26.8
227	32.1
172	48.6
190	54.5
255	30.2
222	36.9
231	28.5
303	41.9
264	65.4
239	-1.1
276
86	Furman
   13 seed, R32	SC	3	3–0
0–0	115.8
52	104.8
181	.7581
86	52.4
109	47.0
89	10.5
10	16.3
180	23.4
263	32.1
247	61.6
3	28.8
130	59.5
18	53.5
233	30.0
228	24.3
22	48.8
15	38.0
189	67.3
166	+0.38
43
87	Wisconsin	B10	4	2–2
1–1	108.9
121	98.8
99	.7546
87	46.8
223	53.5
229	11.5
21	19.8
79	26.8
196	29.4
195	29.3
190	35.3
214	47.7
206	59.4
307	30.1
226	28.8
67	35.8
191	36.3
157	65.1
248	-0.7
156
88	Princeton
   15 seed, Sweet Sixteen	Ivy	3	3–0
1–0	108.9
123	98.7
96	.7546
88	47.9
200	48.3
115	11.1
17	14.0
259	28.9
157	20.9
37	31.4
162	25.7
84	47.7
206	44.4
44	32.1
189	37.1
235	44.0
55	34.6
130	66.7
203	+0.6
35
89	UC Santa Barbara
   14 seed, R64	BW	5	5–0
2–0	119.0
30	108.2
229	.7487
89	56.2
40	50.6
171	10.4
8	17.5
144	17.3
316	24.2
84	42.0
44	38.3
255	54.2
76	51.4
197	41.1
43	32.5
138	26.6
317	31.2
63	68.3
123	+0.9
23
90	BYU	WCC	3	2–1
0–0	116.8
43	106.4
199	.7453
90	55.9
45	50.6
171	18.7
232	16.1
190	38.4
23	33.7
274	48.4
17	36.5
236	57.3
38	52.6
219	35.9
118	31.9
125	41.8
82	43.1
282	65.3
242	+0.13
58
91	Akron	MAC	3	1–2
0–1	118.5
33	108.1
225	.7408
91	57.8
25	48.4
116	18.7
232	14.7
237	23.1
269	31.4
236	39.9
58	41.1
283	58.6
24	48.4
127	37.8
82	32.4
136	42.8
70	35.8
151	69.9
78	-0.9
256
92	Iona
   13 seed, R64	MAAC	5	5–0
2–0	115.2
60	105.3
186	.7381
92	52.8
95	49.1
130	14.7
88	19.9
78	42.2
11	30.8
222	28.4
212	22.4
55	48.8
182	49.5
153	40.6
49	32.3
134	33.0
242	35.2
141	67.4
159	+0.47
37
93	Toledo	MAC	5	3–2
1–0	123.2
9	112.8
268	.7344
93	56.4
37	56.7
284	12.0
27	18.4
115	27.1
190	36.5
302	33.3
140	30.3
144	56.6
41	56.8
285	37.4
89	37.6
247	35.3
204	39.0
212	69.4
93	-0.07
69
94	USC
   10 seed, R64	P12	3	1–2
1–1	112.6
83	103.3
162	.7297
94	47.9
200	48.4
116	19.5
258	15.2
217	35.6
44	36.4
301	44.7
28	42.1
288	44.8
254	42.9
28	35.4
130	37.2
236	38.2
138	42.6
273	67.6
150	-0.6
135
95	Weber St.	BSky	2	1–1
0–0	97.3
250	89.3
16	.7275
95	47.2
213	49.5
145	15.3
109	23.3
16	12.9
332	17.2
17	28.4
212	31.7
166	52.6
102	50.0
157	22.6
311	32.4
136	28.4
305	36.6
166	64.2
285	-0.6
143
96	Eastern Washington	BSky	2	1–1
0–0	116.7
44	107.5
215	.7208
96	60.4
11	54.3
243	18.1
205	13.7
262	29.8
138	25.4
107	32.4
154	20.5
34	62.5
12	47.8
111	38.3
77	41.4
286	42.3
75	45.7
304	70.9
54	-0.9
230
97	Saint Mary's
   5 seed, R32	WCC	2	1–1
0–0	110.3
106	101.6
136	.7195
97	47.0
216	59.4
304	17.5
186	14.4
245	29.7
142	25.0
99	48.5
16	36.6
240	44.3
268	57.5
292	35.5
128	42.9
294	30.7
274	27.7
27	60.3
334	+0.10
60
98	Mercer	SC	2	1–1
0–0	95.8
262	88.3
12	.7189
98	45.4
250	42.3
22	27.1
335	16.7
167	47.0
2	23.2
67	29.6
185	49.5
319	54.4
71	45.6
65	20.0
324	25.0
25	37.0
167	41.2
252	62.2
323	-0.6
148
99	Fresno St.	MWC	2	1–1
0–0	117.5
40	108.3
232	.7185
99	64.5
4	52.8
216	17.3
177	18.8
107	30.4
123	27.9
155	25.4
249	34.6
208	55.6
53	50.7
185	48.3
3	37.5
241	52.6
7	37.4
183	68.3
123	-0.7
160
100	Portland	WCC	2	1–1
0–0	119.6
23	110.3
253	.7183
100	58.6
22	52.5
207	15.6
122	15.6
208	25.0
237	42.9
331	36.9
86	39.2
263	51.1
129	61.0
317	42.4
33	29.5
81	59.5
1	50.8
326	65.6
235	-0.49
119
Rk	Team	Conf	G	Rec	AdjOE	AdjDE	Barthag	Efg%	EfgD%	TOR	TORD	ORB	DRB	FTR	FTRD	2P%	2P%D	3P%	3P%D	3PR	3PRD	Adj T.	WAB
101	Western Carolina	SC	2	1–1
0–0	111.4
98	102.7
150	.7172
101	52.9
92	43.0
27	12.9
49	8.4
334	32.8
78	27.1
140	23.0
278	57.0
330	53.2
93	50.0
157	34.9
138	23.1
15	35.2
207	45.6
303	61.9
325	-0.6
139
102	UMass Lowell	AE	3	2–1
0–0	109.9
113	101.4
130	.7154
102	54.6
67	48.2
110	20.0
270	16.9
161	34.9
53	25.9
117	45.4
25	31.5
162	51.4
119	51.5
198	41.9
38	28.8
67	28.3
306	40.0
228	67.4
159	-0.48
117
103	UC Irvine	BW	5	3–2
2–0	102.8
185	94.9
50	.7146
103	49.8
155	44.1
36	19.6
262	17.6
140	27.5
182	31.3
234	29.2
194	30.6
147	47.1
211	42.1
23	36.8
97	32.0
127	33.5
234	33.7
115	70.9
54	-0.36
97
104	Penn	Ivy	2	0–2
0–1	105.6
156	97.6
83	.7116
104	46.9
219	47.8
101	13.2
55	12.5
285	21.5
283	28.2
161	20.9
296	26.9
91	42.7
295	50.7
185	37.5
86	29.5
81	31.0
270	45.5
300	68.0
139	-1.1
273
105	Fordham	A10	4	2–2
1–1	101.3
205	93.6
39	.7116
105	46.4
233	44.1
36	17.2
173	17.2
150	26.8
196	24.8
96	38.6
69	39.3
264	48.9
180	48.7
136	28.4
249	23.4
18	40.3
104	33.6
113	70.1
71	-1.0
268
106	Liberty	ASun	3	2–1
0–0	106.5
148	98.8
98	.7036
106	49.4
163	50.3
164	14.1
76	15.7
201	27.9
173	21.0
38	25.7
242	19.8
30	45.9
240	54.7
259	35.8
119	28.8
67	45.3
39	38.4
200	66.0
223	-0.48
118
107	Drexel	CAA	2	1–1
0–0	105.4
158	97.9
87	.7015
107	51.0
130	44.9
46	18.0
203	20.4
69	25.4
225	33.3
269	46.0
21	30.6
147	50.0
142	45.8
72	35.3
134	28.0
62	34.0
227	23.1
6	64.2
285	-0.8
187
108	Missouri St.	MVC	2	1–1
0–0	105.7
154	98.1
88	.7013
108	50.0
147	44.2
38	19.2
246	14.2
252	39.4
17	28.8
179	21.6
291	35.6
225	52.9
98	47.0
95	30.2
222	26.3
43	38.7
130	36.5
163	60.6
332	-0.7
172
109	Northern Kentucky
   16 seed, R64	Horz	3	3–0
0–0	112.2
89	104.2
172	.7010
109	48.8
176	51.9
197	12.3
35	19.7
80	35.6
44	30.4
215	51.6
9	28.5
122	49.5
169	51.5
198	31.8
193	35.1
184	41.0
96	36.1
154	62.3
321	+0.39
42
110	Yale	Ivy	4	2–2
1–0	105.6
155	98.2
90	.6979
110	52.5
107	46.4
82	17.7
195	16.2
188	24.3
248	26.7
127	38.0
77	35.6
225	47.9
202	45.8
72	40.5
50	31.4
119	35.7
195	43.8
286	68.0
139	-0.07
70
111	Dayton	A10	4	2–2
0–1	113.4
75	105.4
190	.6978
111	45.8
241	48.9
127	13.9
72	14.8
231	37.6
29	32.4
253	28.4
212	21.4
48	49.6
165	48.4
127	26.7
270	33.0
146	40.0
108	44.6
294	57.6
339	-0.7
175
112	UNC Wilmington	CAA	3	2–1
0–0	110.0
111	102.7
147	.6889
112	51.5
117	49.7
150	20.7
288	17.2
150	33.7
69	27.7
150	35.0
112	40.0
272	54.5
67	52.9
223	30.2
222	30.7
101	32.5
250	46.9
312	63.2
309	-0.06
67
113	Iowa
   8 seed, R64	B10	2	0–2
0–1	119.3
26	111.4
262	.6882
113	46.9
219	62.9
322	13.2
55	17.8
133	39.0
21	29.6
198	25.4
249	16.1
13	48.7
187	57.4
291	29.6
235	47.7
323	41.5
90	39.3
217	65.3
242	-1.3
287
114	Saint Joseph's	A10	4	3–1
1–0	107.9
135	100.9
120	.6850
114	50.2
145	45.0
48	14.9
91	17.2
150	28.4
164	33.6
273	30.8
170	27.5
107	54.6
66	50.4
174	31.0
209	25.2
34	53.8
6	42.9
278	68.5
119	-0.22
83
115	Mississippi	SEC	3	1–2
0–1	108.2
130	101.1
126	.6845
115	50.0
147	54.7
250	17.4
182	17.9
129	27.6
179	27.0
135	25.7
242	19.5
26	50.5
138	59.8
311	32.8
178	31.9
125	38.3
137	42.6
273	66.0
223	-0.5
120
116	Virginia Tech	ACC	4	2–2
1–0	113.5
72	106.5
201	.6759
116	56.6
35	55.8
271	14.6
85	14.6
240	19.5
299	27.6
147	24.3
259	18.3
20	57.7
34	55.6
271	36.9
93	37.5
241	45.6
33	36.5
163	66.3
215	-0.22
82
117	East Carolina	Amer	5	2–3
1–2	102.1
198	95.8
58	.6746
117	44.7
266	47.6
98	19.2
246	16.9
161	31.5
101	26.9
134	37.4
83	32.5
175	43.6
282	48.3
124	31.1
206	31.0
109	36.1
187	39.7
223	68.6
116	-0.8
184
118	Air Force	MWC	2	0–2
0–1	103.9
177	97.8
85	.6683
118	45.2
255	51.8
196	19.2
246	18.5
112	30.1
134	27.4
144	29.6
185	34.8
210	44.3
268	53.1
227	31.1
206	33.3
147	39.1
124	42.9
278	64.8
262	-1.4
294
119	Nebraska	B10	2	1–1
1–0	111.9
92	105.4
189	.6661
119	59.1
20	51.6
191	16.5
147	15.1
222	21.3
284	32.5
256	25.2
252	29.4
133	54.3
74	49.2
143	44.4
16	36.1
210	39.1
124	48.4
320	69.3
95	-0.21
81
120	Minnesota	B10	4	2–2
1–1	115.1
62	108.5
234	.6640
120	57.0
32	50.9
177	20.3
276	14.6
240	23.7
261	32.5
256	36.0
97	35.4
218	54.5
67	50.6
179	40.5
50	34.4
168	39.5
118	28.3
33	67.2
173	-0.41
104
121	Chattanooga	SC	4	3–1
0–0	108.9
124	102.9
156	.6562
121	62.3
6	47.8
101	16.0
128	10.5
317	16.2
320	20.4
33	39.4
62	39.0
261	63.1
10	53.5
233	41.0
45	27.7
58	48.6
17	48.4
320	71.9
36	-0.36
95
122	LSU	SEC	4	1–3
0–2	111.6
97	105.8
194	.6490
122	42.8
301	51.7
195	15.8
124	13.5
265	39.4
17	30.6
218	38.9
66	37.8
251	40.8
313	52.2
212	31.0
209	34.0
163	35.7
195	40.9
243	65.7
231	-1.6
313
123	Northern Iowa	MVC	2	1–1
0–0	102.7
187	97.8
86	.6365
123	50.0
147	49.1
130	13.0
51	19.5
85	14.9
326	25.0
99	28.9
199	37.3
247	50.8
135	50.0
157	32.7
181	31.8
124	43.0
68	40.0
228	71.5
44	-0.6
141
124	DePaul	BE	4	1–3
0–2	111.6
95	106.7
205	.6280
124	51.3
121	57.8
294	18.5
224	18.9
103	26.3
209	38.2
314	22.1
286	30.5
145	46.1
237	57.3
288	42.6
31	39.2
266	28.9
300	33.5
109	68.2
131	-0.46
111
125	Fairleigh Dickinson
   16 seed, R32	NEC	4	3–1
0–0	112.2
90	107.5
214	.6219
125	53.1
91	46.7
85	16.1
135	17.6
140	35.1
52	27.1
140	33.6
136	24.1
71	50.0
142	50.3
170	39.2
63	26.6
48	34.5
218	34.6
130	65.2
245	-0.8
211
Rk	Team	Conf	G	Rec	AdjOE	AdjDE	Barthag	Efg%	EfgD%	TOR	TORD	ORB	DRB	FTR	FTRD	2P%	2P%D	3P%	3P%D	3PR	3PRD	Adj T.	WAB
126	Cal St. Fullerton	BW	3	2–1
0–0	104.9
163	100.6
117	.6206
126	48.2
192	50.9
177	14.6
85	19.5
85	24.8
242	24.5
93	36.3
94	43.1
294	47.1
211	45.6
65	34.0
153	40.4
281	29.2
295	35.6
149	67.0
185	-0.24
85
127	Mississippi St.
   11 seed, R68	SEC	4	1–3
0–1	100.6
214	96.5
66	.6195
127	41.3
320	50.8
174	22.5
312	14.6
240	44.2
6	25.3
105	29.3
190	25.0
79	45.8
245	47.5
107	19.4
327	36.2
214	27.2
311	49.2
323	62.9
315	-0.26
88
128	Cal Poly	BW	3	1–2
0–1	99.2
228	95.1
52	.6188
128	50.3
142	47.2
91	19.4
255	18.4
115	25.3
231	23.4
73	38.2
75	47.2
311	50.0
142	49.1
140	34.0
153	29.1
77	28.5
303	34.2
123	66.8
199	-1.5
301
129	Dartmouth	Ivy	1	1–0
1–0	124.4
7	119.4
304	.6155
129	69.1
1	60.3
310	24.9
330	16.6
173	30.4
123	24.2
84	25.5
246	15.9
10	71.9
1	59.0
303	43.5
23	41.7
287	41.8
82	38.1
194	73.5
19	+0.09
62
130	Pacific	WCC	2	1–1
0–0	105.9
153	101.8
139	.6130
130	53.6
79	55.6
266	14.1
76	18.4
115	17.6
314	20.0
25	34.8
118	24.8
75	54.9
64	60.3
315	34.1
151	33.3
147	36.6
179	46.2
305	67.6
150	-0.6
124
131	Santa Clara	WCC	2	0–2
0–0	100.1
223	96.7
71	.5983
131	48.4
186	51.3
188	20.0
270	21.3
43	23.8
257	29.2
190	22.8
281	35.3
214	44.4
260	43.7
37	37.0
92	42.2
292	36.2
186	38.8
209	67.1
180	-0.7
163
132	Notre Dame	ACC	3	1–2
1–1	108.9
122	105.3
185	.5963
132	50.0
147	55.5
262	12.2
32	12.2
295	16.2
320	26.0
119	34.7
119	41.9
287	46.2
236	53.9
244	36.4
103	38.6
255	45.3
39	40.7
238	68.2
131	-0.7
165
133	San Jose St.	MWC	3	2–1
1–0	104.9
164	101.4
131	.5963
133	49.1
169	45.1
51	16.1
135	13.5
265	28.3
167	31.0
230	23.1
275	35.5
223	55.2
57	45.0
55	26.5
271	30.2
94	39.3
121	36.6
166	63.8
293	+0.41
41
134	Baylor
   3 seed, R32	B12	2	0–2
0–1	117.6
39	114.0
278	.5871
134	51.9
114	57.8
294	19.5
258	21.8
32	20.0
292	50.0
337	29.8
184	33.0
185	38.3
328	58.3
298	42.1
35	37.8
249	54.8
4	33.9
117	67.3
166	-1.0
270
135	Cleveland St.	Horz	3	2–1
0–0	107.4
140	104.2
171	.5847
135	50.3
142	45.8
67	17.9
201	17.0
158	34.6
56	33.3
269	27.7
218	24.7
74	49.7
161	50.0
157	34.9
138	25.0
25	22.9
331	33.7
115	68.3
123	-0.7
154
136	Southern Utah	WAC	5	3–2
1–1	113.0
78	109.8
246	.5807
136	51.3
121	60.2
309	12.8
44	16.8
165	25.4
225	22.1
54	36.0
97	33.3
189	52.9
98	56.0
277	32.5
186	44.2
308	37.6
156	40.5
234	71.1
51	-0.8
186
137	Pittsburgh
   11 seed, R32	ACC	5	2–3
0–2	115.9
51	112.9
270	.5747
137	52.7
99	55.1
256	12.1
31	16.3
180	23.4
263	34.4
279	41.1
52	33.2
188	49.7
161	55.4
269	38.6
72	36.4
216	36.1
187	40.0
228	69.1
102	-1.1
274
138	Georgia Tech	ACC	3	2–1
1–0	109.3
116	106.6
203	.5720
138	49.4
163	52.6
211	9.2
4	14.8
231	23.0
271	26.8
129	27.6
219	28.2
116	49.0
177	56.0
277	33.3
163	31.1
110	44.8
45	35.9
153	65.2
245	-0.17
79
139	Davidson	A10	4	2–2
1–1	101.4
202	99.0
102	.5666
139	44.2
272	52.4
206	12.8
44	19.0
97	23.4
263	19.2
23	26.4
232	23.1
60	46.5
231	54.9
264	27.0
266	32.0
127	38.5
132	36.1
154	64.3
280	-1.2
278
140	Northern Arizona	BSky	4	3–1
0–0	115.6
56	113.1
273	.5617
140	57.0
32	57.3
292	14.9
91	19.2
90	28.8
159	27.6
147	30.8
170	47.3
312	56.5
43	56.2
283	38.4
76	39.7
272	41.8
82	33.2
103	70.2
69	-0.24
84
141	Canisius	MAAC	2	1–1
1–0	98.2
238	96.3
62	.5585
141	48.0
197	50.4
166	15.0
96	21.8
32	18.3
305	28.2
161	24.8
256	21.5
49	48.1
199	52.4
215	31.8
193	30.8
103	35.2
207	32.2
87	72.7
28	-0.9
228
142	Radford	BSth	2	1–1
0–0	118.9
31	116.5
293	.5579
142	57.7
26	58.6
299	13.4
60	15.9
198	35.6
44	31.6
243	27.3
223	40.4
276	49.3
171	63.5
327	48.7
1	33.3
147	35.5
200	36.4
159	61.0
330	-0.8
189
143	UTEP	CUSA	3	1–2
1–1	103.8
179	101.7
138	.5577
143	53.5
81	53.1
223	24.6
328	22.2
26	35.2
50	32.7
260	27.5
220	44.7
301	46.6
229	54.1
250	45.5
10	34.0
163	32.2
255	31.4
68	69.0
106	-1.6
314
144	Robert Morris	Horz	1	0–1
0–0	103.0
184	101.0
121	.5554
144	48.4
186	49.2
135	21.1
296	15.5
211	31.4
104	30.3
214	19.4
303	33.3
189	48.8
182	54.3
252	31.6
199	21.4
10	30.6
276	23.3
7	64.8
262	-0.7
171
145	Morehead St.	OVC	2	1–1
0–0	98.2
240	96.4
65	.5529
145	43.0
300	47.3
93	13.7
68	13.7
262	21.0
287	23.3
70	30.4
176	31.0
156	38.1
330	53.6
238	32.7
181	25.0
25	45.2
42	38.9
210	63.2
309	-0.9
249
146	Charlotte	CUSA	3	0–3
0–2	110.2
107	108.3
231	.5510
146	55.9
45	53.8
232	16.4
145	14.6
240	20.4
291	27.5
146	23.7
268	28.0
113	53.6
87	52.8
220	40.0
54	37.3
237	36.7
178	31.7
73	63.7
296	-2.2
337
147	Belmont	MVC	1	0–1
0–0	125.4
5	123.3
325	.5485
147	62.1
7	63.5
325	9.5
5	13.6
264	17.2
317	24.2
84	16.7
324	28.6
124	59.0
20	45.7
68	44.4
16	57.1
336	40.9
97	44.4
292	69.9
78	-0.7
158
148	James Madison	SB	2	1–1
0–0	106.1
151	104.4
175	.5453
148	45.7
244	50.9
177	16.6
151	12.3
291	36.6
36	21.1
39	31.5
160	34.2
206	51.1
129	54.8
261	21.6
319	29.5
81	29.1
298	37.6
186	69.8
84	-0.45
110
149	Detroit Mercy	Horz	1	0–1
0–0	93.7
285	92.2
30	.5442
149	39.7
324	48.2
110	18.6
227	15.7
201	37.8
26	24.2
84	20.6
299	43.6
296	43.9
277	57.6
293	22.2
313	22.7
13	39.7
113	40.0
228	69.2
99	-0.7
167
150	Wake Forest	ACC	3	1–2
0–1	98.7
231	97.2
76	.5423
150	50.0
147	49.2
135	18.8
235	17.9
129	27.7
176	31.9
246	17.0
321	27.8
109	54.4
71	47.4
104	30.6
217	36.0
208	52.1
8	26.7
19	70.3
66	-0.9
217
Rk	Team	Conf	G	Rec	AdjOE	AdjDE	Barthag	Efg%	EfgD%	TOR	TORD	ORB	DRB	FTR	FTRD	2P%	2P%D	3P%	3P%D	3PR	3PRD	Adj T.	WAB
151	UNLV	MWC	4	2–2
1–1	104.3
169	102.9
154	.5411
151	46.5
231	55.1
256	18.9
237	20.3
71	30.5
121	28.3
166	28.0
215	40.6
278	41.1
311	52.9
223	35.4
130	39.3
267	44.5
50	37.5
184	67.8
146	-0.6
129
152	Appalachian St.	SB	1	0–1
0–0	102.7
188	101.5
133	.5335
152	43.9
277	56.3
278	12.6
39	14.2
252	29.3
153	25.8
116	9.1
337	17.9
19	38.6
326	54.5
255	36.4
103	39.1
264	33.3
236	41.1
248	64.9
258	-0.6
150
153	UC Riverside	BW	4	2–2
1–1	107.9
134	107.0
208	.5257
153	52.6
104	52.1
202	18.5
224	16.7
167	29.5
148	21.3
41	27.5
220	44.1
299	52.2
106	53.5
233	35.4
130	32.1
129	42.5
72	26.3
16	66.9
193	-1.3
288
154	La Salle	A10	4	2–2
0–1	104.1
174	103.3
163	.5199
154	53.3
87	46.4
82	18.6
227	17.1
153	28.1
170	30.6
218	28.6
206	35.9
230	53.5
90	48.3
124	35.3
134	28.9
71	30.0
284	38.0
189	68.0
139	-1.4
298
155	Middle Tennessee	CUSA	4	1–3
0–2	104.9
166	104.3
173	.5162
155	46.7
226	55.5
262	19.4
255	21.8
32	33.6
70	27.8
151	23.1
275	40.8
280	45.2
251	53.8
240	32.9
176	39.3
267	35.1
211	31.9
81	67.0
185	-1.1
277
156	Cal Baptist	WAC	4	2–2
1–1	100.1
222	99.9
111	.5080
156	48.9
173	47.3
93	17.3
177	13.4
269	24.1
253	22.9
60	39.8
59	31.6
164	48.3
196	51.6
203	33.0
174	25.6
37	46.6
26	32.9
97	67.0
185	-1.0
272
157	Lafayette	Pat	3	2–1
0–0	101.3
203	101.0
123	.5076
157	48.9
173	48.9
127	18.4
217	12.7
280	27.2
186	23.1
62	34.1
132	24.9
78	49.0
177	47.2
100	32.5
186	34.8
177	45.5
36	34.9
133	66.3
215	-0.44
107
158	Arkansas St.	SB	1	0–1
0–0	102.6
189	102.4
146	.5055
158	50.0
147	40.0
8	16.5
147	11.5
308	17.9
309	39.0
316	17.3
319	31.7
166	44.7
258	37.5
11	42.9
29	30.0
91	26.9
313	33.3
106	60.1
335	-0.8
193
159	Texas Tech	B12	2	0–2
0–1	109.6
115	109.5
242	.5027
159	46.1
237	50.8
174	19.4
255	16.3
180	35.7
43	41.9
326	22.6
283	21.3
46	37.1
331	48.5
130	37.7
84	35.6
196	46.1
30	46.5
309	63.6
298	-1.0
269
160	Richmond	A10	4	1–3
0–2	95.4
267	95.5
55	.4987
160	47.0
216	43.8
33	17.1
169	20.1
74	19.1
301	28.7
178	31.0
166	27.2
100	50.7
136	48.1
120	26.9
267	24.7
24	36.1
187	39.7
223	66.2
218	-2.3
338
161	Tarleton St.	WAC	2	1–1
0–0	101.0
210	101.1
125	.4976
161	43.1
297	60.0
307	18.4
217	26.4
6	29.4
150	27.3
142	41.7
46	36.0
231	42.4
299	62.3
321	31.3
203	38.3
253	14.8
339	47.0
313	64.3
280	-0.46
112
162	Nebraska Omaha	Sum	2	1–1
0–0	96.2
258	96.3
63	.4972
162	47.8
202	40.2
9	14.3
81	12.0
300	17.9
309	24.1
81	23.9
264	35.0
211	43.5
285	32.8
1	36.4
103	32.1
129	38.9
127	47.9
317	68.5
119	-0.8
201
163	Marist	MAAC	6	3–3
0–2	103.8
180	104.0
170	.4944
163	49.1
169	45.5
60	19.3
250	13.0
276	30.3
127	34.8
283	36.4
92	25.1
81	43.9
277	45.1
56	37.9
80	30.8
103	40.0
108	37.0
175	66.1
221	-1.6
319
164	Temple	Amer	3	1–2
1–1	102.5
192	102.7
151	.4938
164	43.7
284	52.6
211	18.4
217	14.4
245	34.2
63	24.5
93	33.3
140	28.9
131	46.9
220	49.1
140	26.3
275	38.8
257	43.7
60	38.7
207	65.5
237	-0.8
182
165	UTSA	CUSA	2	1–1
1–0	102.0
199	102.2
144	.4937
165	51.3
121	54.7
250	14.9
91	17.7
136	28.2
169	17.2
17	41.4
48	19.7
28	48.8
182	58.8
301	38.2
78	32.7
141	29.3
293	41.9
264	73.2
22	-0.7
162
166	George Mason	A10	4	3–1
2–0	92.2
291	92.6
33	.4890
166	43.4
291	43.1
28	21.5
300	17.1
153	25.2
233	23.7
74	43.9
31	42.4
289	46.6
229	49.0
138	25.0
289	20.8
7	35.1
211	33.2
103	66.4
209	-0.12
73
167	New Mexico	MWC	4	1–3
0–1	108.8
125	109.3
240	.4889
167	47.0
216	56.3
278	12.0
27	16.7
167	27.1
190	29.7
202	34.3
126	31.3
157	49.3
171	50.9
187	25.9
282	44.0
305	21.9
333	36.1
154	74.2
8	-0.8
198
168	George Washington	A10	3	1–2
1–1	113.7
71	114.2
279	.4878
168	47.8
202	50.6
171	13.0
51	12.5
285	30.5
121	31.4
236	30.7
173	36.7
241	52.9
98	49.5
153	25.0
289	34.7
173	33.5
234	40.7
238	66.2
218	-1.2
280
169	Campbell	BSth	4	3–1
0–0	114.9
64	115.4
286	.4873
169	55.3
52	53.0
219	14.9
91	19.2
90	29.2
155	33.8
276	39.2
63	35.8
228	56.6
41	50.4
174	34.8
142	37.8
249	31.6
263	41.9
264	65.0
254	-0.47
116
170	South Carolina	SEC	2	1–1
1–0	94.4
277	95.0
51	.4826
170	43.8
281	46.4
82	20.0
270	20.8
58	34.8
55	30.9
225	33.0
147	23.6
66	48.1
199	46.2
76	22.9
309	31.1
110	31.3
267	40.9
243	65.3
242	-0.6
146
171	SMU	Amer	3	0–3
0–2	108.5
128	109.3
241	.4801
171	43.9
277	59.1
302	20.3
276	15.1
222	34.2
63	31.5
241	33.3
140	37.5
250	45.7
246	53.9
244	26.4
274	45.9
315	29.4
291	34.7
132	69.8
84	-1.4
299
172	St. Thomas	Sum	2	1–1
0–0	96.2
259	96.8
72	.4792
172	44.6
268	47.1
90	15.0
96	14.2
252	31.6
98	27.0
135	16.2
325	22.5
57	40.8
313	51.3
193	33.3
163	26.2
41	41.5
90	35.0
138	65.4
239	-0.6
130
173	Northwestern St.	Slnd	3	2–1
1–0	104.8
167	105.6
192	.4784
173	55.2
56	52.0
199	19.5
258	20.0
77	30.1
134	28.1
159	26.7
230	20.7
40	53.7
86	55.7
272	39.2
63	28.8
67	29.7
287	29.9
44	66.8
199	-0.8
188
174	Milwaukee	Horz	2	1–1
0–0	107.9
136	108.8
237	.4749
174	49.7
157	48.2
110	15.1
101	11.9
302	37.8
26	26.2
122	21.5
293	27.3
103	53.6
87	48.5
130	27.7
258	31.6
121	32.6
248	27.3
23	74.9
6	-0.8
178
175	Louisiana Tech	CUSA	4	2–2
1–1	101.7
201	102.7
149	.4709
175	48.7
177	53.4
227	22.2
306	19.7
80	32.4
84	26.0
119	37.5
80	41.4
286	49.7
161	50.0
157	31.2
205	38.9
260	34.4
220	40.9
243	67.5
156	-0.8
179
Rk	Team	Conf	G	Rec	AdjOE	AdjDE	Barthag	Efg%	EfgD%	TOR	TORD	ORB	DRB	FTR	FTRD	2P%	2P%D	3P%	3P%D	3PR	3PRD	Adj T.	WAB
176	Washington	P12	2	0–2
0–1	120.1
18	121.5
314	.4667
176	52.9
92	54.5
248	15.0
96	15.0
227	32.4
84	47.1
334	27.5
220	21.1
44	53.2
93	56.0
277	34.9
138	34.7
173	35.8
191	36.8
171	67.4
159	-1.2
283
177	Tulane	Amer	5	3–2
2–1	105.4
159	106.8
207	.4642
177	48.3
189	48.0
107	16.2
140	14.8
231	23.8
257	35.6
290	35.4
104	32.6
178	48.4
195	44.4
44	32.1
189	35.9
204	37.1
165	37.2
180	73.7
14	-0.47
115
178	FIU	CUSA	3	1–2
1–1	106.1
150	107.6
216	.4608
178	51.6
116	55.8
271	17.1
169	22.9
19	24.8
242	38.0
313	39.0
65	30.0
140	49.6
165	54.1
250	36.9
93	39.1
264	35.7
195	38.3
199	68.2
131	-1.4
296
179	Texas A&M Corpus Chris
   16 seed, R64	Slnd	4	4–0
1–0	108.4
129	110.0
247	.4577
179	51.2
126	50.2
161	14.7
88	15.5
211	36.6
36	26.8
129	34.4
124	29.6
135	50.0
142	50.3
170	36.2
110	33.3
147	27.9
307	39.5
221	67.1
180	+0.23
52
180	Florida	SEC	3	1–2
1–0	95.7
266	97.1
75	.4564
180	45.6
246	46.1
74	19.7
264	24.0
11	28.4
164	40.5
322	25.8
240	31.8
168	51.0
134	49.3
146	26.2
277	24.4
23	46.2
29	25.1
13	70.7
58	-0.44
109
181	North Carolina Central	MEAC	3	2–1
1–0	94.1
283	95.6
56	.4525
181	49.2
168	40.5
10	19.1
244	25.0
7	27.2
186	36.2
300	34.6
120	51.8
322	42.6
296	42.0
22	39.2
63	25.0
25	40.7
100	31.7
73	69.6
86	-0.8
195
182	UNC Asheville
   15 seed, R64	BSth	3	3–0
0–0	100.8
212	102.9
158	.4406
182	48.5
185	47.4
95	13.8
70	11.3
311	25.5
224	21.9
52	51.5
10	15.8
9	47.9
202	47.5
107	32.8
178	31.4
119	41.1
93	36.8
171	69.1
102	+0.26
51
183	Hawaii	BW	3	1–2
1–1	100.5
215	102.8
153	.4365
183	49.4
163	47.4
95	19.2
246	10.1
324	26.5
202	22.3
56	29.5
188	28.4
121	44.3
268	45.3
59	37.7
84	35.4
191	41.6
89	27.3
23	65.7
231	-1.3
290
184	New Hampshire	AE	2	1–1
0–0	100.4
217	102.7
148	.4353
184	41.9
314	53.0
219	12.3
35	21.6
38	28.8
159	31.0
230	46.8
19	46.5
308	42.2
302	52.2
212	27.7
258	36.7
222	42.3
75	30.3
52	62.0
324	-0.5
122
185	Southeast Missouri St.
   16 seed, R68	OVC	5	4–1
0–0	100.4
218	102.8
152	.4337
185	49.5
160	44.3
39	15.3
109	17.7
136	28.3
167	29.1
188	43.0
37	43.8
297	49.0
177	46.3
81	33.7
162	26.7
49	32.9
243	33.0
99	72.8
26	+0.29
48
186	Marshall	SB	1	0–1
0–0	111.6
94	114.4
280	.4297
186	52.8
95	58.8
300	11.5
21	14.8
231	27.6
179	25.0
99	25.9
237	10.5
1	44.1
273	59.0
303	45.0
12	38.9
260	37.0
167	31.6
70	64.2
285	-0.9
219
187	Providence
   11 seed, R64	BE	3	0–3
0–2	116.3
45	119.7
306	.4179
187	46.6
230	67.0
331	13.9
72	19.1
93	34.2
63	35.5
286	35.8
100	25.9
86	46.8
223	62.8
324	30.9
211	48.5
326	38.0
149	42.0
268	64.0
291	-1.4
297
188	Southeastern Louisiana	Slnd	2	1–1
1–0	98.3
235	101.2
127	.4178
188	52.4
109	50.0
154	19.0
241	22.3
25	32.4
84	30.6
218	30.2
179	37.1
245	47.2
210	45.7
68	43.2
26	40.0
273	29.4
291	30.2
48	70.1
71	-0.9
246
189	Rider	MAAC	3	1–2
1–1	112.4
88	116.3
291	.4027
189	53.3
87	55.4
260	16.0
128	18.6
111	38.4
23	34.9
285	29.2
194	33.8
198	49.6
165	47.1
99	43.6
22	47.3
321	23.2
330	35.0
138	64.9
258	-1.6
310
190	Butler	BE	2	0–2
0–1	100.3
221	103.8
167	.4023
190	45.8
241	52.1
202	15.3
109	19.0
97	18.3
305	47.8
336	18.3
310	35.5
223	51.9
113	53.9
244	23.3
307	31.3
114	35.8
191	26.4
18	63.9
292	-0.9
226
191	SIU Edwardsville	OVC	2	1–1
0–0	95.8
263	99.2
105	.4018
191	49.1
169	42.9
25	17.2
173	15.7
201	27.8
175	26.3
124	44.7
28	32.5
175	41.9
304	37.1
10	38.5
74	34.0
163	45.6
33	41.7
256	67.0
185	-0.9
229
192	Grambling St.	SWAC	5	4–1
2–0	98.2
239	101.7
137	.4005
192	50.7
137	40.7
11	17.9
201	23.4
15	36.0
40	40.1
320	43.9
31	36.5
236	49.3
171	37.9
12	36.8
97	31.1
110	25.3
324	31.6
70	65.0
254	-0.8
197
193	Southern Illinois	MVC	2	1–1
0–0	90.9
301	94.3
46	.3959
193	41.7
317	47.6
98	16.5
147	20.6
67	25.4
225	30.8
222	34.3
126	27.2
100	41.3
308	47.9
113	28.2
251	31.3
114	38.2
138	31.1
60	63.7
296	-0.33
93
194	Northern Illinois	MAC	2	1–1
1–0	97.7
246	101.4
129	.3943
194	54.5
69	49.2
135	23.3
314	16.3
180	25.8
218	28.9
182	28.8
200	28.5
122	52.1
108	55.0
267	39.5
59	25.6
37	34.2
223	35.0
138	69.3
95	-0.6
136
195	Wofford	SC	2	1–1
0–0	106.8
144	110.9
258	.3942
195	44.8
262	57.6
293	12.0
27	15.2
217	32.9
75	21.2
40	19.4
303	36.4
235	56.3
45	61.1
318	15.9
332	35.6
196	35.5
200	45.5
300	62.5
319	-0.6
126
196	Coppin St.	MEAC	2	1–1
1–0	96.4
255	100.1
116	.3940
196	52.3
113	44.7
43	23.6
318	17.9
129	23.0
271	29.2
190	24.1
260	40.4
276	52.3
105	50.6
179	34.9
138	19.4
4	39.8
111	27.2
22	69.2
99	-0.8
194
197	Brown	Ivy	1	0–1
0–1	108.1
131	112.3
267	.3929
197	50.0
147	62.2
320	19.1
244	19.1
93	20.6
288	21.4
45	32.8
150	65.3
337	53.1
96	69.0
333	30.8
213	35.0
181	44.8
45	40.8
242	74.3
7	-0.7
177
198	USC Upstate	BSth	2	1–1
0–0	104.2
172	108.2
227	.3926
198	51.3
121	49.5
145	13.2
55	18.4
115	16.4
319	30.9
225	23.5
272	46.8
309	50.0
142	48.0
118	35.6
123	35.3
189	39.1
124	31.2
63	68.1
137	-0.7
169
199	Cornell	Ivy	2	1–1
1–0	103.7
181	107.8
220	.3913
199	50.8
133	56.8
287	16.7
156	20.9
52	28.4
164	20.3
30	24.8
256	33.6
195	53.8
82	49.3
146	31.7
195	46.3
317	48.0
19	37.3
182	71.3
46	-0.6
140
200	Wyoming	MWC	2	0–2
0–1	103.9
176	108.0
223	.3911
200	45.7
244	50.4
166	16.0
128	13.0
276	26.3
209	35.8
291	25.9
237	32.8
182	39.4
323	49.4
149	36.0
115	35.3
189	43.1
65	28.6
37	63.8
293	-0.8
181
Rk	Team	Conf	G	Rec	AdjOE	AdjDE	Barthag	Efg%	EfgD%	TOR	TORD	ORB	DRB	FTR	FTRD	2P%	2P%D	3P%	3P%D	3PR	3PRD	Adj T.	WAB
201	Long Beach St.	BW	3	1–2
1–1	102.3
194	106.5
200	.3870
201	45.9
240	49.5
145	18.8
235	21.3
43	31.7
97	29.6
198	55.1
5	38.1
252	46.9
220	47.9
113	29.1
242	34.7
173	29.7
287	38.1
194	75.2
4	-1.6
317
202	Southern Miss	SB	2	0–2
0–0	95.7
265	100.1
115	.3731
202	42.0
311	54.0
236	27.3
336	18.4
115	29.6
146	34.8
283	26.8
227	33.6
195	46.0
238	54.9
264	24.5
298	34.9
179	43.8
59	34.4
127	72.2
33	-0.6
150
203	Niagara	MAAC	3	1–2
0–1	105.5
157	110.5
255	.3712
203	51.2
126	53.4
227	20.6
284	19.0
97	32.6
80	34.5
280	20.2
301	35.0
211	52.7
101	54.0
247	32.1
189	35.0
181	33.3
236	37.5
184	64.4
278	-1.3
289
204	Youngstown St.	Horz	3	1–2
0–0	100.3
220	105.1
184	.3693
204	46.2
235	39.6
5	16.0
128	12.5
285	27.2
186	40.8
323	30.0
181	33.8
198	53.5
90	43.7
37	23.9
301	20.6
5	41.8
82	31.8
77	68.4
122	-0.7
174
205	Bradley	MVC	4	2–2
0–0	103.4
183	108.4
233	.3661
205	46.1
237	52.5
207	13.8
70	11.8
305	26.1
215	20.7
36	28.0
215	38.4
256	51.7
115	50.0
157	24.7
297	37.8
249	38.4
133	38.0
189	65.8
229	-0.09
72
206	Utah	P12	2	0–2
0–1	93.6
286	98.3
94	.3608
206	42.1
310	49.6
149	15.4
114	13.2
272	23.8
257	22.9
60	24.0
263	33.6
195	40.3
319	48.1
120	29.6
235	35.1
184	44.6
48	31.9
81	68.2
131	-1.0
271
207	Tennessee Tech	OVC	2	1–1
0–0	102.8
186	108.3
230	.3560
207	51.3
121	45.7
65	17.0
164	12.9
278	28.6
163	28.6
170	45.0
27	36.7
241	51.4
119	50.6
179	34.0
153	25.5
35	41.7
88	39.8
226	65.0
254	-0.9
222
208	Monmouth	CAA	2	1–1
0–0	94.3
279	99.3
107	.3553
208	48.3
189	45.5
60	20.7
288	22.9
19	37.7
28	27.4
144	35.0
112	33.3
189	43.5
285	47.0
95	44.0
18	28.9
71	21.4
335	40.5
234	71.2
48	-0.8
199
209	Troy	SB	2	1–1
0–0	98.6
232	103.9
169	.3548
209	41.4
319	50.0
154	12.7
42	19.4
87	32.9
75	30.9
225	37.7
78	23.3
62	44.7
258	49.4
149	23.9
301	34.3
166	37.7
155	30.2
48	67.2
173	-0.7
155
210	UC Davis	BW	3	1–2
1–1	96.3
256	101.5
134	.3516
210	43.1
297	54.2
240	19.8
267	16.8
165	26.5
202	22.7
58	51.1
11	31.8
168	48.7
187	54.4
254	21.3
322	35.7
199	33.9
230	29.2
40	72.2
33	-1.6
308
211	Loyola Marymount	WCC	1	0–1
0–0	104.3
170	110.2
251	.3474
211	45.8
241	61.9
319	20.4
280	23.5
14	40.5
14	26.1
121	21.7
289	61.9
333	51.5
118	56.0
277	25.9
282	47.1
320	45.0
43	40.5
234	61.6
327	-0.6
144
212	Mount St. Mary's	MAAC	3	2–1
1–0	97.5
249	103.0
159	.3470
212	50.3
142	46.0
72	21.7
301	11.3
311	32.3
87	30.1
210	26.8
227	17.3
18	50.0
142	46.0
75	33.9
159	30.8
103	36.9
172	32.2
87	64.5
275	-0.39
100
213	Western Illinois	Sum	1	0–1
0–0	96.5
253	102.0
140	.3443
213	47.6
207	50.9
177	11.2
19	17.7
136	29.7
142	32.1
247	8.1
339	27.3
103	48.9
180	44.4
44	29.4
240	42.1
290	27.4
310	34.5
129	63.3
303	-0.9
221
214	UNC Greensboro	SC	1	0–1
0–0	104.0
175	110.0
248	.3429
214	55.9
45	48.4
116	13.7
68	6.8
337	25.9
217	32.4
253	25.5
246	16.1
13	56.3
45	58.5
300	36.8
97	19.0
3	37.3
162	33.9
117	60.4
333	-0.9
243
215	Florida St.	ACC	2	0–2
0–1	101.0
208	107.0
210	.3399
215	48.7
177	56.0
274	17.8
199	12.1
299	31.8
95	23.3
70	12.0
335	24.8
75	51.4
119	52.1
210	29.8
232	39.3
267	40.2
106	56.0
334	62.4
320	-1.2
282
216	Boston University	Pat	1	0–1
0–0	91.4
299	96.9
73	.3394
216	48.6
181	43.1
28	13.5
62	12.2
295	22.5
275	14.7
8	10.1
336	44.8
302	45.9
240	50.0
157	34.4
147	23.1
15	46.4
27	44.8
296	64.3
280	-0.8
207
217	Western Michigan	MAC	1	1–0
1–0	112.5
86	119.2
302	.3394
217	56.1
42	50.0
154	12.2
32	15.2
217	36.8
32	6.5
2	15.2
329	36.0
231	44.4
260	46.4
85	46.7
5	36.4
216	45.5
36	44.0
287	65.5
237	+0.02
66
218	Gardner Webb	BSth	1	0–1
0–0	107.0
142	113.4
275	.3392
218	52.8
95	56.5
282	23.8
323	18.2
125	39.4
17	16.7
13	53.7
6	35.2
213	50.0
142	51.5
198	41.7
39	42.9
294	22.2
332	38.9
210	70.8
57	-0.9
245
219	Montana	BSky	2	1–1
0–0	112.5
87	119.5
305	.3334
219	57.3
29	58.2
296	19.0
241	10.7
316	30.8
111	21.4
45	30.3
177	32.7
179	63.2
9	57.1
287	31.7
195	40.0
273	37.6
156	36.4
159	66.9
193	-0.8
183
220	Boston College	ACC	3	1–2
0–1	106.5
149	113.2
274	.3297
220	50.6
139	52.6
211	14.5
83	10.9
315	27.7
176	24.2
84	25.0
254	28.2
116	54.5
67	50.5
176	29.0
243	37.3
237	36.0
190	38.5
203	64.4
278	-1.3
286
221	Seattle	WAC	3	1–2
1–1	102.5
191	109.1
238	.3287
221	45.1
258	55.2
258	17.3
177	18.3
123	32.1
89	29.7
202	53.0
7	41.2
284	43.6
282	56.1
281	31.4
200	35.8
203	42.7
71	40.6
237	70.1
71	-1.3
293
222	Georgia	SEC	2	0–2
0–1	93.8
284	100.0
112	.3249
222	44.1
273	39.8
7	20.6
284	16.1
190	25.8
218	43.6
332	36.6
89	48.3
314	45.9
240	45.2
57	27.5
263	17.6
2	39.6
115	28.8
38	67.6
150	-1.6
315
223	Loyola Chicago	A10	3	1–2
1–1	109.1
119	116.4
292	.3239
223	54.2
73	55.5
262	17.5
186	16.5
177	27.0
193	23.3
70	30.9
168	31.3
157	58.1
30	53.8
240	31.7
195	38.6
255	36.4
183	42.9
278	65.8
229	-1.6
312
224	Merrimack	NEC	3	3–0
0–0	98.1
241	104.7
179	.3226
224	56.4
37	44.0
35	16.1
135	21.8
32	19.6
297	41.1
324	36.4
92	26.9
91	54.1
78	45.9
74	40.7
48	25.5
35	32.7
246	24.4
10	67.1
180	+0.07
63
225	North Dakota	Sum	2	1–1
0–0	112.6
82	120.2
308	.3222
225	60.4
11	54.5
248	16.7
156	12.3
291	28.8
159	32.3
251	15.2
329	15.9
10	66.7
2	53.1
227	35.6
123	38.9
260	47.2
22	27.3
23	66.8
199	-0.6
127
Rk	Team	Conf	G	Rec	AdjOE	AdjDE	Barthag	Efg%	EfgD%	TOR	TORD	ORB	DRB	FTR	FTRD	2P%	2P%D	3P%	3P%D	3PR	3PRD	Adj T.	WAB
226	Duquesne	A10	3	1–2
1–1	104.9
165	112.0
265	.3202
226	44.5
271	54.3
243	16.1
135	22.0
29	32.6
80	39.8
319	34.9
115	40.9
281	44.0
275	52.8
220	30.1
226	38.8
257	43.2
64	27.8
29	70.5
60	-1.5
305
227	Jackson St.	SWAC	4	3–1
2–0	95.8
264	102.4
145	.3162
227	44.8
262	45.4
59	23.6
318	18.3
123	34.5
57	30.9
225	45.5
24	27.2
100	41.8
306	44.1
42	34.3
148	32.1
129	30.5
277	32.6
92	67.3
166	-0.7
153
228	Lamar	Slnd	1	0–1
0–1	92.0
294	98.4
95	.3155
228	42.7
302	39.4
4	24.2
326	15.1
222	31.4
104	42.6
330	25.5
246	14.1
4	38.2
329	35.6
4	33.3
163	30.8
103	38.2
138	36.6
166	63.1
311	-0.9
233
229	Maryland Eastern Shore	MEAC	3	2–1
1–0	86.4
316	92.5
32	.3147
229	43.3
294	49.1
130	20.3
276	30.4
2	23.2
268	32.7
260	40.7
54	30.0
140	48.7
187	47.4
104	22.0
316	35.2
186	34.3
222	31.8
77	73.6
17	-0.8
190
230	Prairie View A&M	SWAC	2	1–1
1–0	94.3
278	101.0
122	.3126
230	46.8
223	45.3
57	16.7
156	20.1
74	32.1
89	26.8
129	29.0
198	37.3
247	42.5
298	42.6
25	37.8
82	37.5
241	29.8
286	20.3
1	66.4
209	-0.9
247
231	Oakland	Horz	1	0–1
0–0	120.0
19	128.6
335	.3116
231	58.3
23	61.8
318	11.0
15	15.7
201	7.4
338	32.3
251	45.8
23	52.9
325	55.2
57	54.5
255	42.1
35	44.8
309	39.6
115	56.9
336	69.0
106	-0.7
164
232	Nevada
   11 seed, R68	MWC	3	0–3
0–1	107.6
139	115.3
285	.3109
232	47.6
207	55.2
258	15.1
101	11.8
305	25.0
237	24.1
81	46.4
20	27.1
96	45.4
249	59.8
311	34.5
145	32.5
138	34.9
215	41.7
256	65.7
231	-1.5
304
233	Samford	SC	1	0–1
0–0	105.4
160	113.0
271	.3084
233	53.7
76	66.3
330	10.8
13	21.6
38	11.8
335	21.4
45	64.8
2	63.3
334	47.8
205	47.6
109	38.7
70	53.6
334	57.4
2	57.1
338	73.2
22	-0.8
205
234	South Florida	Amer	3	1–2
1–1	94.5
275	101.5
132	.3066
234	42.7
302	50.3
164	17.5
186	19.1
93	32.8
78	29.0
186	17.4
318	27.3
103	44.3
268	47.0
95	26.9
267	36.9
231	42.4
73	39.4
219	64.6
270	-1.3
291
235	Alcorn St.	SWAC	4	2–2
2–0	94.3
280	101.2
128	.3065
235	45.0
260	46.0
72	19.3
250	20.8
58	26.8
196	31.4
236	42.6
42	36.9
243	42.9
293	51.3
193	34.0
153	26.7
49	25.4
323	47.2
315	67.2
173	-0.8
200
236	South Dakota	Sum	1	0–1
0–0	101.0
207	108.6
236	.3040
236	47.4
209	44.6
42	12.2
32	9.2
330	25.0
237	23.7
74	24.1
260	50.0
320	57.1
39	42.1
23	21.7
318	33.3
147	39.7
113	32.1
86	64.6
270	-0.9
241
237	New Orleans	Slnd	4	2–2
0–1	98.3
237	105.7
193	.3023
237	53.5
81	50.4
166	19.7
264	21.4
41	32.3
87	32.4
253	31.4
162	39.4
265	51.3
126	50.6
179	41.2
42	33.3
147	21.1
336	33.1
102	72.6
31	-1.7
323
238	Texas Southern
   16 seed, R68	SWAC	5	3–2
0–1	96.2
257	103.6
166	.3003
238	45.2
255	48.6
121	20.5
282	21.1
48	34.3
60	27.9
155	39.6
61	48.6
316	47.0
219	49.7
156	26.5
271	31.3
114	24.0
329	37.1
179	68.8
111	-0.6
134
239	Alabama A&M	SWAC	4	2–2
1–1	97.5
248	104.9
182	.2994
239	49.3
167	45.5
60	29.0
339	18.4
115	40.7
13	30.2
211	43.0
37	48.3
314	48.3
196	51.1
190	33.8
160	22.9
14	40.0
108	33.5
109	64.5
275	-1.5
306
240	Miami OH	MAC	2	0–2
0–1	102.1
196	110.1
249	.2956
240	49.5
160	54.4
246	16.6
151	15.1
222	22.6
274	35.9
294	32.4
154	39.5
266	51.4
119	54.7
259	30.6
217	35.9
204	33.3
236	34.2
123	62.8
316	-1.4
300
241	Idaho St.	BSky	1	0–1
0–0	113.1
77	122.1
317	.2930
241	59.6
15	63.0
323	10.8
13	15.5
211	12.0
334	29.2
190	30.8
170	33.3
189	57.6
36	73.5
338	42.1
35	30.0
91	36.5
181	37.0
175	68.3
123	-0.8
202
242	Norfolk St.	MEAC	4	2–2
0–1	98.3
236	106.6
202	.2823
242	43.4
291	48.8
124	16.3
143	20.8
58	35.6
44	28.1
159	51.1
11	38.7
259	44.4
260	43.0
31	27.1
265	37.5
241	26.7
316	44.2
290	63.3
303	-1.5
302
243	Oregon St.	P12	3	1–2
1–1	100.9
211	109.6
244	.2788
243	41.5
318	54.8
252	17.8
199	16.7
167	31.5
101	30.0
209	45.1
26	39.5
266	44.4
260	51.5
198	24.1
299	40.7
283	35.3
204	34.4
127	65.1
248	-1.2
281
244	High Point	BSth	1	0–1
0–0	89.9
306	97.7
84	.2772
244	43.7
284	47.6
98	15.2
105	19.4
87	30.2
129	37.2
311	34.9
115	39.7
268	45.9
240	49.0
138	26.9
267	28.6
66	41.3
92	22.2
4	73.9
12	-0.9
257
245	Louisiana Monroe	SB	1	0–1
0–0	91.7
295	100.1
114	.2684
245	37.7
331	50.9
177	16.5
147	12.0
300	27.5
182	15.2
9	23.0
278	33.3
189	42.4
299	38.9
13	21.4
320	50.0
328	45.9
31	33.3
106	67.2
173	-0.9
218
246	Saint Peter's	MAAC	5	3–2
1–1	101.3
204	110.5
256	.2683
246	48.4
186	47.8
101	17.6
191	18.9
103	36.7
34	36.8
307	35.6
103	49.2
318	46.3
233	44.4
44	34.7
144	36.7
222	35.6
199	31.6
70	62.8
316	-1.6
316
247	Western Kentucky	CUSA	4	2–2
1–1	92.2
293	100.7
119	.2673
247	42.6
307	52.3
205	20.5
282	20.9
52	28.0
172	33.1
268	37.5
80	18.8
24	43.9
277	54.6
258	26.5
271	32.7
141	31.5
264	41.0
246	69.3
95	-0.25
86
248	Quinnipiac	MAAC	3	1–2
1–1	116.0
49	126.7
334	.2645
248	52.7
99	56.9
289	14.1
76	16.1
190	31.3
106	35.8
291	27.3
223	30.9
153	47.7
206	57.3
288	40.3
52	37.5
241	39.3
121	41.1
248	68.3
123	-1.7
321
249	American	Pat	2	1–1
0–0	98.9
229	108.2
228	.2610
249	48.3
189	51.4
189	19.9
268	22.9
19	33.3
71	32.8
263	17.6
316	30.6
147	46.7
227	42.9
28	34.1
151	42.2
292	37.0
167	41.7
256	61.1
329	-0.6
147
250	Northern Colorado	BSky	2	1–1
0–0	105.3
161	115.4
287	.2595
250	48.7
177	51.6
191	18.4
217	12.3
291	30.3
127	26.8
129	40.7
54	34.1
204	46.3
233	50.6
179	36.1
113	35.9
204	30.5
277	31.0
59	71.0
52	-0.6
137
Rk	Team	Conf	G	Rec	AdjOE	AdjDE	Barthag	Efg%	EfgD%	TOR	TORD	ORB	DRB	FTR	FTRD	2P%	2P%D	3P%	3P%D	3PR	3PRD	Adj T.	WAB
251	Lipscomb	ASun	1	0–1
0–0	107.2
141	117.4
298	.2594
251	45.5
247	61.6
316	11.8
24	10.3
320	25.6
222	21.4
45	18.2
311	33.9
201	48.8
182	58.1
297	26.1
281	44.0
305	34.8
216	44.6
294	66.6
205	-0.6
142
252	Northeastern	CAA	1	0–1
0–0	100.4
219	110.1
250	.2557
252	48.2
192	42.1
19	22.4
310	9.8
325	35.5
49	32.5
256	41.1
52	47.6
313	61.5
15	36.4
8	11.8
335	36.8
227	30.4
280	30.2
48	63.8
293	-0.9
242
253	Rice	CUSA	4	1–3
0–2	106.0
152	116.8
295	.2469
253	56.8
34	57.2
291	20.7
288	13.4
269	15.8
324	32.1
247	21.8
288	28.7
127	58.1
30	52.4
215	36.9
93	43.6
300	46.8
23	36.4
159	69.0
106	-1.9
328
254	Bryant	AE	1	0–1
0–0	97.1
251	107.3
212	.2400
254	48.1
195	35.7
1	21.8
302	6.2
338	34.3
60	28.6
170	35.2
106	57.1
331	58.8
23	36.7
9	20.0
324	23.1
15	37.0
167	46.4
307	67.3
166	-0.9
236
255	Portland St.	BSky	1	0–1
0–0	97.7
247	108.2
226	.2363
255	51.5
117	49.2
135	13.0
51	20.9
52	27.0
193	36.1
297	23.5
272	51.7
321	51.1
129	46.3
81	34.8
142	36.8
227	33.8
232	31.7
73	74.1
9	-0.9
240
256	Fairfield	MAAC	2	1–1
1–0	107.6
138	119.4
303	.2331
256	52.4
109	56.1
275	18.3
212	17.5
144	32.1
89	31.3
234	41.3
50	43.0
292	58.5
27	52.4
215	28.2
251	40.9
284	37.5
160	41.1
248	66.4
209	-0.9
223
257	California	P12	3	0–3
0–2	97.0
252	107.8
219	.2304
257	41.9
314	53.3
225	17.3
177	15.7
201	20.0
292	39.1
317	34.2
130	32.5
175	43.1
291	51.8
207	25.6
287	37.3
237	25.2
325	34.9
133	66.2
218	-1.7
320
258	Presbyterian	BSth	1	0–1
0–0	94.5
276	105.0
183	.2293
258	54.9
62	48.9
127	21.8
302	14.0
259	26.5
202	21.4
45	33.3
140	63.8
335	44.8
254	50.0
157	45.5
10	30.8
103	43.1
65	27.7
27	67.2
173	-0.9
237
259	East Texas A&M	Slnd	2	0–2
0–1	110.1
109	122.6
320	.2258
259	55.6
51	53.6
230	11.9
26	13.3
271	19.4
300	36.6
303	30.6
174	36.5
236	54.5
67	50.5
176	37.9
80	41.9
289	46.8
23	24.6
11	66.9
193	-1.9
329
260	Rhode Island	A10	3	1–2
1–1	95.3
269	106.3
198	.2211
260	43.7
284	51.2
186	18.4
217	13.9
261	26.8
196	25.0
99	36.1
95	31.4
159	43.9
277	55.0
267	28.8
245	29.5
81	35.5
200	35.5
147	67.9
142	-1.6
309
261	North Dakota St.	Sum	3	2–1
0–0	101.1
206	112.9
269	.2196
261	47.1
215	53.3
225	14.4
82	12.5
285	26.9
195	24.2
84	41.3
50	27.9
110	47.1
211	54.0
247	31.4
200	34.9
179	29.7
287	45.4
299	69.1
102	-0.43
106
262	Georgia Southern	SB	2	1–1
0–0	82.6
332	92.4
31	.2155
262	42.2
309	45.6
64	17.5
186	21.8
32	17.8
312	28.8
179	33.0
147	25.7
84	40.8
313	50.0
157	30.3
221	25.6
37	30.3
281	38.1
194	68.7
113	-0.6
132
263	UT Arlington	WAC	3	0–3
0–2	100.1
225	112.2
266	.2122
263	43.9
277	55.7
268	16.1
135	19.0
97	29.1
156	36.0
296	19.0
306	52.2
324	49.2
174	50.5
176	23.2
308	43.1
297	36.5
181	36.5
163	67.7
149	-1.8
327
264	Stony Brook	CAA	2	1–1
0–0	88.6
312	99.4
108	.2096
264	50.9
132	41.5
15	20.6
284	14.2
252	11.5
336	32.2
250	21.3
295	30.8
152	51.4
119	45.5
63	33.3
163	25.0
25	33.3
236	49.2
323	66.9
193	-0.5
121
265	Binghamton	AE	2	1–1
0–0	98.7
230	111.2
260	.2027
265	51.0
130	55.0
255	19.3
250	8.9
333	23.7
261	21.3
41	35.7
102	27.9
110	46.0
238	59.0
303	40.0
54	30.3
96	35.7
195	29.7
43	63.0
313	-0.40
103
266	South Dakota St.	Sum	2	1–1
0–0	93.3
287	105.3
187	.1991
266	45.4
250	53.0
219	9.1
3	17.6
140	13.3
329	17.5
19	35.0
112	18.8
24	36.6
333	51.5
198	38.8
68	36.7
222	40.8
99	41.9
264	70.3
66	-0.9
213
267	Harvard	Ivy	1	0–1
0–1	111.2
99	125.7
332	.1970
267	60.3
13	69.1
333	16.6
151	24.9
9	24.2
249	30.4
215	15.9
326	25.5
83	59.0
20	71.9
336	41.7
39	43.5
299	38.1
145	41.8
262	70.6
59	-0.9
225
268	McNeese St.	Slnd	4	3–1
1–0	102.5
193	115.9
289	.1952
268	49.4
163	52.5
207	22.3
308	15.0
227	48.3
1	26.8
129	42.3
43	28.0
113	50.6
137	50.6
179	30.6
217	37.7
248	26.5
318	32.2
87	66.6
205	-0.7
168
269	Army	Pat	2	1–1
0–0	95.9
261	108.5
235	.1951
269	51.4
120	53.8
232	17.0
164	10.2
323	11.3
337	20.0
25	35.1
111	23.5
64	56.9
40	53.2
230	30.2
222	36.4
216	47.7
20	41.7
256	70.2
69	-0.5
123
270	Longwood	BSth	1	0–1
0–0	95.4
268	108.0
222	.1933
270	45.5
247	55.9
273	20.9
294	20.9
52	25.7
220	29.6
198	41.8
45	54.9
328	63.3
7	61.5
319	16.0
331	25.0
25	45.5
36	23.5
9	75.0
5	-0.9
237
271	Louisville	ACC	2	0–2
0–1	109.0
120	123.4
326	.1931
271	44.8
262	56.7
284	17.4
182	9.1
332	27.1
190	36.7
304	47.9
18	33.9
201	46.3
233	62.7
323	27.6
261	29.7
87	30.2
282	33.0
99	63.5
301	-1.1
275
272	Bethune Cookman	SWAC	2	1–1
1–0	111.2
101	125.9
333	.1926
272	54.7
65	53.1
223	19.7
264	22.6
22	31.9
94	47.3
335	40.5
57	54.9
328	44.4
260	51.1
190	47.7
4	40.0
273	37.9
151	22.1
3	72.8
26	-0.8
203
273	Charleston Southern	BSth	2	1–1
0–0	91.7
296	103.9
168	.1917
273	44.6
268	42.7
24	17.2
173	14.5
244	30.2
129	28.0
157	28.5
209	54.3
327	45.7
246	44.1
42	27.8
254	27.1
52	27.7
309	41.4
255	69.9
78	-0.8
185
274	Massachusetts	A10	3	1–2
1–1	89.9
305	102.1
142	.1875
274	38.6
328	51.4
189	26.7
334	21.1
48	45.1
4	28.4
168	31.4
162	28.3
119	40.7
317	48.0
118	22.0
316	37.3
237	27.0
312	43.4
284	72.1
35	-1.4
295
275	Sacred Heart	NEC	2	1–1
0–0	96.5
254	109.6
245	.1867
275	44.9
261	44.7
43	21.9
304	16.6
173	35.6
44	31.5
241	25.6
244	35.4
218	46.8
223	48.1
120	27.5
263	25.0
25	34.2
223	31.9
81	69.5
90	-0.9
215
Rk	Team	Conf	G	Rec	AdjOE	AdjDE	Barthag	Efg%	EfgD%	TOR	TORD	ORB	DRB	FTR	FTRD	2P%	2P%D	3P%	3P%D	3PR	3PRD	Adj T.	WAB
276	Siena	MAAC	3	0–3
0–2	102.1
197	116.1
290	.1865
276	47.7
204	53.8
232	15.5
119	22.2
26	34.9
53	39.3
318	30.5
175	19.9
31	45.9
240	52.2
212	33.8
160	37.9
252	37.4
161	33.9
117	65.0
254	-2.8
339
277	Idaho	BSky	1	0–1
0–0	99.4
227	113.1
272	.1851
277	55.9
45	62.7
321	20.4
280	17.6
140	14.8
327	18.5
20	49.0
15	40.0
272	55.3
55	57.7
294	38.5
74	44.8
309	25.5
321	52.7
331	74.1
9	-0.9
230
278	St. Bonaventure	A10	2	0–2
0–1	90.2
303	102.9
155	.1810
278	44.6
268	41.9
18	24.5
327	16.1
190	31.0
109	40.3
321	18.0
313	37.3
247	44.8
254	46.2
76	29.5
238	22.5
11	39.6
115	33.9
117	64.7
268	-1.6
311
279	Stephen F. Austin	WAC	3	0–3
0–2	92.3
290	105.4
188	.1785
279	43.3
294	54.9
253	20.7
288	21.2
46	25.2
233	28.8
179	43.3
35	42.9
291	46.7
227	55.4
269	24.1
299	36.1
210	32.6
248	33.5
109	72.5
32	-1.9
331
280	Ball St.	MAC	2	0–2
0–1	100.5
216	115.3
284	.1713
280	51.7
115	59.8
306	16.2
140	12.7
280	22.4
277	29.7
202	30.3
177	21.9
51	58.4
28	51.1
190	26.2
277	52.5
332	35.3
204	31.3
66	69.5
90	-1.6
307
281	San Diego	WCC	1	0–1
0–0	106.6
147	122.7
321	.1664
281	50.8
133	69.6
334	13.0
51	20.2
73	29.7
142	28.6
170	36.7
88	52.9
325	62.5
12	46.7
91	25.0
289	52.8
333	46.7
25	70.6
339	67.1
180	-0.8
192
282	Buffalo	MAC	2	1–1
1–0	99.5
226	114.7
282	.1628
282	44.0
275	61.6
316	15.7
123	15.7
201	34.2
63	16.4
12	35.2
106	28.6
124	44.0
275	59.2
306	29.3
241	43.9
304	32.8
244	36.6
166	71.6
41	-0.7
161
283	UT Rio Grande Valley	WAC	2	0–2
0–1	101.0
209	116.6
294	.1609
283	49.6
158	50.9
177	14.9
91	16.3
180	17.8
312	35.8
291	34.5
121	44.8
302	52.2
106	46.9
94	30.6
217	40.0
273	42.2
79	30.2
48	72.9
25	-1.5
303
284	Navy	Pat	1	0–1
0–0	85.7
318	99.1
103	.1586
284	42.0
311	60.5
312	12.6
39	30.6
1	30.6
118	22.7
58	12.5
333	31.6
164	42.1
303	60.7
316	27.8
254	40.0
273	32.1
257	26.3
16	59.7
338	-1.0
263
285	Arkansas Pine Bluff	SWAC	2	0–2
0–2	83.4
326	96.5
67	.1574
285	41.3
320	51.1
184	17.1
169	25.0
7	26.4
205	23.2
67	25.8
240	58.1
332	43.6
282	45.6
65	26.2
277	44.0
305	54.2
5	26.9
20	69.6
86	-1.9
335
286	Tennessee Martin	OVC	2	1–1
0–0	98.1
242	113.6
277	.1568
286	46.7
226	52.5
207	13.5
62	19.2
90	24.7
244	31.6
243	34.2
130	34.2
206	47.9
202	51.7
206	29.8
232	35.5
193	39.2
123	51.7
330	70.0
76	-0.9
216
287	Abilene Christian	WAC	2	0–2
0–1	90.0
304	104.4
174	.1537
287	39.0
326	56.4
280	15.3
109	21.2
46	22.4
277	20.3
30	32.5
151	44.6
300	46.8
223	46.6
89	14.3
333	46.5
318	30.7
274	42.6
273	71.6
41	-1.3
285
288	Tulsa	Amer	2	0–2
0–1	94.7
271	110.2
252	.1495
288	46.2
235	54.4
246	17.3
177	14.3
248	18.9
303	29.9
207	35.2
106	18.5
22	38.5
327	63.2
326	35.8
119	27.1
52	50.5
11	38.7
207	66.4
209	-1.3
292
289	Winthrop	BSth	1	0–1
0–0	103.9
178	121.5
313	.1424
289	55.0
59	60.7
313	18.3
212	9.2
330	24.2
249	13.3
6	52.0
8	25.0
79	64.5
4	59.5
308	26.3
275	42.1
290	38.0
149	33.9
117	68.2
131	-0.8
208
290	Saint Francis	NEC	2	1–1
0–0	94.2
281	111.7
264	.1232
290	49.6
158	50.0
154	11.7
23	12.5
285	25.0
237	30.9
225	23.9
264	19.7
28	50.0
142	54.8
261	32.6
185	26.3
43	36.8
175	31.1
60	64.8
262	-0.9
214
291	UMBC	AE	1	0–1
0–0	90.9
302	107.9
221	.1222
291	45.5
247	50.0
154	10.5
10	16.4
179	16.2
320	19.4
24	33.9
134	49.0
317	45.0
252	48.6
133	31.3
203	35.7
199	28.6
301	27.5
26	68.2
131	-1.0
265
292	Southern	SWAC	3	1–2
1–1	89.3
309	106.2
197	.1196
292	44.7
266	54.1
237	18.9
237	28.1
5	24.0
255	33.7
274	42.9
40	40.7
279	54.0
79	51.3
193	19.7
326	38.5
254	37.9
151	44.8
296	68.3
123	-1.9
330
293	Tennessee St.	OVC	1	0–1
0–0	98.0
243	117.5
300	.1106
293	42.3
308	50.0
154	18.4
217	18.4
115	44.4
5	27.8
151	32.1
157	73.7
339	47.1
211	43.9
39	22.2
313	43.8
301	34.6
217	28.1
32	75.9
2	-0.9
249
294	Manhattan	MAAC	3	1–2
1–1	91.1
300	109.2
239	.1101
294	47.2
213	49.4
144	18.6
227	17.1
153	29.6
146	28.2
161	16.8
322	31.4
159	51.8
114	44.5
50	26.2
277	39.0
263	36.3
185	34.9
133	67.4
159	-1.7
322
295	Pepperdine	WCC	1	0–1
0–0	96.1
260	115.6
288	.1073
295	53.5
81	60.3
310	18.3
212	12.6
283	16.7
318	20.0
25	22.8
281	20.6
36	63.9
5	53.5
233	23.8
303	50.0
328	36.8
175	31.7
73	68.6
116	-0.8
204
296	Columbia	Ivy	1	0–1
0–1	94.6
274	114.6
281	.0986
296	56.5
36	63.6
326	22.0
305	17.9
129	15.6
325	28.6
170	29.6
185	30.5
145	58.6
24	72.4
337	36.0
115	36.7
222	46.3
28	50.8
326	68.9
110	-0.7
170
297	Illinois Chicago	MVC	1	0–1
0–0	101.9
200	124.5
328	.0911
297	44.0
275	56.8
287	12.0
27	10.3
320	30.6
118	42.4
329	20.7
298	22.0
52	50.0
142	58.8
301	22.7
310	36.0
208	37.9
151	42.4
270	63.3
303	-0.8
191
298	Sacramento St.	BSky	1	0–1
0–0	100.1
224	122.3
319	.0910
298	60.2
14	58.8
300	23.9
324	9.6
328	18.2
307	0.0
1	12.2
334	23.5
64	63.3
7	66.7
330	36.8
97	26.7
49	38.8
128	29.4
41	64.9
258	-0.9
224
299	Loyola MD	Pat	1	0–1
0–0	100.7
213	123.0
324	.0908
299	54.9
62	70.5
336	17.2
173	14.3
248	21.2
285	16.7
13	14.8
331	28.6
124	57.5
37	67.6
332	33.3
163	50.0
328	34.4
220	39.3
217	69.6
86	-0.6
133
300	Cal St. Bakersfield	BW	4	1–3
0–2	79.0
336	96.7
70	.0896
300	38.1
330	47.4
95	20.2
274	23.2
17	27.7
176	29.7
202	22.1
286	45.6
306	40.7
317	45.7
68	20.3
323	33.8
160	26.1
320	34.9
133	63.6
298	-1.9
334
Rk	Team	Conf	G	Rec	AdjOE	AdjDE	Barthag	Efg%	EfgD%	TOR	TORD	ORB	DRB	FTR	FTRD	2P%	2P%D	3P%	3P%D	3PR	3PRD	Adj T.	WAB
301	William & Mary	CAA	2	1–1
0–0	92.7
289	113.4
276	.0893
301	43.6
290	57.1
290	13.5
62	13.5
265	24.4
246	27.0
135	18.8
308	14.3
5	35.0
336	51.3
193	35.1
137	46.2
316	48.7
16	32.8
95	63.6
298	-0.6
138
302	Chicago St.	ind	2	0–2
0–0	117.0
41	143.7
338	.0865
302	52.5
107	76.7
339	22.4
310	11.9
302	35.8
41	37.3
312	16.8
322	37.1
245	52.1
108	65.5
329	35.4
130	58.6
338	40.3
104	50.0
325	67.2
173	-0.8
210
303	Nicholls St.	Slnd	2	1–1
1–0	89.8
307	110.8
257	.0818
303	46.8
223	51.0
183	17.0
164	28.8
3	33.3
71	42.2
327	21.6
291	38.1
252	50.0
142	49.3
146	27.7
258	36.1
210	37.6
156	34.3
125	69.0
106	-0.9
258
304	Cal St. Northridge	BW	2	0–2
0–1	85.4
320	105.5
191	.0807
304	39.2
325	43.5
31	21.1
296	14.8
231	19.0
302	32.9
264	43.0
37	33.0
185	39.4
323	41.4
19	25.9
282	31.1
110	29.0
299	39.1
214	67.4
159	-1.8
326
305	Denver	Sum	1	0–1
0–0	97.9
245	121.0
310	.0804
305	50.8
133	60.8
314	22.3
308	11.9
302	36.7
34	27.0
135	15.3
328	13.8
3	50.0
142	69.0
333	36.4
103	36.1
210	18.6
337	55.4
333	67.5
156	-0.9
253
306	St. Francis NY	NEC	1	0–1
0–0	98.4
233	121.8
316	.0796
306	55.2
56	52.2
204	17.7
195	14.7
237	24.2
249	46.2
333	24.1
260	22.1
53	43.8
281	44.9
54	46.2
7	47.4
322	44.8
45	27.9
30	66.4
209	-0.9
227
307	Delaware	CAA	2	1–1
0–0	94.6
272	117.2
297	.0790
307	42.0
311	56.2
277	10.0
6	18.5
112	23.1
269	33.3
269	34.4
124	35.4
218	44.4
260	67.1
331	25.0
289	20.6
5	35.2
207	30.1
46	67.6
150	-0.7
166
308	Incarnate Word	Slnd	1	0–1
0–1	87.0
314	108.0
224	.0765
308	43.7
284	58.2
296	20.6
284	21.9
30	26.8
196	35.5
286	20.6
299	23.0
59	48.6
190	59.5
308	25.0
289	36.8
227	44.4
52	31.1
60	73.7
14	-0.8
196
309	Lindenwood	OVC	1	0–1
0–0	85.8
317	107.1
211	.0718
309	45.3
253	46.2
76	23.1
313	11.5
308	13.2
331	37.0
309	49.1
14	20.5
34	50.0
142	46.6
89	23.5
305	30.0
91	32.1
257	25.6
14	72.7
28	-0.9
249
310	NJIT	AE	1	0–1
0–0	91.6
297	115.1
283	.0674
310	44.8
262	59.5
305	18.0
203	10.5
317	14.3
328	29.0
186	8.6
338	15.9
10	36.8
332	53.8
240	40.0
54	45.8
314	34.5
218	38.1
194	69.3
95	-0.6
125
311	Southern Indiana	OVC	1	0–1
0–0	79.2
335	100.7
118	.0599
311	35.4
336	45.1
51	17.4
182	18.8
107	29.8
138	28.2
161	18.5
309	68.6
338	32.4
337	35.5
3	25.8
285	40.0
273	47.7
20	39.2
215	67.3
166	-0.9
248
312	Illinois St.	MVC	1	0–1
0–0	84.7
323	107.7
217	.0593
312	48.2
192	54.3
243	23.9
324	15.5
211	20.6
288	13.3
6	23.6
270	22.4
55	47.1
211	60.0
313	33.3
163	32.1
129	38.2
138	48.3
319	71.0
52	-0.9
235
313	Central Michigan	MAC	1	0–1
0–1	94.6
273	121.1
312	.0554
313	50.0
147	56.1
275	15.2
105	12.2
295	6.5
339	36.8
307	36.0
97	15.2
7	46.4
232	44.4
44	36.4
103	46.7
319	44.0
55	45.5
300	67.3
166	-0.9
254
314	Wagner	NEC	1	0–1
0–0	82.9
329	106.2
196	.0546
314	35.8
334	51.9
197	21.3
298	16.7
167	44.2
6	20.0
25	38.3
72	25.9
86	44.4
260	54.3
252	6.7
338	31.6
121	25.0
326	35.2
141	63.3
303	-0.9
255
315	Delaware St.	MEAC	2	0–2
0–1	83.5
325	107.8
218	.0504
315	43.7
284	53.8
232	28.7
338	17.3
149	26.3
209	20.5
34	32.4
154	35.6
225	43.2
289	48.5
130	29.7
234	40.4
281	33.3
236	44.1
288	73.5
19	-1.8
325
316	Central Connecticut	NEC	1	0–1
0–0	94.1
282	122.9
323	.0446
316	46.9
219	53.0
219	10.3
7	4.4
339	25.6
222	26.3
124	21.5
293	23.9
69	51.1
129	47.8
111	25.0
289	42.9
294	30.8
273	31.3
66	67.0
185	-0.9
252
317	Alabama St.	SWAC	2	0–2
0–2	82.1
333	107.3
213	.0438
317	41.9
314	49.1
130	26.5
333	17.4
147	30.8
111	29.3
193	34.3
126	35.8
228	41.0
312	47.4
104	28.9
244	35.5
193	38.4
133	28.4
36	64.6
270	-1.6
318
318	Mississippi Valley St.	SWAC	2	0–2
0–2	85.1
321	111.2
261	.0436
318	48.6
181	49.5
145	24.8
329	20.3
71	29.4
150	32.9
264	26.4
232	43.9
298	49.2
174	48.1
120	31.7
195	35.7
199	38.7
130	26.2
15	65.9
226	-1.9
335
319	North Carolina A&T	CAA	1	0–1
0–0	84.9
322	111.4
263	.0421
319	37.1
332	61.5
315	18.1
205	23.7
12	30.4
123	15.4
10	37.1
85	26.9
91	40.0
320	56.7
284	22.2
313	45.5
312	43.5
61	42.3
269	75.5
3	-1.0
264
320	VMI	SC	1	0–1
0–0	94.9
270	125.6
331	.0381
320	43.1
297	70.0
335	4.2
1	12.5
285	20.0
292	12.5
4	23.6
270	18.3
20	50.0
142	77.1
339	25.0
289	40.0
273	55.6
3	41.7
256	71.2
48	-0.8
205
321	South Carolina St.	MEAC	2	0–2
0–1	83.4
327	110.4
254	.0380
321	38.6
328	48.8
124	28.4
337	16.9
161	42.0
12	35.5
286	30.9
168	35.4
218	40.8
313	49.4
149	23.4
306	31.7
123	38.2
138	31.5
69	72.7
28	-1.8
324
322	LIU	NEC	1	0–1
0–0	97.9
244	131.4
336	.0328
322	46.5
231	71.3
337	23.6
318	22.4
24	43.9
8	7.7
3	20.8
297	42.6
290	52.5
103	62.9
325	9.1
336	57.9
337	15.3
338	35.2
141	81.8
1	-0.9
234
323	Eastern Michigan	MAC	1	0–1
0–1	92.2
292	123.9
327	.0326
323	46.7
226	63.7
327	15.5
119	22.6
22	22.5
275	36.7
304	24.6
258	16.1
13	48.8
182	61.9
320	27.8
254	45.0
311	29.5
290	32.3
90	69.1
102	-0.8
212
324	Wright St.	Horz	1	0–1
0–0	92.8
288	125.4
330	.0307
324	44.1
273	56.7
284	11.1
17	16.6
173	24.4
246	41.2
325	23.5
272	20.9
42	42.9
293	57.8
295	30.8
213	36.4
216	38.2
138	32.8
95	67.4
159	-0.8
209
325	Georgetown	BE	2	0–2
0–1	89.0
310	120.3
309	.0302
325	36.1
333	64.5
328	10.5
10	13.5
265	18.1
308	30.2
211	18.0
313	24.8
75	41.6
307	51.9
208	17.8
330	49.3
327	36.9
172	57.0
337	67.8
146	-0.7
173
Rk	Team	Conf	G	Rec	AdjOE	AdjDE	Barthag	Efg%	EfgD%	TOR	TORD	ORB	DRB	FTR	FTRD	2P%	2P%D	3P%	3P%D	3PR	3PRD	Adj T.	WAB
326	East Tennessee St.	SC	1	0–1
0–0	88.7
311	121.8
315	.0257
326	40.9
323	59.3
303	13.3
59	15.0
227	26.8
196	27.6
147	34.5
121	16.7
16	44.1
273	53.1
227	23.8
303	45.5
312	38.2
138	40.7
238	59.8
337	-0.9
244
327	Maine	AE	1	0–1
0–0	89.7
308	124.9
329	.0216
327	43.8
281	63.0
323	23.6
318	18.9
103	36.4
38	52.2
339	17.9
315	37.0
244	50.0
142	59.5
308	18.8
329	50.0
328	28.6
301	22.2
4	62.3
321	-0.6
145
328	Evansville	MVC	1	0–1
0–0	85.6
319	119.9
307	.0203
328	38.9
327	68.5
332	13.5
62	12.2
295	13.3
329	16.0
11	23.8
267	12.3
2	31.8
338	71.4
335	36.8
97	43.3
298	30.2
282	46.2
305	70.4
63	-0.7
158
329	Morgan St.	MEAC	2	0–2
0–1	83.2
328	117.0
296	.0195
329	43.7
284	60.0
307	23.5
317	24.9
9	27.3
185	28.3
166	28.6
206	31.8
168	44.4
260	62.3
321	27.6
261	36.4
216	24.4
327	30.0
45	70.9
54	-1.9
332
330	Lehigh	Pat	1	0–1
0–0	86.6
315	122.9
322	.0177
330	42.7
302	52.0
199	16.0
128	16.0
195	16.2
320	18.8
21	38.2
75	47.1
310	39.0
325	53.3
231	35.7
121	33.3
147	25.5
321	41.2
252	73.3
21	-1.0
262
331	Houston Christian	Slnd	2	0–2
0–1	82.9
330	118.7
301	.0158
331	48.7
177	56.4
280	21.4
299	16.0
195	17.9
309	36.1
297	31.0
166	27.1
96	44.9
253	51.9
208	36.2
110	48.3
325	40.5
102	21.8
2	71.9
36	-1.9
333
332	UMKC	Sum	1	0–1
0–0	84.6
324	122.3
318	.0143
332	43.3
294	52.8
216	15.4
114	9.3
329	30.8
111	20.0
25	25.0
254	45.3
305	35.5
334	50.0
157	34.5
145	40.0
273	48.3
18	28.3
33	64.2
285	-1.0
261
333	Bowling Green	MAC	1	0–1
0–1	81.0
334	117.4
299	.0139
333	35.8
334	56.5
282	19.3
250	9.7
326	29.3
153	31.4
236	38.3
72	21.7
50	41.2
309	64.9
328	19.2
328	31.3
114	43.3
62	46.4
307	71.5
44	-0.7
157
334	Florida A&M	SWAC	1	0–1
0–1	91.5
298	133.3
337	.0130
334	45.2
255	71.3
337	22.2
306	20.9
52	39.5
16	13.0
5	71.2
1	63.8
335	50.0
142	58.3
298	21.4
320	56.5
335	26.9
313	48.9
322	70.3
66	-1.0
260
335	Elon	CAA	1	0–1
0–0	82.6
331	121.0
311	.0121
335	42.7
302	52.6
211	18.1
205	13.1
273	25.0
237	36.1
297	18.2
311	29.8
138	43.2
289	36.0
6	27.8
254	43.8
301	32.7
246	56.1
335	63.0
313	-1.0
259
336	Valparaiso	MVC	1	0–1
0–0	68.0
337	103.0
160	.0084
336	34.5
337	50.0
154	26.0
332	8.2
335	18.9
303	23.1
62	29.1
196	20.6
36	50.0
142	46.3
81	8.7
337	37.0
233	41.8
82	39.7
223	73.7
14	-0.9
239
337	The Citadel	SC	1	0–1
0–0	67.9
338	109.5
243	.0040
337	27.0
338	52.0
199	15.9
126	28.7
4	20.0
292	51.7
338	46.0
21	35.3
214	35.3
335	55.9
275	6.3
339	29.4
80	32.0
260	33.3
106	65.4
239	-0.9
232
338	Hampton	CAA	1	0–1
0–0	87.1
313	152.8
339	.0016
338	43.4
291	65.0
329	23.4
316	15.2
217	32.5
82	34.6
281	23.0
278	40.0
272	48.5
193	55.8
274	25.0
289	58.8
339	45.9
31	28.3
33	71.3
46	-1.0
266
339	Old Dominion	SB	1	0–1
0–0	60.3
339	106.7
206	.0014
339	25.0
339	52.8
216	18.4
217	21.7
37	28.9
157	36.7
304	36.5
90	18.5
22	26.3
339	52.9
223	14.3
333	35.0
181	26.9
313	37.0
175	63.3
303	-0.9
219