Rk	Team	Conf	G	Rec	AdjOE	AdjDE	Barthag	EFG%	EFGD%	TOR	TORD	ORB	DRB	FTR	FTRD	2P%	2P%D	3P%	3P%D	3PR	3PRD	Adj T.	WAB
1	Auburn
   4 seed, R64	SEC	4	4–0
1–0	122.9
18	87.2
6	.9811
1	57.0
26	39.9
10	14.9
113	16.0
173	27.1
187	34.1
276	35.2
128	45.3
296	55.5
55	42.0
27	40.0
43	22.6
6	32.8
254	25.5
18	71.9
44	+1.8
5
2	Connecticut
   1 seed, CHAMPS	BE	5	5–0
2–0	129.6
3	92.0
25	.9809
2	57.3
20	45.4
48	14.3
95	14.0
242	31.1
111	25.9
105	25.6
251	25.1
70	54.7
70	42.7
33	40.8
35	33.7
167	39.9
119	34.3
115	65.5
245	+3.3
1
3	Houston
   1 seed, Sweet Sixteen	B12	5	4–1
2–0	113.6
74	81.7
3	.9778
3	48.1
218	40.5
11	16.7
168	24.9
9	32.6
85	35.4
292	22.4
277	38.1
239	45.7
258	42.0
27	34.1
155	25.3
28	43.4
66	37.0
171	62.9
302	+1.8
6
4	Iowa St.
   2 seed, Sweet Sixteen	B12	5	4–1
1–1	113.8
70	82.1
4	.9771
4	49.3
192	42.3
19	12.5
45	23.4
14	23.4
257	34.6
285	33.2
154	31.3
154	48.4
194	45.2
69	34.1
155	25.6
29	32.2
263	43.0
267	66.6
199	+1.9
4
5	Saint Mary's
   5 seed, R64	WCC	2	2–0
0–0	122.5
20	92.6
30	.9616
5	57.5
18	50.0
158	18.4
220	12.0
301	39.7
12	17.7
15	37.4
99	24.3
59	57.4
26	48.8
142	38.5
69	36.0
212	36.4
179	23.4
9	61.1
328	+0.9
21
6	Texas A&M
   9 seed, R32	SEC	5	4–1
2–0	128.1
4	97.1
71	.9606
6	51.6
126	54.7
270	13.4
64	16.5
155	41.8
7	23.8
72	42.0
60	35.1
209	47.5
218	55.1
273	39.1
62	36.2
218	36.1
186	49.0
321	68.9
123	+1.4
9
7	Texas Tech
   6 seed, R64	B12	3	2–1
1–0	119.0
35	90.7
19	.9577
7	51.9
111	49.7
152	20.9
299	13.2
276	29.5
133	24.1
75	47.1
27	23.8
56	48.9
180	55.4
279	37.7
84	28.6
58	39.4
129	45.4
292	70.0
93	+0.9
20
8	Nebraska
   8 seed, R64	B10	3	2–1
1–0	124.8
11	95.2
44	.9574
8	58.9
11	47.4
85	12.2
35	13.5
264	22.2
273	26.3
109	34.9
136	29.2
114	62.3
8	46.4
97	36.3
109	32.5
144	43.0
73	42.6
258	72.8
28	+0.39
35
9	Purdue
   1 seed, Finals	B10	3	2–1
1–0	118.5
38	91.0
23	.9540
9	51.3
142	46.2
59	20.2
287	12.8
286	35.4
49	29.2
184	51.0
15	17.8
14	47.7
211	54.5
263	39.6
53	21.6
3	30.6
280	37.6
179	67.5
167	+0.6
24
10	New Mexico
   11 seed, R64	MWC	6	5–1
1–1	116.2
53	89.6
11	.9520
10	48.4
213	42.8
24	12.3
39	17.6
113	36.4
33	26.7
118	25.6
251	30.7
147	48.9
180	46.2
90	31.4
207	25.6
29	29.4
296	43.9
277	71.1
63	+1.3
12
11	Wisconsin
   5 seed, R64	B10	6	4–2
1–1	124.9
9	96.4
61	.9517
11	53.2
78	51.2
189	13.7
74	18.9
76	30.6
118	28.4
163	26.3
242	38.3
243	50.9
133	48.8
142	38.0
83	37.2
241	38.2
150	34.7
121	67.3
174	+1.5
8
12	North Carolina
   1 seed, Sweet Sixteen	ACC	4	3–1
1–0	122.4
21	95.3
45	.9470
12	51.4
134	49.8
155	15.2
123	12.0
301	36.1
39	17.6
13	31.5
187	32.5
171	51.8
114	48.4
131	33.7
162	35.0
190	33.9
235	33.8
106	70.5
76	+1.2
14
13	Pittsburgh	ACC	3	2–1
1–0	124.5
12	97.0
68	.9465
13	52.5
95	51.5
196	10.6
11	17.2
130	26.7
194	27.7
143	23.5
270	34.9
202	50.4
151	54.0
254	37.1
91	31.8
129	38.3
145	39.8
209	64.8
266	+0.6
26
14	Boston College	ACC	6	5–1
2–0	114.1
68	89.9
13	.9396
14	49.6
186	41.8
16	16.2
154	14.4
226	33.2
76	27.7
143	19.9
309	25.6
81	48.5
193	45.1
67	34.0
157	24.6
19	43.1
71	40.0
216	64.1
283	+1.0
17
15	Bradley	MVC	3	2–1
0–0	113.6
75	90.0
15	.9354
15	56.4
35	38.8
8	19.5
267	15.0
212	23.0
262	27.9
149	34.6
139	40.6
265	54.2
80	37.1
6	40.0
43	27.4
41	38.5
142	42.9
264	65.9
225	-0.40
95
16	Illinois
   3 seed, Elite Eight	B10	4	4–0
1–0	124.3
15	98.6
87	.9347
16	52.0
108	48.5
123	14.3
95	10.8
317	36.4
33	25.9
105	43.0
52	26.5
92	52.7
93	49.2
151	33.7
162	31.3
117	34.3
228	31.4
64	71.3
55	+2.3
2
17	Pepperdine	WCC	2	1–1
0–0	102.1
212	81.2
2	.9334
17	54.9
54	33.8
3	21.2
304	21.9
32	36.4
33	27.9
149	36.3
114	36.0
221	56.4
39	26.1
1	34.3
150	31.0
110	31.0
277	37.8
182	66.3
210	-0.9
237
18	Colorado
   10 seed, R32	P12	6	5–1
2–0	115.7
56	92.1
27	.9324
18	51.7
121	44.6
36	17.1
182	12.8
286	31.6
101	30.1
213	28.0
224	20.3
20	50.9
133	49.8
164	35.6
123	22.7
8	30.7
279	33.1
91	63.3
301	+1.4
10
19	Arizona
   2 seed, Sweet Sixteen	P12	4	2–2
1–1	111.2
110	88.8
8	.9305
19	49.8
180	47.0
76	20.1
285	17.9
95	32.6
85	22.5
53	41.8
64	23.4
53	50.0
153	47.3
114	32.9
182	30.9
105	37.3
163	35.1
130	69.3
111	-0.16
72
20	Ohio St.	B10	4	3–1
1–0	119.4
34	95.5
47	.9287
20	54.0
63	46.3
60	16.7
168	13.9
247	35.1
52	29.0
180	32.9
163	37.8
235	48.8
187	45.3
70	43.2
16	32.2
136	32.5
260	35.4
136	67.7
159	+0.5
29
21	Drake
   10 seed, R64	MVC	3	3–0
0–0	117.3
42	94.2
38	.9262
21	52.6
93	52.1
213	11.6
22	16.0
173	22.5
270	13.5
4	35.2
128	25.3
72	43.8
282	55.8
287	43.7
15	30.6
100	40.3
110	37.3
175	67.9
148	+1.0
18
22	Marquette
   2 seed, Sweet Sixteen	BE	5	3–2
1–1	120.0
30	96.7
65	.9231
22	51.4
134	49.1
133	11.9
27	16.7
150	21.4
286	31.3
234	29.1
216	36.4
225	47.4
222	49.7
161	39.6
53	32.3
139	32.9
251	46.5
308	66.8
194	+1.3
13
23	Northwestern
   9 seed, R32	B10	3	1–2
1–1	116.2
52	93.7
36	.9227
23	52.2
102	47.6
87	12.0
30	15.3
200	21.4
286	31.1
230	25.9
247	28.5
105	47.0
235	45.5
75	40.3
40	34.5
183	38.3
145	33.3
96	62.8
305	-0.43
103
24	Grand Canyon
   12 seed, R32	WAC	3	3–0
1–0	115.0
60	93.1
33	.9193
24	49.7
184	45.5
49	14.3
95	26.8
3	29.5
133	38.7
316	53.8
9	34.1
190	48.6
189	43.0
37	34.4
146	32.8
149	37.9
156	40.1
221	70.0
93	+0.7
23
25	Creighton
   3 seed, Sweet Sixteen	BE	2	1–1
1–0	118.8
37	96.2
56	.9191
25	49.6
186	49.6
149	15.1
121	9.3
327	18.3
320	15.5
6	24.6
263	14.1
3	54.5
73	48.2
129	30.2
231	34.9
188	53.4
4	33.6
105	71.6
51	+0.12
53
Rk	Team	Conf	G	Rec	AdjOE	AdjDE	Barthag	Efg%	EfgD%	TOR	TORD	ORB	DRB	FTR	FTRD	2P%	2P%D	3P%	3P%D	3PR	3PRD	Adj T.	WAB
26	St. John's	BE	3	2–1
1–0	134.3
1	110.2
245	.9067
26	57.7
14	57.6
306	14.1
87	18.9
76	39.6
13	34.0
274	38.7
83	33.3
187	56.9
31	50.5
182	39.7
50	45.6
317	32.0
266	39.8
209	70.4
79	+0.28
45
27	Cincinnati	B12	5	4–1
1–0	113.1
82	93.0
32	.9042
27	51.9
111	48.0
101	15.6
133	18.8
79	32.1
93	26.6
116	21.6
288	24.2
58	52.3
104	46.1
88	34.3
150	34.3
181	44.8
55	34.8
123	67.3
174	+0.6
27
28	Texas
   7 seed, R32	B12	2	1–1
1–0	130.4
2	107.7
205	.9010
28	57.7
14	53.5
238	12.2
35	17.2
130	17.5
324	29.9
202	42.3
56	40.7
267	60.5
14	52.8
227	34.3
150	36.6
227	31.5
271	36.3
160	70.0
93	-0.29
85
29	San Francisco	WCC	3	1–2
0–0	116.6
49	96.3
58	.9004
29	55.2
51	50.0
158	14.5
103	13.0
282	22.2
273	26.5
114	15.4
327	23.6
55	51.4
122	41.3
22	40.3
40	41.0
289	42.3
81	42.9
264	63.7
293	-0.24
78
30	Mississippi St.
   8 seed, R64	SEC	5	2–3
0–2	116.7
46	96.4
60	.9003
30	52.7
91	49.5
147	19.1
250	18.8
79	33.5
69	30.8
221	39.0
80	35.0
204	56.4
39	51.2
197	30.6
219	31.4
121	35.4
202	42.8
262	66.3
210	-0.13
69
31	Missouri St.	MVC	2	1–1
0–0	92.7
298	76.6
1	.9001
31	43.1
292	38.3
7	18.5
225	13.9
247	26.5
197	25.3
101	30.6
196	22.5
44	44.6
270	40.0
14	26.5
288	24.0
13	31.5
271	41.7
248	64.7
267	-0.33
91
32	N.C. State
   11 seed, Final Four	ACC	6	5–1
0–1	122.0
23	100.9
114	.8991
32	53.8
67	50.8
174	13.4
64	15.8
179	27.2
185	28.4
163	42.0
60	20.4
21	53.8
82	50.6
186	35.8
114	34.1
175	31.8
268	35.7
147	68.6
129	+2.1
3
33	BYU
   6 seed, R64	B12	4	2–2
1–1	118.9
36	99.0
91	.8918
33	52.1
105	48.0
101	16.8
173	13.2
276	27.1
187	27.6
137	30.4
201	31.9
162	55.4
57	44.0
49	32.8
184	37.5
243	52.7
8	32.3
75	70.0
93	-0.05
63
34	UAB
   12 seed, R64	Amer	5	5–0
2–0	125.4
8	104.6
168	.8898
34	54.8
55	48.5
123	11.7
24	15.2
204	34.5
59	28.3
160	43.5
48	30.3
139	52.1
110	48.6
137	40.9
33	32.3
139	29.2
299	42.3
256	68.6
129	+1.1
15
35	Oregon
   11 seed, R32	P12	5	4–1
1–1	114.3
65	95.6
48	.8864
35	49.3
192	51.2
189	11.9
27	19.9
54	26.9
192	27.5
136	27.7
228	38.6
248	57.3
29	51.9
210	23.1
312	33.3
153	35.1
206	40.5
231	65.0
258	+1.5
7
36	Belmont	MVC	2	1–1
0–0	98.3
252	82.3
5	.8849
36	52.4
97	33.6
2	15.1
121	13.8
253	13.7
335	31.7
239	25.0
259	32.2
166	55.1
61	35.9
4	32.7
187	19.6
2	44.4
56	35.7
147	76.5
6	-0.7
145
37	Longwood
   16 seed, R64	BSth	3	3–0
0–0	112.9
85	95.2
43	.8777
37	53.8
67	47.6
87	16.5
162	19.5
59	34.7
57	27.6
137	40.8
71	29.1
112	47.5
218	48.8
142	46.8
6	30.9
105	27.8
312	49.1
323	63.6
294	+0.6
25
38	Penn St.	B10	3	2–1
1–0	108.0
135	91.0
22	.8775
38	44.3
283	41.3
15	15.3
127	17.8
104	30.3
123	28.0
153	44.9
42	35.5
215	42.7
298	43.5
45	31.3
210	24.6
19	38.3
145	33.1
91	67.9
148	-0.17
73
39	Wyoming	MWC	2	1–1
1–0	115.5
58	97.5
75	.8754
39	59.4
9	44.7
39	15.8
139	19.6
58	29.9
130	24.2
78	27.4
231	39.8
259	53.8
82	43.1
40	44.2
13	32.3
139	44.4
56	30.1
47	68.5
133	-0.8
173
40	Duquesne
   11 seed, R32	A10	5	5–0
1–0	107.5
140	90.7
18	.8754
40	50.7
156	46.7
71	16.3
155	18.5
85	30.9
114	23.0
60	25.3
256	35.0
204	47.0
235	48.9
145	38.2
79	29.2
73	35.8
190	44.5
286	64.5
276	+1.3
11
41	Wake Forest	ACC	4	3–1
1–0	122.1
22	103.1
148	.8754
41	55.3
48	49.8
155	16.3
155	15.2
204	27.5
174	26.9
124	41.5
65	34.1
190	57.4
26	52.0
215	34.2
154	31.3
117	35.0
208	43.8
275	69.1
116	+0.23
48
42	James Madison
   12 seed, R32	SB	3	3–0
0–0	120.0
29	101.5
128	.8732
42	56.7
30	45.7
51	14.3
95	17.2
130	34.6
58	30.1
213	35.2
128	33.0
184	50.9
133	47.0
108	44.6
11	28.8
67	36.3
183	33.5
102	67.0
188	+0.40
33
43	Washington St.
   7 seed, R32	P12	3	1–2
0–1	104.2
179	88.3
7	.8713
43	48.1
218	51.6
199	21.0
301	17.5
115	37.8
24	19.6
23	20.7
301	30.0
130	55.5
55	55.6
281	23.1
312	28.8
67	35.3
204	32.5
78	64.9
263	-0.8
198
44	McNeese St.
   12 seed, R64	Slnd	3	3–0
1–0	122.7
19	103.9
158	.8706
44	60.7
5	47.7
94	13.4
64	24.3
11	32.2
92	36.7
306	49.7
19	43.0
283	58.0
23	48.6
137	44.7
10	31.2
115	29.6
293	51.0
331	63.5
297	+0.18
51
45	Indiana St.	MVC	4	3–1
0–0	124.9
10	105.9
185	.8696
45	60.9
4	50.4
167	13.7
74	13.0
282	24.4
239	23.1
62	30.1
204	30.4
140	63.2
7	44.9
64	38.7
66	41.3
292	44.4
56	32.4
77	71.2
59	-0.08
65
46	Gonzaga
   5 seed, Sweet Sixteen	WCC	2	1–1
0–0	126.2
6	107.2
196	.8680
46	53.5
71	53.9
248	7.8
3	16.4
163	24.2
242	32.8
256	32.2
178	28.9
111	50.0
153	52.9
228	41.9
22	37.0
238	27.0
317	40.4
229	66.9
190	+0.04
58
47	Kentucky
   3 seed, R64	SEC	3	2–1
2–0	125.5
7	106.7
192	.8656
47	58.6
13	49.5
147	17.8
200	9.8
325	31.7
99	29.3
187	25.5
254	29.2
114	52.3
104	49.6
157	44.6
11	32.9
150	43.2
69	40.1
221	75.7
12	+0.46
30
48	TCU
   9 seed, R64	B12	4	2–2
1–1	113.3
80	96.5
62	.8642
48	46.4
250	54.6
267	19.3
258	21.1
40	36.8
30	27.6
137	41.4
67	47.3
307	43.6
286	54.8
270	34.6
140	36.1
215	34.2
230	34.8
123	70.7
70	-0.07
64
49	Colorado St.
   10 seed, R64	MWC	5	4–1
1–0	117.8
41	100.7
109	.8586
49	55.4
46	46.5
66	16.3
155	14.1
239	30.7
116	26.6
116	37.8
96	35.8
217	60.9
11	46.8
103	30.6
219	30.7
102	36.7
174	32.1
74	66.1
219	+0.33
40
50	Providence	BE	5	2–3
0–1	108.4
128	93.0
31	.8537
50	46.0
259	48.1
108	15.5
131	13.3
273	27.7
170	27.9
149	29.7
209	29.5
122	49.0
178	44.7
59	28.5
259	36.2
218	47.2
37	35.6
143	66.8
194	+0.37
37
Rk	Team	Conf	G	Rec	AdjOE	AdjDE	Barthag	Efg%	EfgD%	TOR	TORD	ORB	DRB	FTR	FTRD	2P%	2P%D	3P%	3P%D	3PR	3PRD	Adj T.	WAB
51	Florida
   7 seed, R64	SEC	5	3–2
0–1	116.9
43	100.4
105	.8522
51	51.5
131	48.2
109	14.6
106	12.5
297	28.3
161	29.1
181	49.3
20	36.5
228	50.7
142	47.1
109	35.5
125	34.0
173	30.4
284	29.4
43	75.8
10	+0.6
28
52	George Mason	A10	3	2–1
2–0	104.1
184	89.8
12	.8457
52	50.6
159	44.6
36	13.8
78	19.3
63	26.1
206	22.7
57	22.1
283	29.7
127	53.3
86	44.8
61	30.4
226	29.5
80	34.4
220	41.2
240	60.2
333	-0.27
84
53	Kansas St.	B12	4	2–2
1–0	112.3
90	96.9
66	.8452
53	49.8
180	50.2
165	20.7
296	14.7
217	30.7
116	24.8
89	40.8
71	44.6
290	52.2
106	53.1
234	30.6
219	29.9
87	38.1
152	34.4
117	69.0
121	+1.0
16
54	USC	P12	4	3–1
2–0	111.3
106	96.1
54	.8447
54	52.8
88	50.7
173	19.9
278	19.2
67	24.0
248	29.1
181	34.6
139	35.3
213	49.6
169	50.7
189	38.4
72	33.8
170	39.6
126	35.7
147	65.6
238	+1.0
19
55	Washington	P12	2	1–1
1–0	112.3
91	97.0
67	.8441
55	55.8
41	49.2
137	18.9
239	16.8
145	18.8
313	32.5
252	28.6
221	29.9
129	51.4
122	53.1
234	42.5
18	28.3
53	35.7
193	36.2
156	72.8
28	+0.04
60
56	VCU	A10	6	4–2
0–1	110.8
114	96.1
55	.8366
56	52.7
91	48.4
119	18.9
239	19.4
61	27.3
181	27.6
137	35.9
121	34.2
194	54.7
70	46.0
87	33.8
160	34.2
178	48.9
27	45.3
290	65.1
253	-0.25
81
57	San Diego St.
   5 seed, Sweet Sixteen	MWC	4	2–2
0–1	113.7
73	98.8
89	.8340
57	45.7
264	46.6
68	14.2
91	13.1
280	38.4
18	29.9
202	35.9
121	42.6
279	49.1
175	44.3
52	26.4
290	33.7
167	35.5
196	36.6
165	64.0
286	-0.13
70
58	Indiana	B10	4	3–1
2–0	103.4
198	90.1
16	.8306
58	47.7
231	45.8
53	19.5
267	17.7
108	26.4
199	29.8
198	21.2
293	28.8
110	46.9
237	45.4
73	33.3
165	30.9
105	24.2
329	45.8
301	69.1
116	+0.9
22
59	Nevada
   10 seed, R64	MWC	2	1–1
1–0	124.3
14	108.6
218	.8256
59	55.9
39	50.4
167	20.0
283	13.8
253	33.3
71	33.8
270	63.8
3	38.3
243	57.1
30	52.1
216	35.5
125	31.8
129	33.0
249	38.3
188	66.9
190	-0.25
79
60	Michigan St.
   9 seed, R32	B10	4	2–2
1–1	104.0
186	90.9
20	.8255
60	44.8
274	49.8
155	15.8
139	20.1
51	36.1
39	29.5
191	24.2
265	32.5
171	45.9
253	48.1
126	27.9
271	35.1
196	28.3
308	35.4
136	64.4
278	+0.05
57
61	Butler	BE	3	1–2
1–0	104.0
187	91.0
21	.8230
61	50.3
170	47.7
94	18.6
230	17.7
108	22.6
268	28.2
157	18.2
317	15.7
7	52.1
110	48.9
145	31.4
207	29.8
85	37.4
162	28.8
30	71.3
55	-0.30
87
62	Utah	P12	5	2–3
0–2	111.0
112	97.2
72	.8215
62	55.7
43	45.9
57	16.5
162	13.4
267	20.1
303	27.4
134	24.8
262	31.2
153	54.3
76	45.5
75	38.4
72	31.2
115	41.9
87	29.3
41	71.8
45	-1.3
291
63	Delaware	CAA	2	1–1
0–0	102.6
207	90.0
14	.8197
63	51.8
115	39.4
9	19.9
278	11.0
315	22.7
267	20.3
28	21.9
284	30.5
142	50.0
153	43.5
45	36.4
103	22.4
5	38.6
140	41.5
245	67.8
154	-0.7
152
64	Seton Hall	BE	4	3–1
2–0	112.2
93	98.5
85	.8181
64	51.7
121	50.9
177	18.6
230	19.0
75	33.8
65	26.5
114	31.2
190	21.5
31	47.4
222	54.3
259	38.4
72	31.1
114	42.3
81	45.5
295	66.6
199	+0.18
50
65	UT Arlington	WAC	4	3–1
1–0	123.4
16	108.3
215	.8177
65	62.2
3	48.2
109	22.1
316	17.9
95	37.2
26	29.7
195	29.1
216	54.1
325	66.9
3	47.2
112	38.1
80	33.3
153	48.3
30	35.5
141	72.1
40	-0.21
74
66	Georgia	SEC	4	2–2
0–1	110.0
116	96.5
63	.8176
66	48.6
209	51.0
183	12.7
49	16.8
145	26.5
197	32.4
251	32.9
163	36.7
229	44.2
280	49.7
161	38.4
72	35.8
209	33.3
240	32.7
82	70.4
79	-0.33
89
67	South Dakota St.
   15 seed, R64	Sum	3	3–0
0–0	106.1
154	93.2
34	.8156
67	56.9
28	44.7
39	13.0
52	14.0
242	15.9
330	21.7
40	34.6
139	17.9
15	55.2
60	44.3
52	39.4
57	30.0
88	43.1
71	55.9
337	64.7
267	+0.30
41
68	Florida Atlantic
   8 seed, R64	Amer	4	3–1
2–0	121.5
26	106.8
194	.8145
68	56.2
37	52.7
227	16.6
165	13.4
267	30.0
127	24.1
75	47.5
23	27.9
103	59.2
16	44.5
56	33.3
165	43.6
309	32.9
251	39.2
200	71.6
51	+0.27
46
69	Western Kentucky
   15 seed, R64	CUSA	4	3–1
0–1	110.2
115	97.4
74	.8051
69	54.4
58	48.2
109	17.4
193	21.4
37	25.2
225	22.1
44	36.7
109	38.3
243	54.5
73	46.2
90	36.0
111	34.0
173	31.3
274	42.7
261	76.2
7	-0.42
102
70	Brown	Ivy	3	2–1
1–0	113.8
71	100.7
108	.8042
70	55.4
46	50.5
171	19.0
243	13.8
253	32.7
83	28.7
174	33.0
160	19.4
17	57.7
24	52.6
224	34.7
138	31.7
128	40.9
105	41.8
251	70.4
79	+0.09
55
71	Utah St.
   8 seed, R32	MWC	4	3–1
2–0	124.3
13	110.1
243	.8022
71	55.0
52	53.8
244	11.4
18	14.3
229	27.7
170	29.8
198	50.6
16	28.6
107	54.7
70	54.4
262	37.0
94	35.2
198	39.8
121	35.5
141	67.8
154	+0.22
49
72	UCF	B12	5	2–3
1–1	114.1
67	101.2
122	.8005
72	49.3
192	52.9
230	16.9
177	17.8
104	33.5
69	28.5
167	38.4
85	42.4
278	44.3
276	45.7
80	40.4
39	40.9
286	30.5
283	45.7
299	68.8
125	+0.30
42
73	Charleston
   13 seed, R64	CAA	3	3–0
0–0	111.3
108	98.6
88	.8004
73	51.9
111	47.2
79	14.9
113	15.4
195	31.5
103	25.0
92	26.9
237	18.8
16	50.5
149	44.4
54	36.0
111	34.2
178	41.2
98	40.3
228	66.1
219	+0.45
31
74	North Texas	Amer	5	3–2
1–1	115.5
59	102.4
139	.7988
74	53.1
80	52.1
213	13.2
57	18.1
92	29.7
131	29.8
198	34.2
147	40.7
267	47.5
218	48.6
137	41.4
28	39.3
272	38.0
154	33.2
94	65.1
253	-0.9
215
75	Boise St.
   10 seed, R68	MWC	3	1–2
1–0	106.2
153	94.2
39	.7988
75	41.5
309	48.3
117	15.6
133	16.5
155	37.0
28	29.5
191	23.1
274	31.3
154	40.0
312	53.8
248	29.1
250	25.0
22	39.7
123	33.5
102	64.6
273	+0.26
47
Rk	Team	Conf	G	Rec	AdjOE	AdjDE	Barthag	Efg%	EfgD%	TOR	TORD	ORB	DRB	FTR	FTRD	2P%	2P%D	3P%	3P%D	3PR	3PRD	Adj T.	WAB
76	South Florida	Amer	4	2–2
0–1	116.7
45	103.6
153	.7981
76	54.6
57	50.4
167	16.1
150	16.5
155	24.0
248	31.4
237	43.2
49	42.9
280	49.5
171	51.0
196	39.7
50	33.0
151	51.1
13	38.2
187	70.8
69	-1.4
295
77	Bucknell	Pat	2	1–1
0–0	114.5
64	101.7
130	.7950
77	50.4
163	43.6
30	12.0
30	13.6
260	31.0
113	27.1
129	36.3
114	51.0
321	50.8
138	53.8
248	33.3
165	22.0
4	47.8
33	49.0
321	65.4
249	-0.7
143
78	UC Davis	BW	4	3–1
2–0	113.4
78	100.9
115	.7927
78	52.3
101	48.5
123	15.8
139	17.3
124	25.2
225	32.6
254	34.4
143	32.5
171	50.0
153	49.4
154	37.7
84	30.9
105	34.8
212	29.8
45	65.4
249	-0.24
77
79	South Carolina
   6 seed, R64	SEC	4	2–2
1–1	116.7
47	104.0
159	.7902
79	46.9
244	52.5
223	13.3
61	14.4
226	32.7
83	30.7
220	34.0
148	31.0
150	50.0
153	50.9
193	27.4
277	37.5
243	34.4
220	30.1
47	64.0
286	+0.37
38
80	Saint Joseph's	A10	6	3–3
1–1	108.8
126	97.0
69	.7899
80	51.3
142	47.6
87	19.4
265	15.0
212	28.3
161	24.8
89	23.4
271	21.8
39	54.9
63	52.7
225	31.5
205	24.6
19	48.0
32	31.9
73	68.3
137	-0.38
94
81	UNLV	MWC	3	1–2
0–1	114.9
61	102.7
143	.7845
81	53.1
80	50.3
166	18.6
230	15.7
183	27.5
174	36.4
302	38.3
88	29.7
127	52.0
112	52.3
219	36.7
97	31.6
123	37.0
169	41.1
238	66.9
190	-0.9
240
82	Samford
   13 seed, R64	SC	3	3–0
0–0	105.8
158	94.8
42	.7791
82	54.0
63	43.2
27	19.1
250	17.7
108	26.0
209	30.8
221	46.3
31	42.9
280	56.4
39	45.9
86	33.3
165	26.6
37	38.4
144	44.6
287	72.0
42	+0.41
32
83	Arkansas St.	SB	3	2–1
0–0	121.9
24	109.6
229	.7734
83	49.2
195	56.4
296	14.9
113	13.4
267	41.4
9	20.7
30	29.6
210	29.4
119	48.4
194	55.6
281	33.9
159	39.1
270	33.3
240	28.2
26	64.0
286	-0.16
71
84	Sam Houston St.	CUSA	4	3–1
2–0	110.9
113	99.8
100	.7706
84	50.9
146	45.8
53	19.1
250	20.9
43	37.2
26	30.6
218	39.0
80	48.6
313	50.3
152	43.0
37	34.7
138	34.3
181	32.9
251	33.0
87	68.1
145	-0.27
82
85	Florida St.	ACC	3	2–1
1–0	114.5
63	103.4
150	.7646
85	49.5
189	55.5
285	14.3
95	19.8
55	28.7
149	34.7
286	36.2
116	29.5
122	51.2
125	57.9
310	30.6
219	33.9
171	33.5
239	33.9
109	70.9
68	+0.39
34
86	Arkansas	SEC	4	2–2
1–1	113.4
77	102.4
138	.7645
86	54.3
59	52.4
221	17.9
207	13.6
260	21.3
288	29.9
202	40.9
70	35.0
204	59.6
15	55.9
290	28.4
261	29.5
80	31.5
271	29.3
41	72.2
37	-0.42
97
87	Virginia Tech	ACC	3	2–1
1–0	120.7
27	109.2
222	.7602
87	52.9
84	52.1
213	14.4
101	13.9
247	29.2
137	24.0
74	38.2
90	34.3
196	60.6
13	54.7
266	28.2
266	30.8
104	41.8
89	30.8
53	67.5
167	-0.5
114
88	Xavier	BE	5	1–4
0–2	108.3
130	98.1
81	.7575
88	47.4
236	54.1
253	17.6
196	14.3
229	25.3
224	23.9
73	25.2
257	23.2
50	46.3
247	56.3
296	33.3
165	33.0
151	30.1
289	33.2
94	72.6
31	-0.5
112
89	Ohio	MAC	3	2–1
1–0	100.8
222	91.3
24	.7575
89	44.5
281	43.6
30	12.4
44	24.4
10	32.3
91	33.6
266	25.4
255	32.2
166	44.4
273	37.0
5	29.9
238	35.2
198	38.3
145	41.5
245	70.2
86	-0.6
134
90	Baylor
   3 seed, R32	B12	3	1–2
0–1	108.0
134	97.9
78	.7550
90	45.4
269	51.5
196	18.4
220	15.4
195	32.1
93	21.6
39	32.9
163	27.2
100	51.4
122	50.5
182	23.4
310	35.5
205	37.0
169	36.7
167	67.7
159	-0.04
62
91	Morehead St.
   14 seed, R64	OVC	3	3–0
0–0	108.4
129	98.4
84	.7528
91	57.2
22	44.7
39	15.2
123	17.2
130	28.4
156	25.2
98	29.3
213	24.6
63	55.3
59	44.2
51	39.3
59	30.5
98	51.1
13	33.0
87	65.9
225	+0.28
43
92	Cleveland St.	Horz	2	1–1
0–0	109.6
119	99.7
96	.7485
92	49.2
195	47.6
87	13.5
68	15.6
187	33.3
71	29.3
187	39.8
77	30.9
148	48.4
194	59.0
318	34.4
146	24.2
16	26.0
322	50.4
329	70.5
76	-0.48
107
93	Santa Clara	WCC	2	1–1
0–0	118.3
39	107.8
207	.7440
93	53.8
67	54.0
251	19.0
243	15.6
187	36.4
33	24.7
87	45.3
39	29.4
119	54.5
73	56.4
298	35.0
132	33.3
153	34.2
230	38.1
186	74.1
16	-0.27
83
94	Vanderbilt	SEC	3	1–2
1–1	111.3
107	101.4
126	.7438
94	47.8
226	55.4
283	13.2
57	15.8
179	29.5
133	28.0
153	26.0
245	25.0
68	48.1
203	55.9
290	31.5
205	36.2
218	26.0
322	35.2
132	68.8
125	-0.6
120
95	Texas St.	SB	3	2–1
0–0	107.2
146	97.7
76	.7435
95	53.5
71	49.4
144	22.9
321	22.9
18	30.6
118	33.3
259	41.9
62	40.4
264	53.3
86	44.6
57	36.4
103	38.3
259	21.3
335	37.3
175	66.8
194	-0.33
90
96	Bryant	AE	2	1–1
0–0	109.0
125	99.7
97	.7360
96	58.8
12	42.1
17	19.5
267	13.9
247	25.4
221	26.8
121	21.8
286	32.5
171	58.2
22	41.2
20	40.0
43	29.3
76	33.6
238	32.5
78	71.5
53	-0.7
159
97	UCLA	P12	4	2–2
1–1	109.1
124	99.9
101	.7351
97	50.7
156	50.9
177	17.8
200	17.8
104	25.8
212	31.0
227	36.6
111	32.7
179	43.8
282	55.1
273	41.9
22	29.8
85	36.6
176	39.8
209	61.1
328	-0.6
124
98	Tennessee
   2 seed, Elite Eight	SEC	3	1–2
1–1	104.0
185	95.7
49	.7223
98	41.9
305	53.9
248	14.1
87	20.0
53	31.5
103	28.9
177	27.6
230	30.1
135	38.8
317	51.6
204	30.3
229	38.0
252	46.4
40	42.8
262	68.3
137	-0.42
100
99	Yale
   13 seed, R32	Ivy	3	2–1
0–1	108.0
133	99.4
94	.7208
99	52.8
88	48.0
101	14.1
87	14.6
222	26.2
201	27.0
126	21.9
284	27.0
98	52.7
93	47.9
120	35.3
128	32.1
133	38.2
150	47.2
312	62.5
312	-0.5
117
100	Chattanooga	SC	2	1–1
0–0	106.4
152	98.1
80	.7187
100	54.2
61	41.1
14	19.1
250	13.6
260	21.7
284	35.1
290	56.6
5	30.0
130	50.0
153	37.2
7	39.6
53	30.6
100	45.3
50	44.3
282	70.3
83	-0.8
175
Rk	Team	Conf	G	Rec	AdjOE	AdjDE	Barthag	Efg%	EfgD%	TOR	TORD	ORB	DRB	FTR	FTRD	2P%	2P%D	3P%	3P%D	3PR	3PRD	Adj T.	WAB
101	Stanford	P12	3	2–1
1–0	105.6
159	97.3
73	.7187
101	51.7
121	48.2
109	17.0
179	18.8
79	29.1
139	29.9
202	40.2
75	21.9
40	52.7
93	47.8
118	33.3
165	32.5
144	38.5
142	40.1
221	70.2
86	-0.12
66
102	Quinnipiac	MAAC	4	3–1
2–0	112.9
87	104.1
161	.7177
102	52.4
97	43.6
30	16.1
150	18.4
87	35.7
47	31.1
230	31.3
188	30.5
142	50.6
146	42.4
31	38.6
67	30.5
98	24.5
328	35.2
132	69.4
109	-0.6
129
103	Tarleton St.	WAC	5	3–2
1–1	113.2
81	104.7
171	.7119
103	52.1
105	48.2
109	14.0
82	16.6
152	28.6
150	30.1
213	24.9
261	21.4
29	54.9
63	49.8
164	31.1
213	30.2
92	33.3
240	34.3
115	67.8
154	-1.5
301
104	Loyola Chicago	A10	4	2–2
2–0	101.1
219	93.5
35	.7112
104	43.5
287	44.7
39	17.2
186	20.2
50	38.4
18	29.6
193	35.9
121	34.2
194	41.8
304	45.6
79	31.1
213	28.4
55	36.3
183	29.8
45	65.9
225	-0.29
86
105	Iowa	B10	3	1–2
0–1	109.2
123	101.0
117	.7103
105	48.7
208	54.2
257	12.1
32	16.1
171	21.0
293	27.6
137	37.4
99	32.3
168	42.6
299	54.0
254	40.0
43	36.4
222	34.8
212	34.4
117	74.3
13	-0.9
259
106	Hofstra	CAA	2	1–1
0–0	99.9
236	92.4
28	.7093
106	48.2
216	46.7
71	12.1
32	22.7
22	15.2
331	25.0
92	27.9
226	26.4
89	48.4
194	43.5
45	31.9
200	34.1
175	42.3
81	41.5
245	66.2
215	-0.7
147
107	Cornell	Ivy	3	1–2
1–0	113.0
84	104.6
170	.7073
107	55.3
48	51.6
199	12.2
35	15.5
192	21.8
283	33.1
258	14.7
331	30.4
140	56.7
37	49.6
157	36.0
111	36.8
231	50.8
16	35.6
143	72.0
42	-0.5
111
108	Albany	AE	1	0–1
0–0	120.2
28	111.5
257	.7039
108	53.4
75	47.3
82	16.7
168	10.6
318	29.0
140	28.6
169	17.2
320	58.2
333	52.8
90	51.3
199	36.4
103	25.0
22	37.9
156	29.1
37	70.5
76	-0.6
135
109	Duke
   4 seed, Elite Eight	ACC	2	0–2
0–1	112.0
95	104.0
160	.7011
109	48.8
206	53.7
242	11.4
18	15.7
183	27.4
178	30.9
226	30.4
201	30.9
148	48.8
187	48.9
145	32.6
189	45.2
315	34.4
220	25.2
17	68.8
125	-0.9
249
110	Seattle	WAC	4	1–3
0–2	109.8
117	102.1
134	.6971
110	52.0
108	49.3
143	17.7
199	15.4
195	28.3
161	28.1
155	20.5
305	29.5
122	51.0
130	51.9
210	35.7
119	29.0
72	36.7
174	30.4
50	65.9
225	-2.0
335
111	George Washington	A10	3	1–2
1–1	111.3
109	103.7
155	.6931
111	56.7
30	49.2
137	18.7
234	11.4
311	23.3
258	22.5
53	37.3
102	17.2
11	46.8
238	44.6
57	45.1
8	39.0
267	47.3
35	32.8
84	65.6
238	-1.2
282
112	Virginia
   10 seed, R68	ACC	4	2–2
1–0	102.7
203	96.0
53	.6851
112	45.4
269	49.1
133	10.0
8	16.0
173	24.4
239	27.8
145	20.8
299	20.6
24	42.4
302	54.9
271	33.3
165	25.9
33	40.0
115	36.3
160	59.5
334	-0.02
61
113	Nicholls St.	Slnd	4	3–1
1–0	113.7
72	106.4
187	.6830
113	57.5
18	48.8
128	19.7
271	17.4
121	32.8
82	22.1
44	35.5
127	41.4
273	58.3
20	47.9
120	37.6
86	33.3
153	42.3
81	44.3
282	66.4
208	-0.44
105
114	Notre Dame	ACC	3	1–2
0–1	116.6
50	109.1
221	.6807
114	53.2
78	51.4
193	17.3
191	11.2
314	28.1
165	33.7
267	42.6
53	36.9
231	48.9
180	57.9
310	39.7
50	27.8
47	40.6
107	40.2
225	65.2
252	-0.6
140
115	Missouri	SEC	2	0–2
0–1	108.3
131	101.4
124	.6799
115	48.3
215	50.9
177	19.7
271	17.5
115	34.3
62	33.3
259	21.5
289	45.5
298	54.9
63	49.2
151	26.0
292	35.3
201	41.3
95	45.5
295	66.6
199	-1.2
280
116	Stony Brook	CAA	4	3–1
0–0	108.2
132	101.4
125	.6771
116	51.8
115	46.6
68	13.8
78	11.7
306	24.7
236	28.6
169	29.8
208	27.7
102	45.8
256	40.9
18	41.3
30	36.4
222	37.6
160	41.7
248	65.8
232	-0.12
67
117	Oakland
   14 seed, R32	Horz	3	3–0
0–0	107.2
145	100.6
107	.6764
117	50.8
152	46.3
60	14.2
91	15.6
187	28.8
147	27.8
145	37.3
102	26.5
92	50.9
133	48.4
131	33.8
160	28.4
55	40.1
114	35.4
136	68.6
129	+0.28
44
118	Saint Louis	A10	3	2–1
1–0	111.7
96	105.3
181	.6638
118	54.0
63	52.9
230	16.8
173	12.4
298	29.0
140	19.6
23	38.3
88	38.2
241	55.8
52	51.9
210	34.3
150	36.4
222	41.4
94	38.8
196	68.2
144	-0.13
68
119	Tulane	Amer	2	1–1
1–0	116.1
54	109.8
237	.6546
119	55.0
52	49.2
137	16.4
160	14.3
229	28.4
156	36.3
300	45.0
41	31.3
154	50.0
153	40.2
17	43.2
16	42.9
301	33.3
240	37.4
177	73.1
26	-0.48
108
120	Wagner
   16 seed, R64	NEC	4	4–0
0–0	101.1
218	95.9
52	.6469
120	50.5
161	42.5
21	14.7
108	14.7
217	27.3
181	25.9
105	26.0
245	25.8
83	51.0
130	45.8
84	32.9
182	25.7
31	32.6
259	45.7
299	60.9
330	+0.37
36
121	Towson	CAA	3	2–1
0–0	96.7
267	92.0
26	.6381
121	48.1
218	43.9
35	19.8
275	17.7
108	30.5
122	28.4
163	35.1
133	26.4
89	46.1
251	44.9
64	34.6
140	28.4
55	33.8
237	45.4
292	62.6
310	-0.44
104
122	Richmond	A10	4	1–3
1–1	100.6
226	95.8
51	.6367
122	46.1
256	52.0
211	14.8
109	17.2
130	18.8
313	27.2
130	22.8
275	25.9
85	47.7
211	53.4
240	28.1
268	33.3
153	29.2
299	39.5
206	64.5
276	-1.0
277
123	East Tennessee St.	SC	4	3–1
0–0	103.1
200	98.3
83	.6329
123	49.4
191	48.9
131	17.8
200	22.1
30	37.9
23	25.2
98	43.1
51	46.8
302	42.9
294	53.1
234	39.4
57	27.3
39	40.0
115	34.7
121	71.2
59	-0.31
88
124	DePaul	BE	2	0–2
0–1	105.1
170	100.7
110	.6188
124	46.8
246	56.7
298	17.2
186	16.4
163	21.2
289	23.7
71	19.4
311	19.6
18	45.2
264	54.7
266	32.6
189	39.0
267	42.6
75	52.7
335	66.3
210	-0.8
184
125	Alabama
   4 seed, Final Four	SEC	2	1–1
1–0	111.6
100	107.4
200	.6084
125	50.3
170	51.9
210	11.5
21	14.0
242	27.7
170	24.3
80	32.9
163	48.5
312	56.0
46	56.7
301	27.3
279	27.5
43	37.7
158	30.8
53	73.7
19	-0.23
76
Rk	Team	Conf	G	Rec	AdjOE	AdjDE	Barthag	Efg%	EfgD%	TOR	TORD	ORB	DRB	FTR	FTRD	2P%	2P%D	3P%	3P%D	3PR	3PRD	Adj T.	WAB
126	Colgate
   14 seed, R64	Pat	3	3–0
0–0	106.0
155	102.1
133	.6067
126	56.6
32	46.8
74	12.3
39	15.9
178	23.3
258	21.3
36	41.3
68	22.9
47	65.7
4	53.9
252	27.9
271	25.9
33	38.1
152	47.6
314	65.9
225	+0.09
54
127	UTEP	CUSA	4	3–1
1–0	98.9
246	95.4
46	.6018
127	51.4
134	48.8
128	25.0
331	22.2
27	31.5
103	26.8
121	46.0
32	45.4
297	49.7
168	51.7
207	37.1
91	28.8
67	29.4
296	33.8
106	70.1
89	-0.37
93
128	Villanova	BE	5	1–4
0–2	100.0
233	96.5
64	.6009
128	48.0
224	49.7
152	16.3
155	13.9
247	16.6
328	22.3
51	22.3
279	21.2
26	48.9
180	45.8
84	31.4
207	35.6
207	51.3
12	50.7
330	63.9
289	-1.0
276
129	Furman	SC	2	1–1
0–0	109.3
121	105.5
183	.6003
129	49.2
195	58.4
311	11.0
13	19.2
67	22.1
277	24.2
78	37.9
95	38.1
239	49.1
175	61.6
326	32.8
184	35.0
190	54.0
3	35.4
136	66.6
199	-0.42
98
130	Dayton
   7 seed, R32	A10	2	1–1
1–0	112.1
94	108.2
214	.5989
130	52.4
97	53.5
238	15.2
123	16.6
152	19.1
308	29.2
184	47.2
26	14.8
5	46.6
244	48.4
131	39.6
53	39.1
270	45.3
50	50.0
325	66.7
198	-0.42
101
131	Charlotte	Amer	3	2–1
2–0	105.5
164	101.9
131	.5983
131	47.3
238	51.3
191	15.6
133	15.1
210	28.6
150	19.1
21	36.4
113	39.1
255	51.7
116	53.1
234	28.2
266	32.1
133	47.3
35	35.1
130	65.6
238	-0.6
122
132	Princeton	Ivy	3	1–2
1–0	119.7
31	116.0
286	.5891
132	57.1
23	63.6
329	10.1
9	17.4
121	25.7
217	19.7
25	20.7
301	40.6
265	56.7
37	70.8
339	38.4
72	33.9
171	48.8
28	35.8
151	74.3
13	-0.7
146
133	Kent St.	MAC	4	2–2
0–1	102.7
206	99.8
99	.5828
133	49.8
180	48.4
119	15.3
127	16.4
163	30.6
118	26.3
109	27.8
227	34.9
202	48.3
199	50.8
192	34.9
134	30.0
88	35.5
196	41.3
241	64.9
263	-1.2
288
134	SMU	Amer	4	1–3
1–1	109.7
118	106.6
190	.5815
134	46.2
254	54.0
251	15.8
139	17.5
115	35.9
44	30.8
221	33.1
156	50.2
319	43.4
288	50.7
189	34.0
157	40.8
285	36.2
185	31.8
72	69.2
114	-1.4
294
135	Minnesota	B10	4	1–3
0–2	111.6
102	108.5
217	.5803
135	51.8
115	60.2
317	19.1
250	14.5
224	27.4
178	24.3
80	23.4
271	23.0
48	55.9
49	54.7
266	30.2
231	51.9
332	38.7
139	23.9
12	66.5
205	-1.5
298
136	Little Rock	OVC	2	1–1
0–0	105.3
168	102.5
142	.5763
136	52.1
105	44.9
44	14.0
82	17.8
104	27.3
181	33.8
270	14.2
333	26.5
92	49.5
171	45.5
75	40.7
36	29.4
78	22.5
332	43.6
274	67.5
167	-0.7
158
137	Oregon St.	P12	3	1–2
1–1	112.6
88	109.7
235	.5743
137	50.9
146	57.5
303	16.1
150	15.6
187	25.8
212	31.9
243	35.6
126	22.5
44	49.1
175	53.9
252	36.5
101	43.1
304	32.5
260	33.5
102	64.7
267	-0.9
211
138	Wichita St.	Amer	4	2–2
0–1	111.7
97	108.9
220	.5730
138	50.4
163	51.0
183	14.8
109	11.4
311	37.3
25	31.3
234	21.1
296	34.6
199	48.2
201	48.7
141	36.4
103	36.9
237	34.4
220	35.0
128	64.1
283	-1.0
274
139	UC Irvine	BW	4	2–2
2–0	116.5
51	113.8
275	.5694
139	51.6
126	55.0
277	12.1
32	14.3
229	34.9
56	22.1
44	30.1
204	32.5
171	52.4
100	50.6
186	32.8
184	43.1
304	26.2
321	31.6
68	67.6
163	-0.7
155
140	Louisville	ACC	2	0–2
0–1	107.7
137	105.3
182	.5632
140	51.4
134	54.6
267	20.4
291	17.6
113	20.6
297	30.2
216	35.8
124	49.5
315	47.3
228	56.9
302	40.0
43	34.1
175	32.1
264	40.4
229	71.3
55	-1.3
289
141	Maryland	B10	3	1–2
0–1	103.7
192	101.5
127	.5628
141	46.1
256	51.1
187	18.5
225	17.1
135	21.1
291	33.0
257	32.7
169	25.7
82	44.7
267	45.3
70	32.3
195	40.9
286	37.6
160	36.1
155	68.3
137	-0.6
136
142	High Point	BSth	2	1–1
0–0	112.2
92	109.9
240	.5591
142	48.9
205	47.5
86	16.6
165	16.6
152	48.1
3	39.7
320	26.5
241	38.7
250	50.7
142	45.1
67	31.1
213	35.1
196	46.2
41	31.1
56	64.6
273	-0.9
208
143	Georgia Southern	SB	2	1–1
0–0	105.0
171	102.9
145	.5588
143	47.5
235	44.7
39	16.5
162	16.5
155	33.7
67	28.2
157	21.3
291	47.5
308	43.5
287	46.8
103	36.7
97	25.0
22	34.8
212	23.0
7	71.7
47	-0.6
132
144	Montana	BSky	3	2–1
0–0	111.7
98	109.6
232	.5521
144	57.7
14	48.4
119	17.4
193	12.6
291	18.8
313	32.1
244	43.2
49	34.1
190	61.1
10	48.9
145	35.4
127	31.5
122	41.9
87	29.2
39	69.0
121	-0.7
162
145	St. Thomas	Sum	2	1–1
0–0	99.6
239	98.0
79	.5485
145	50.5
161	56.0
294	18.8
236	18.8
79	27.4
178	17.6
13	22.3
279	21.7
36	48.1
203	54.2
257	35.3
128	38.6
265	49.5
24	47.8
315	59.0
336	-0.7
161
146	Toledo	MAC	2	1–1
1–0	104.2
182	102.5
140	.5482
146	52.2
102	49.1
133	15.4
129	16.9
142	25.0
227	29.7
195	38.4
85	32.5
171	50.7
142	53.5
242	36.6
100	28.3
53	36.6
176	39.3
202	69.1
116	-0.8
176
147	LSU	SEC	4	1–3
1–1	109.4
120	107.6
204	.5464
147	49.8
180	56.4
296	18.9
239	17.9
95	30.3
123	27.0
126	41.0
69	43.8
287	48.3
199	60.4
324	34.9
134	33.7
167	35.5
196	40.7
233	74.0
17	-0.9
248
148	Milwaukee	Horz	3	2–1
0–0	112.5
89	110.9
248	.5407
148	50.8
152	48.0
101	13.1
56	9.9
324	32.4
90	25.4
102	44.7
44	33.7
188	54.3
76	48.3
130	27.1
282	31.6
123	25.5
325	39.7
208	75.8
10	-0.5
118
149	Memphis	Amer	2	0–2
0–1	111.1
111	109.6
228	.5388
149	50.4
163	54.5
263	13.6
71	14.3
229	28.4
156	34.2
278	13.3
335	20.5
22	43.2
290	55.6
281	39.3
59	35.3
201	45.2
52	38.6
194	69.3
111	-1.2
285
150	Oklahoma	B12	2	0–2
0–1	113.6
76	112.3
258	.5331
150	55.6
45	61.4
322	22.6
318	18.4
87	30.6
118	23.5
69	38.0
93	46.7
301	55.9
49	60.0
321	36.7
97	43.3
307	45.4
49	28.6
28	69.6
100	-0.8
171
Rk	Team	Conf	G	Rec	AdjOE	AdjDE	Barthag	Efg%	EfgD%	TOR	TORD	ORB	DRB	FTR	FTRD	2P%	2P%D	3P%	3P%D	3PR	3PRD	Adj T.	WAB
151	Drexel	CAA	1	0–1
0–0	116.8
44	115.5
284	.5306
151	48.0
224	54.1
253	6.5
2	7.8
335	29.2
137	30.0
211	30.7
195	23.0
48	44.7
267	53.4
240	35.7
119	37.5
243	37.3
163	21.6
4	61.3
326	-0.8
199
152	Fordham	A10	4	1–3
0–2	95.5
277	94.5
40	.5295
152	40.2
319	47.9
99	17.2
186	21.3
39	34.3
62	25.8
104	31.0
192	60.3
334	39.6
313	49.6
157	27.4
277	30.3
94	43.3
67	40.2
225	65.6
238	-1.9
328
153	UMBC	AE	1	0–1
0–0	104.1
183	103.5
151	.5170
153	50.0
174	53.6
241	11.3
16	22.7
22	13.0
337	38.1
314	20.8
299	44.9
292	48.9
180	51.2
197	34.4
146	38.5
263	41.6
93	37.7
180	75.9
9	-0.8
172
154	Western Carolina	SC	1	0–1
0–0	106.7
150	106.1
186	.5160
154	56.5
34	54.8
272	18.3
218	8.5
332	27.3
181	16.7
8	17.7
319	25.4
74	53.5
85	52.9
228	42.1
19	37.9
251	30.6
280	46.0
305	61.8
318	-0.8
193
155	Vermont
   13 seed, R64	AE	3	3–0
0–0	100.8
221	100.6
106	.5077
155	45.6
265	45.1
46	11.6
22	20.1
51	25.4
221	29.7
195	40.1
76	33.1
186	47.6
215	49.5
156	28.4
261	25.0
22	39.0
133	36.8
169	62.7
307	+0.17
52
156	Appalachian St.	SB	3	1–2
0–0	107.4
142	107.2
197	.5063
156	52.5
95	47.2
79	15.4
129	10.1
322	26.3
200	33.9
273	27.0
236	29.1
112	57.4
26	45.4
73	26.5
288	34.5
183	27.5
313	29.1
37	65.4
249	-0.7
160
157	Georgetown	BE	2	0–2
0–1	111.5
103	111.4
256	.5026
157	52.2
102	59.1
313	19.8
275	16.8
145	35.2
50	29.6
193	27.4
231	48.1
309	44.6
270	61.0
325	41.7
25	37.8
248	42.5
77	43.3
271	64.7
267	-0.8
183
158	Liberty	CUSA	2	1–1
1–0	107.9
136	107.9
208	.5001
158	57.7
14	52.8
228	21.9
313	20.4
49	17.5
324	25.9
105	42.3
56	36.8
230	53.1
88	58.0
313	41.7
25	24.0
13	49.5
24	23.6
10	63.9
289	-0.7
153
159	Tulsa	Amer	2	1–1
1–0	107.6
138	107.6
203	.5000
159	51.4
134	47.7
94	14.5
103	15.2
204	18.8
313	29.9
202	56.0
6	62.2
336	50.9
133	52.1
216	34.6
140	26.3
36	47.7
34	34.2
113	73.4
22	-0.6
139
160	Temple	Amer	7	5–2
1–1	102.3
211	102.4
137	.4994
160	50.2
172	50.5
171	12.3
39	15.3
200	19.7
305	28.1
155	33.1
156	37.7
233	45.9
253	53.6
244	38.5
69	30.3
94	36.5
178	38.5
190	68.1
145	-0.25
80
161	Grambling St.
   16 seed, R64	SWAC	6	5–1
1–1	105.4
165	105.5
184	.4968
161	51.1
144	45.8
53	19.2
256	17.0
137	28.0
167	29.2
184	51.3
13	30.1
135	47.1
234	45.7
80	40.7
36	30.7
102	28.8
305	39.0
198	64.6
273	-0.7
157
162	Montana St.
   16 seed, R68	BSky	4	3–1
0–0	112.9
86	113.2
271	.4915
162	60.6
6	52.6
225	14.5
103	17.0
137	22.4
271	31.0
227	26.8
238	28.2
104	60.9
11	50.3
179	40.2
42	38.3
259	45.5
47	32.7
82	71.2
59	+0.35
39
163	Tennessee Martin	OVC	1	0–1
0–0	107.5
139	108.0
209	.4870
163	46.2
254	54.3
260	13.3
61	16.0
173	23.1
261	34.1
276	32.3
174	21.4
29	51.2
125	40.0
14	25.0
300	45.7
318	36.9
172	50.0
325	78.9
2	-0.8
177
164	Hawaii	BW	4	3–1
2–0	103.6
195	104.4
167	.4771
164	51.9
111	47.6
87	19.1
250	17.3
124	24.2
242	28.5
167	45.6
36	17.1
10	48.0
206	47.9
120	38.6
67	31.0
110	40.3
110	23.6
10	66.3
210	-0.7
144
165	UC Riverside	BW	4	3–1
2–0	111.6
99	112.7
267	.4721
165	50.6
159	56.7
298	11.9
27	19.1
73	30.0
127	25.0
92	37.3
102	39.2
256	46.6
244	56.5
299	36.9
95	38.1
254	45.5
47	29.0
33	69.5
106	-0.6
131
166	Presbyterian	BSth	1	0–1
0–0	91.5
301	92.5
29	.4702
166	43.4
290	51.0
183	19.4
265	20.9
43	28.9
146	18.8
19	16.4
323	29.4
119	43.2
290	40.0
14	29.4
241	50.0
326	27.9
311	31.4
64	65.1
253	-0.9
219
167	Fairfield	MAAC	5	4–1
2–0	109.2
122	110.4
246	.4692
167	48.5
211	55.5
285	11.4
18	21.0
42	28.1
165	27.9
149	28.4
222	25.4
74	52.8
90	52.7
225	28.5
259	40.0
276	42.5
77	38.6
194	67.9
148	-0.5
113
168	Akron
   14 seed, R64	MAC	4	3–1
0–1	100.0
234	101.2
123	.4651
168	50.4
163	45.9
57	18.1
213	13.2
276	25.4
221	23.0
60	25.6
251	29.2
114	54.9
63	51.6
204	29.2
246	23.9
12	40.3
110	36.2
156	70.4
79	-0.5
116
169	Long Beach St.
   15 seed, R64	BW	5	3–2
0–2	111.6
101	113.0
270	.4623
169	49.2
195	51.7
206	14.0
82	15.5
192	36.3
37	24.4
82	35.8
124	33.8
189	49.6
169	50.0
166	32.2
197	36.5
226	28.5
307	35.9
153	70.0
93	-1.3
290
170	Northern Iowa	MVC	2	1–1
0–0	99.7
238	101.0
119	.4619
170	42.3
302	57.0
301	11.2
15	14.0
242	22.0
278	16.9
9	37.1
105	20.5
22	41.3
308	53.0
231	29.5
239	41.1
290	35.5
196	45.9
304	68.3
137	-0.21
75
171	Utah Valley	WAC	3	2–1
2–0	99.4
241	100.7
111	.4608
171	44.8
274	46.5
66	16.7
168	16.3
167	36.1
39	26.4
111	31.3
188	34.1
190	47.2
229	47.5
116	23.7
308	29.4
78	20.9
336	29.5
44	66.5
205	-0.41
96
172	East Carolina	Amer	4	1–3
0–2	111.4
104	112.9
269	.4603
172	51.6
126	54.1
253	19.6
270	13.1
280	31.1
111	27.3
131	45.8
35	41.2
272	49.3
173	46.5
99	37.5
87	42.3
297	33.3
240	44.6
287	67.2
181	-1.9
325
173	Sacramento St.	BSky	3	2–1
0–0	102.5
209	104.2
164	.4520
173	49.1
199	52.5
223	15.8
139	19.8
55	29.7
131	21.8
41	42.2
58	25.2
71	45.8
256	57.0
304	35.7
119	32.1
133	42.2
85	51.5
332	67.1
185	-0.7
149
174	Syracuse	ACC	1	0–1
0–0	101.8
213	103.8
156	.4446
174	51.7
121	47.7
94	26.7
335	14.1
239	25.8
212	42.5
329	10.3
338	36.4
225	53.8
82	45.7
80	31.6
203	35.0
190	32.8
254	30.3
49	71.0
66	-0.5
115
175	Norfolk St.	MEAC	3	2–1
1–0	104.5
176	106.6
189	.4433
175	55.3
48	47.9
99	16.8
173	23.9
12	37.0
28	31.3
234	45.3
39	50.7
320	54.9
63	43.2
41	37.5
87	37.0
238	29.8
292	38.0
184	65.7
235	-0.9
226
Rk	Team	Conf	G	Rec	AdjOE	AdjDE	Barthag	Efg%	EfgD%	TOR	TORD	ORB	DRB	FTR	FTRD	2P%	2P%D	3P%	3P%D	3PR	3PRD	Adj T.	WAB
176	UMass Lowell	AE	3	2–1
0–0	100.8
223	102.8
144	.4432
176	48.1
218	48.0
101	19.7
271	12.7
289	34.2
64	18.9
20	45.6
36	26.0
87	46.5
246	50.0
166	34.5
144	30.0
88	30.2
287	40.0
216	70.1
89	-0.50
110
177	Clemson
   6 seed, Elite Eight	ACC	2	0–2
0–1	107.4
143	109.6
230	.4421
177	46.8
246	58.8
312	13.9
80	17.0
137	21.2
289	30.8
221	30.0
206	29.6
126	50.0
153	60.3
322	28.3
264	38.0
252	41.8
89	46.3
306	64.7
267	-1.0
270
178	Miami FL	ACC	3	0–3
0–2	101.4
217	103.6
154	.4383
178	44.8
274	51.8
207	16.0
148	16.0
173	33.1
77	35.4
292	13.9
334	23.4
53	47.6
215	50.5
182	26.7
286	35.5
205	37.3
163	48.4
318	67.8
154	-1.9
329
179	Evansville	MVC	2	1–1
0–0	94.9
281	97.0
70	.4378
179	41.7
307	46.4
63	13.9
80	14.7
217	23.9
250	26.8
121	26.3
242	36.4
225	46.3
247	50.0
166	23.4
310	28.0
50	41.2
98	45.5
295	66.2
215	-0.42
99
180	Stephen F. Austin	WAC	4	3–1
2–0	104.5
175	106.9
195	.4363
180	53.9
66	51.8
207	17.8
200	23.0
17	24.2
242	33.3
259	49.8
18	44.7
291	50.0
153	48.1
126	40.5
38	38.4
262	36.4
179	39.3
202	69.5
106	-0.6
121
181	La Salle	A10	3	1–2
0–1	102.7
205	105.0
175	.4360
181	46.6
249	45.8
53	15.0
118	14.5
224	30.0
127	36.3
300	16.2
325	43.6
286	42.6
299	38.0
10	36.8
96	40.4
281	31.8
268	34.5
119	61.7
321	-1.2
281
182	West Virginia	B12	3	0–3
0–2	119.4
33	122.2
318	.4348
182	57.1
23	62.5
325	19.3
258	14.0
242	24.7
236	34.4
282	38.5
84	35.0
204	55.7
54	65.2
332	40.0
43	39.8
275	34.2
230	48.9
320	68.5
133	-1.5
299
183	Oklahoma St.	B12	2	0–2
0–1	104.6
174	107.2
198	.4299
183	47.1
242	54.1
253	17.2
186	12.2
299	23.0
262	28.4
163	24.2
265	31.7
157	48.6
189	47.3
114	30.0
234	42.9
301	41.7
91	39.8
209	68.3
137	-0.9
220
184	Manhattan	MAAC	3	1–2
1–1	99.9
235	102.5
141	.4265
184	54.3
59	49.4
144	20.5
293	17.0
137	23.8
252	27.0
126	22.2
281	20.7
25	51.8
114	46.7
101	40.0
43	35.8
209	30.9
278	38.5
190	64.1
283	-1.8
321
185	Rice	Amer	3	0–3
0–2	113.0
83	116.2
287	.4227
185	52.9
84	52.4
221	14.8
109	11.7
306	22.8
266	34.5
283	32.7
169	26.6
95	52.4
100	49.1
150	35.8
114	38.6
265	34.0
234	38.0
184	66.5
205	-2.1
336
186	Marshall	SB	2	1–1
0–0	105.1
169	108.1
211	.4202
186	50.4
163	50.8
174	15.6
133	14.2
237	30.1
125	32.1
244	20.5
305	35.7
216	43.2
290	43.0
37	41.2
31	45.0
313	38.6
140	31.7
70	69.2
114	-0.5
119
187	Illinois Chicago	MVC	2	1–1
0–0	96.2
271	99.0
90	.4201
187	42.3
302	54.5
263	13.7
74	16.5
155	20.0
304	26.4
111	33.3
153	32.0
164	46.8
238	45.3
70	22.7
316	43.1
304	35.8
190	47.5
313	67.2
181	-0.34
92
188	Northern Kentucky	Horz	2	1–1
0–0	104.4
178	107.4
199	.4193
188	52.9
84	53.8
244	12.2
35	17.9
95	21.1
291	39.5
319	28.7
220	38.3
243	50.6
146	53.6
244	38.3
77	36.1
215	34.6
218	27.1
22	70.3
83	-0.6
137
189	Le Moyne	NEC	2	1–1
0–0	97.8
261	100.8
113	.4160
189	48.6
209	42.7
23	18.1
213	18.1
92	25.0
227	22.2
47	27.3
234	30.0
130	45.5
259	43.3
43	34.5
144	27.9
49	50.0
21	39.1
199	64.3
280	-0.8
191
190	Jacksonville	ASun	1	0–1
0–0	127.4
5	131.3
332	.4141
190	57.3
20	71.0
338	14.0
82	9.3
327	51.7
1	16.0
7	58.2
4	52.0
324	56.8
33	57.1
305	38.9
65	59.1
336	32.7
256	44.0
278	65.6
238	-0.9
205
191	Wright St.	Horz	1	0–1
0–0	118.1
40	122.0
316	.4085
191	56.9
28	60.4
319	16.8
173	16.8
145	35.0
54	23.5
69	29.2
214	35.8
217	56.9
31	58.7
317	38.1
80	42.9
301	29.2
299	31.3
60	73.5
20	-0.9
251
192	New Hampshire	AE	2	1–1
0–0	98.3
251	101.6
129	.4084
192	46.0
259	51.0
183	17.8
200	18.5
85	26.1
206	18.5
17	31.9
182	39.2
256	50.8
138	55.7
286	26.9
284	29.3
76	46.0
43	40.2
225	70.3
83	-0.6
126
193	Monmouth	CAA	2	1–1
0–0	111.4
105	115.2
282	.4044
193	51.6
126	55.2
282	14.8
109	15.6
187	39.4
14	28.3
160	19.4
311	38.7
250	56.8
33	57.1
305	27.9
271	34.9
188	34.7
216	40.6
232	63.6
294	-0.7
141
194	Mercer	SC	2	1–1
0–0	103.9
190	107.5
201	.4025
194	51.8
115	51.6
199	13.5
68	16.5
155	26.2
201	31.1
230	38.2
90	24.4
61	50.6
146	50.0
166	36.4
103	36.6
227	30.0
290	33.3
96	65.7
235	-0.6
130
195	San Jose St.	MWC	2	0–2
0–1	114.2
66	118.2
300	.4022
195	51.8
115	63.1
326	14.4
101	9.6
326	22.2
273	26.7
118	14.9
329	32.4
170	56.2
44	56.9
302	29.3
244	47.8
321	36.0
188	41.4
244	62.7
307	-1.2
284
196	St. Bonaventure	A10	5	2–3
0–2	107.4
144	111.2
253	.4005
196	47.7
231	54.6
267	15.0
118	17.4
121	26.9
192	34.0
274	34.6
139	30.2
138	46.7
241	49.7
161	33.0
181	41.2
291	37.1
168	40.0
216	62.9
302	-1.9
332
197	Louisiana Tech	CUSA	3	1–2
1–1	105.8
157	109.6
231	.3996
197	47.6
233	46.4
63	13.2
57	15.7
183	32.5
88	25.2
98	31.7
185	41.1
271	46.8
238	44.7
59	33.3
165	32.4
143	24.2
329	44.0
278	69.6
100	-1.8
314
198	Alabama A&M	SWAC	5	3–2
1–1	97.3
263	101.0
118	.3941
198	48.2
216	44.9
44	20.2
287	21.1
40	33.1
77	27.4
134	47.4
24	46.1
299	51.0
130	47.1
109	27.0
283	27.4
41	27.2
315	35.6
143	71.7
47	-1.8
316
199	Saint Peter's
   15 seed, R64	MAAC	5	3–2
0–2	96.1
274	100.0
102	.3874
199	43.0
293	42.9
25	20.5
293	15.2
204	36.3
37	35.5
294	46.0
32	40.3
261	39.3
314	43.3
43	35.8
114	28.0
50	25.5
325	29.0
33	62.7
307	-1.4
293
200	Michigan	B10	2	0–2
0–1	100.2
231	104.3
165	.3869
200	42.7
297	55.8
290	17.8
200	13.3
273	28.6
150	16.9
9	31.0
192	47.1
304	42.9
294	56.1
294	28.3
264	36.8
231	39.7
123	36.5
164	65.8
232	-1.2
283
Rk	Team	Conf	G	Rec	AdjOE	AdjDE	Barthag	Efg%	EfgD%	TOR	TORD	ORB	DRB	FTR	FTRD	2P%	2P%D	3P%	3P%D	3PR	3PRD	Adj T.	WAB
201	Air Force	MWC	2	0–2
0–1	113.8
69	118.7
302	.3832
201	51.5
131	59.6
315	17.3
191	13.3
273	20.6
297	32.2
247	32.7
169	43.1
284	54.9
63	66.2
334	32.0
199	31.6
123	49.5
24	34.9
126	62.1
314	-1.1
279
202	Davidson	A10	3	0–3
0–2	100.3
230	104.7
173	.3783
202	45.6
265	49.2
137	20.4
291	17.5
115	24.3
241	37.6
313	29.2
214	42.2
277	47.4
222	46.8
103	28.1
268	35.2
198	33.3
240	39.4
205	66.6
199	-2.2
337
203	Boston University	Pat	2	1–1
0–0	104.5
177	109.3
224	.3728
203	53.0
83	44.6
36	18.5
225	13.5
264	27.0
190	28.2
157	30.5
199	38.0
237	44.4
273	44.1
50	41.8
24	30.2
92	46.6
39	43.8
275	65.7
235	-0.9
257
204	Radford	BSth	2	1–1
0–0	100.3
229	105.0
174	.3714
204	39.0
324	48.4
119	13.3
61	17.3
124	43.0
4	41.6
324	33.1
156	21.6
33	43.8
282	54.7
266	18.4
331	26.0
35	29.9
291	40.0
216	63.5
297	-0.6
127
205	Rhode Island	A10	3	1–2
1–1	89.6
312	94.1
37	.3642
205	42.7
297	45.3
47	18.4
220	13.4
267	22.4
271	24.8
89	53.0
10	28.5
105	47.9
209	47.1
109	22.8
315	28.6
58	37.7
158	43.0
267	67.4
171	-1.5
296
206	San Diego	WCC	2	1–1
0–0	93.1
296	97.8
77	.3624
206	43.6
286	48.2
109	18.2
215	25.5
8	27.1
187	40.8
323	33.6
151	51.8
323	39.0
316	51.4
200	34.9
134	28.6
58	34.4
220	37.5
178	73.4
22	-0.6
138
207	Cal St. Northridge	BW	3	1–2
0–1	99.3
242	104.4
166	.3596
207	49.7
184	48.0
101	16.6
165	17.9
95	27.6
173	28.8
175	27.1
235	49.7
317	50.7
142	45.5
75	31.3
210	34.2
178	25.0
327	42.9
264	72.7
30	-1.6
304
208	Cal Poly	BW	2	0–2
0–2	119.6
32	126.2
327	.3514
208	55.8
41	55.8
290	11.3
16	12.1
300	23.8
252	36.5
305	33.0
160	38.0
237	49.3
173	53.6
244	45.9
7	40.5
282	33.0
249	30.6
51	67.0
188	-1.2
287
209	Bowling Green	MAC	4	2–2
1–0	102.4
210	108.1
210	.3514
209	47.8
226	51.8
207	17.1
182	17.1
135	31.2
109	22.4
52	31.2
190	24.6
63	49.0
178	47.9
120	30.5
224	39.0
267	35.5
196	36.0
154	67.4
171	-0.7
165
210	William & Mary	CAA	2	1–1
0–0	103.6
194	109.3
225	.3512
210	47.2
239	43.4
28	11.8
25	10.3
319	31.7
99	29.9
202	24.2
265	26.4
89	44.3
276	46.4
97	33.3
165	24.3
17	50.8
16	30.6
51	65.8
232	-0.8
180
211	Charleston Southern	BSth	1	0–1
0–0	84.7
327	89.4
9	.3492
211	40.0
320	42.5
21	21.4
305	7.6
336	27.5
174	17.1
11	32.7
169	21.7
36	37.1
327	42.9
34	30.0
234	28.0
50	36.4
179	41.7
248	64.7
267	-0.9
207
212	Tennessee St.	OVC	2	1–1
0–0	93.9
288	99.2
93	.3465
212	44.7
279	46.3
60	20.0
283	26.5
4	30.1
125	37.0
311	39.5
78	38.9
252	44.4
273	53.8
248	30.3
229	23.3
10	28.9
304	39.8
209	70.7
70	-0.9
234
213	Northern Illinois	MAC	1	1–0
1–0	98.9
245	104.7
172	.3420
213	53.4
75	50.0
158	20.7
296	17.9
95	36.1
39	13.2
3	39.0
80	25.9
85	56.3
42	37.9
9	33.3
165	41.4
293	45.8
45	50.0
325	71.0
66	+0.04
59
214	Texas Southern	SWAC	5	3–2
1–0	104.8
172	111.1
249	.3404
214	50.2
172	46.9
75	17.9
207	17.0
137	33.7
67	33.5
265	33.0
160	42.1
276	51.1
129	48.1
126	32.5
193	29.7
83	38.8
137	34.8
123	68.6
129	-0.8
196
215	New Mexico St.	CUSA	2	1–1
1–0	106.0
156	112.3
259	.3395
215	51.1
144	52.8
228	14.2
91	9.2
331	31.9
97	21.4
38	19.8
310	35.0
204	50.0
153	55.4
279	35.6
123	32.7
147	34.4
220	39.8
209	65.5
245	-0.8
169
216	Arizona St.	P12	3	0–3
0–2	98.3
253	104.2
163	.3385
216	42.2
304	60.1
316	15.9
147	21.8
33	25.0
227	24.7
87	36.7
109	45.0
293	47.7
211	46.8
103	21.1
322	50.0
326	34.3
228	47.0
311	67.5
167	-1.5
297
217	Idaho St.	BSky	3	2–1
0–0	100.4
228	106.7
191	.3330
217	48.1
218	55.8
290	13.7
74	17.3
124	31.4
106	20.7
30	26.7
239	21.5
31	48.0
206	55.8
287	32.1
198	37.3
242	29.4
296	36.2
156	65.0
258	-0.7
150
218	SIU Edwardsville	OVC	2	1–1
0–0	97.9
259	104.2
162	.3302
218	45.2
272	49.6
149	21.0
301	16.5
155	32.9
79	28.8
175	28.9
218	28.7
109	46.1
251	54.5
263	28.9
252	28.6
58	33.3
240	42.6
258	68.8
125	-0.8
166
219	North Dakota	Sum	1	0–1
0–0	105.4
166	112.4
263	.3233
219	56.4
35	53.3
234	18.2
215	13.7
257	25.9
210	28.6
169	21.8
286	25.0
68	61.3
9	57.8
309	33.3
165	26.7
38	43.6
65	25.0
16	66.1
219	-0.9
253
220	Weber St.	BSky	1	0–1
0–0	115.9
55	123.6
321	.3227
220	57.1
23	67.0
336	19.3
258	19.3
63	33.3
71	27.3
131	20.6
303	32.1
165	56.8
33	62.1
328	38.5
69	48.1
322	41.3
95	48.2
317	71.3
55	-0.9
227
221	Mississippi	SEC	2	0–2
0–1	100.7
224	107.5
202	.3187
221	47.8
226	50.4
167	15.2
123	15.2
204	19.2
307	49.4
339	31.9
182	40.3
261	52.6
96	46.3
94	28.8
253	38.3
259	50.9
15	36.4
162	70.6
74	-1.1
278
222	Southern Illinois	MVC	1	0–1
0–0	107.5
141	114.8
278	.3178
222	47.1
242	54.3
260	9.0
6	12.9
285	23.3
258	23.1
62	36.2
116	23.2
50	38.2
320	55.1
273	37.1
91	35.0
190	50.7
20	29.0
33	61.6
322	-0.9
210
223	Abilene Christian	WAC	5	2–3
1–1	98.4
250	105.2
179	.3178
223	49.6
186	49.0
132	20.8
298	16.9
142	24.8
235	29.4
190	34.4
143	32.5
171	50.8
138	50.3
179	31.3
210	30.9
105	31.7
270	32.5
78	67.1
185	-1.6
308
224	UMKC	Sum	1	0–1
0–0	83.7
328	89.5
10	.3162
224	38.7
326	46.4
63	15.0
118	16.5
155	31.8
98	22.2
47	30.6
196	26.8
96	36.4
329	51.9
210	27.6
276	27.6
44	46.8
38	51.8
333	63.8
292	-0.9
256
225	Louisiana	SB	2	1–1
0–0	99.6
240	106.5
188	.3160
225	50.0
174	50.0
158	15.7
137	19.2
67	22.9
264	41.7
325	28.8
219	25.8
83	55.4
57	53.5
242	27.3
279	28.6
58	37.3
163	32.8
84	69.1
116	-0.8
167
Rk	Team	Conf	G	Rec	AdjOE	AdjDE	Barthag	Efg%	EfgD%	TOR	TORD	ORB	DRB	FTR	FTRD	2P%	2P%D	3P%	3P%D	3PR	3PRD	Adj T.	WAB
226	Purdue Fort Wayne	Horz	2	1–1
0–0	98.3
254	105.1
176	.3153
226	50.4
163	54.5
263	18.8
236	18.1
92	22.2
273	18.6
18	16.1
326	30.6
145	47.9
209	60.3
322	35.8
114	28.9
70	42.7
74	34.2
113	72.2
37	-0.7
142
227	Oral Roberts	Sum	2	1–1
0–0	103.9
189	111.2
254	.3144
227	50.8
152	55.8
290	11.8
25	12.6
291	23.9
250	17.2
12	21.2
293	33.0
184	47.4
222	52.5
222	36.1
110	40.5
282	51.7
10	40.8
236	62.8
305	-0.8
170
228	Texas A&M Corpus Chris	Slnd	3	1–2
1–0	89.9
308	96.2
57	.3133
228	41.5
309	47.6
87	17.9
207	22.9
18	30.8
115	26.4
111	37.0
106	47.0
303	44.5
272	50.9
193	24.3
304	27.6
44	37.0
169	35.4
136	70.7
70	-0.9
239
229	California	P12	2	0–2
0–1	95.5
279	102.2
136	.3130
229	44.3
283	51.6
199	19.9
278	17.3
124	28.2
164	35.9
296	21.4
290	46.4
300	40.8
310	50.6
186	32.7
187	35.4
204	42.0
86	38.4
189	68.9
123	-1.3
292
230	Cal St. Fullerton	BW	2	0–2
0–2	105.5
163	113.2
272	.3072
230	53.1
80	51.6
199	14.1
87	12.6
291	16.2
329	33.8
270	36.8
107	44.3
288	56.2
44	55.3
277	31.7
201	30.4
97	36.0
188	37.7
180	71.1
63	-1.6
307
231	Massachusetts	A10	2	1–1
1–0	105.5
162	113.2
274	.3065
231	45.3
271	47.2
79	13.0
52	16.2
169	29.0
140	39.4
318	40.6
74	45.0
293	42.9
294	50.0
166	32.6
189	28.9
70	40.6
107	41.3
241	62.1
314	-0.6
125
232	Georgia Tech	ACC	2	0–2
0–1	116.6
48	125.2
323	.3061
232	49.5
189	63.9
330	14.9
113	14.9
215	26.2
201	21.2
33	32.1
179	21.3
27	59.0
17	55.9
290	25.0
300	49.0
325	44.0
62	45.4
292	69.3
111	-1.2
286
233	UNC Wilmington	CAA	1	0–1
0–0	100.6
225	108.1
212	.3030
233	41.5
309	54.8
272	13.2
57	26.4
5	25.0
227	36.0
297	32.1
179	61.9
335	50.0
153	51.9
210	19.0
329	40.0
276	39.6
126	35.7
147	66.0
224	-0.8
190
234	USC Upstate	BSth	1	0–1
0–0	87.6
318	94.6
41	.2922
234	47.2
239	34.3
4	17.9
207	13.4
267	18.9
312	44.7
332	35.2
128	35.8
217	56.3
42	39.2
12	22.7
316	12.5
1	40.7
106	23.9
12	71.4
54	-0.9
230
235	Rutgers	B10	3	0–3
0–2	88.6
316	95.8
50	.2915
235	39.0
324	53.8
244	19.3
258	22.2
27	24.6
238	29.8
198	33.1
156	39.6
258	38.4
319	48.0
124	26.7
286	42.4
298	34.9
209	37.1
174	71.2
59	-1.5
302
236	Jacksonville St.	CUSA	2	0–2
0–1	108.6
127	117.5
297	.2894
236	50.9
146	63.2
327	24.1
329	17.3
124	42.3
6	24.5
84	38.4
85	29.2
114	46.2
250	52.1
216	41.2
31	57.1
335	30.4
284	33.0
87	64.9
263	-1.6
306
237	Rider	MAAC	2	1–1
1–0	83.2
330	90.2
17	.2848
237	34.9
334	32.4
1	19.0
243	23.5
13	32.9
79	38.2
315	51.9
12	49.5
315	37.8
326	30.9
2	18.8
330	25.0
22	30.2
287	22.9
6	69.6
100	-0.8
201
238	Niagara	MAAC	4	2–2
1–1	104.2
181	113.2
273	.2779
238	53.6
70	51.3
191	19.0
243	19.4
61	21.6
285	24.5
84	33.2
154	32.7
179	55.9
49	49.3
153	33.3
165	37.5
243	38.9
135	28.6
28	63.9
289	-1.7
313
239	Marist	MAAC	4	2–2
1–1	94.7
286	102.9
147	.2767
239	50.0
174	48.6
126	19.0
243	16.3
167	19.3
306	24.4
82	36.0
119	31.8
159	48.0
206	50.7
189	35.7
119	29.7
83	35.5
196	34.6
120	63.4
300	-1.5
303
240	UTSA	Amer	2	0–2
0–1	102.9
202	112.3
260	.2696
240	44.6
280	49.2
137	12.3
39	8.0
334	28.8
147	19.2
22	42.5
55	25.4
74	44.3
276	42.2
29	30.0
234	41.9
295	41.7
91	34.1
112	69.6
100	-1.8
317
241	Canisius	MAAC	4	2–2
1–1	93.6
293	102.1
132	.2683
241	47.6
233	52.3
220	19.3
258	17.5
115	35.7
47	22.0
43	16.9
321	21.3
27	52.4
100	50.3
179	25.8
294	37.8
248	34.9
209	31.5
67	66.1
219	-1.5
300
242	Portland St.	BSky	1	0–1
0–0	100.5
227	109.8
238	.2648
242	45.5
268	59.1
313	17.0
179	14.4
226	38.1
21	12.9
2	43.9
47	54.5
327	42.9
294	67.9
337	35.3
128	33.3
153	25.8
324	49.1
323	78.2
3	-0.8
203
243	Troy	SB	1	0–1
0–0	103.0
201	112.6
266	.2642
243	56.1
38	63.3
328	27.5
338	29.0
1	34.4
60	18.2
16	44.9
42	44.4
289	46.7
241	58.1
314	47.4
5	50.0
326	38.8
137	31.1
56	70.2
86	-0.9
221
244	LIU	NEC	1	0–1
0–0	96.2
273	105.2
178	.2632
244	43.0
293	49.1
133	24.4
330	21.7
35	35.9
44	21.2
33	20.3
308	40.7
267	42.6
299	44.8
61	30.0
234	36.0
212	15.6
339	46.3
306	74.2
15	-0.8
195
245	Gardner Webb	BSth	2	1–1
0–0	89.8
309	98.2
82	.2615
245	47.4
236	49.6
149	21.4
305	15.2
204	25.7
217	20.3
28	31.0
192	26.0
87	44.7
267	50.0
166	35.0
132	32.6
146	34.5
219	35.0
128	67.9
148	-0.8
181
246	Middle Tennessee	CUSA	3	1–2
0–1	98.8
247	108.2
213	.2605
246	43.0
293	51.6
199	17.5
195	14.1
239	18.6
319	31.0
227	42.1
59	25.4
74	38.7
318	46.1
88	32.4
194	44.2
311	43.3
67	26.9
21	69.4
109	-1.0
275
247	Lamar	Slnd	3	2–1
1–0	100.2
232	109.7
233	.2604
247	49.1
199	47.3
82	17.8
200	16.2
169	36.6
32	33.7
267	34.3
146	38.6
248	52.5
97	52.5
222	29.2
246	22.9
9	39.2
131	28.9
32	62.1
314	-0.49
109
248	Delaware St.	MEAC	4	2–2
0–1	94.8
285	103.9
157	.2570
248	43.2
291	43.1
26	21.5
307	26.4
5	42.5
5	41.8
326	50.2
17	40.3
261	43.1
293	42.2
29	28.8
253	29.5
80	23.7
331	40.7
233	66.2
215	-1.8
315
249	Denver	Sum	3	2–1
0–0	91.1
304	100.0
103	.2556
249	46.3
253	45.6
50	12.6
47	15.5
192	20.3
302	24.6
86	22.5
276	38.2
241	46.7
241	45.7
80	30.5
224	30.3
94	50.8
16	44.7
289	69.1
116	-0.6
133
250	North Alabama	ASun	1	0–1
0–0	105.5
160	116.3
289	.2467
250	50.9
146	54.9
275	7.9
4	12.6
291	21.9
281	22.2
47	40.7
73	47.1
304	47.6
215	53.7
247	41.7
25	40.0
276	22.2
333	19.6
2	66.4
208	-0.9
216
Rk	Team	Conf	G	Rec	AdjOE	AdjDE	Barthag	Efg%	EfgD%	TOR	TORD	ORB	DRB	FTR	FTRD	2P%	2P%D	3P%	3P%D	3PR	3PRD	Adj T.	WAB
251	Nebraska Omaha	Sum	2	1–1
0–0	93.7
290	103.3
149	.2458
251	49.1
199	50.8
174	16.3
155	14.8
216	26.1
206	22.9
59	34.8
137	24.6
63	54.8
69	51.6
204	25.6
297	33.3
153	34.8
212	45.8
301	66.6
199	-0.8
202
252	Bethune Cookman	SWAC	3	2–1
1–0	91.5
302	100.9
116	.2449
252	44.8
274	43.7
33	18.7
234	22.1
30	26.2
201	26.9
124	38.0
93	47.2
306	41.9
303	44.8
61	34.8
137	27.8
47	28.2
309	34.0
111	67.3
174	-0.8
185
253	Howard
   16 seed, R68	MEAC	5	3–2
0–1	103.9
188	114.9
280	.2405
253	48.8
206	52.1
213	19.3
258	14.2
237	34.4
60	26.7
118	52.5
11	34.3
196	45.3
263	50.5
182	35.8
114	38.2
258	42.4
80	24.3
14	67.2
181	-0.7
151
254	Maryland Eastern Shore	MEAC	2	1–1
1–0	103.5
197	114.7
277	.2356
254	51.7
121	48.6
126	19.2
256	22.9
18	40.6
10	37.5
312	37.4
99	57.1
331	57.5
25	41.7
24	25.7
296	42.4
298	30.4
284	31.4
64	67.7
159	-0.9
235
255	Miami OH	MAC	2	0–2
0–1	89.7
310	99.7
98	.2296
255	46.1
256	47.3
82	20.3
289	17.5
115	23.7
255	32.5
252	23.3
273	24.4
61	44.3
276	53.0
231	32.6
189	25.0
22	39.7
123	36.6
165	72.4
34	-1.7
312
256	Eastern Michigan	MAC	1	0–1
0–1	90.9
306	101.1
120	.2289
256	38.6
327	36.0
5	8.6
5	14.3
229	20.5
299	46.3
335	25.8
250	25.3
72	40.9
309	34.1
3	22.7
316	25.8
32	33.3
240	41.3
241	64.4
278	-0.9
218
257	Lehigh	Pat	3	2–1
0–0	98.9
244	110.0
241	.2284
257	51.4
134	53.8
244	16.1
150	17.9
95	19.0
309	22.6
55	27.4
231	30.1
135	45.9
253	55.1
273	39.0
63	34.7
187	44.0
62	43.4
272	69.6
100	-0.6
128
258	Stetson
   16 seed, R64	ASun	2	2–0
0–0	123.0
17	137.5
336	.2175
258	66.5
1	53.3
234	11.0
13	11.8
304	22.6
268	44.6
331	68.0
1	48.4
311	54.2
80	56.0
293	56.1
1	31.6
123	41.0
102	31.1
56	70.6
74	+0.07
56
259	Central Michigan	MAC	2	1–1
1–0	91.0
305	102.2
135	.2089
259	39.6
321	40.5
11	12.9
50	11.4
311	33.3
71	32.1
244	18.7
314	28.6
107	36.7
328	39.3
13	29.1
250	28.6
58	41.0
102	33.3
96	62.9
302	-0.9
228
260	Kansas
   4 seed, R32	B12	2	0–2
0–1	85.8
324	96.4
59	.2086
260	36.4
333	48.2
109	21.9
313	14.6
222	20.5
299	34.9
287	28.0
224	14.6
4	45.5
259	43.9
48	14.6
338	36.4
222	38.3
145	40.1
221	70.7
70	-0.6
123
261	Cal St. Bakersfield	BW	2	0–2
0–1	103.5
196	116.3
290	.2068
261	52.6
93	58.1
309	18.9
239	14.3
229	29.0
140	20.8
32	19.1
313	54.5
327	48.9
180	50.9
193	44.0
14	45.2
315	21.7
334	42.4
257	67.4
171	-1.7
311
262	Portland	WCC	2	1–1
0–0	105.5
161	119.2
305	.1971
262	51.4
134	57.9
307	16.0
148	11.8
304	28.4
156	24.1
75	22.4
277	9.6
1	38.0
323	56.5
299	42.1
19	40.0
276	53.3
5	39.5
206	60.8
332	-0.48
106
263	Western Michigan	MAC	2	1–1
1–0	103.2
199	116.7
292	.1970
263	47.8
226	52.2
219	19.0
243	8.5
332	32.9
79	29.1
181	47.0
29	21.7
36	51.5
119	51.7
207	28.6
256	35.3
201	42.6
75	37.0
171	72.1
40	-0.7
148
264	Merrimack	NEC	3	2–1
0–0	87.6
319	99.0
92	.1956
264	45.6
265	43.5
29	18.6
230	22.2
27	19.0
309	32.3
248	23.8
269	24.1
57	47.2
229	46.2
90	29.5
239	24.4
18	55.0
2	27.8
24	65.6
238	-0.9
246
265	Fresno St.	MWC	4	1–3
0–2	96.8
265	109.5
227	.1949
265	44.8
274	52.1
213	18.3
218	12.6
291	21.0
293	33.3
259	33.8
150	31.0
150	43.7
285	50.0
166	31.0
216	36.8
231	39.2
131	41.1
238	66.3
210	-1.6
305
266	UC Santa Barbara	BW	3	1–2
1–1	101.4
216	114.9
279	.1931
266	53.5
71	52.1
213	21.6
308	16.1
171	20.4
301	36.2
299	45.9
34	32.6
178	50.5
149	48.0
124	39.3
59	39.7
274	35.7
193	35.2
132	66.8
194	-1.7
309
267	Mississippi Valley St.	SWAC	2	0–2
0–2	102.7
204	116.5
291	.1905
267	59.7
8	53.5
238	17.1
182	17.9
95	22.0
278	49.1
338	41.9
62	24.3
59	48.2
201	53.2
239	51.4
4	36.1
215	39.8
121	31.3
60	61.3
326	-1.8
319
268	Austin Peay	ASun	3	1–2
0–0	106.7
149	121.3
312	.1869
268	47.8
226	55.6
288	12.3
39	14.7
217	28.4
156	30.0
211	39.5
78	54.3
326	52.4
100	54.1
256	25.4
298	40.0
276	31.9
267	24.7
15	69.8
98	-0.8
188
269	Loyola Marymount	WCC	1	0–1
0–0	114.8
62	130.6
331	.1861
269	53.3
77	61.5
323	10.2
10	15.3
200	31.3
107	36.7
306	8.2
339	34.6
199	55.0
62	47.8
118	33.3
165	48.3
323	34.4
220	55.8
336	58.8
337	-0.9
252
270	Winthrop	BSth	1	0–1
0–0	96.6
268	109.9
239	.1853
270	52.0
108	45.7
51	23.0
322	11.5
308	20.7
296	33.3
259	14.3
332	31.0
150	52.2
106	41.0
19	34.6
140	36.8
231	53.1
7	32.8
84	61.6
322	-0.9
212
271	Northeastern	CAA	1	0–1
0–0	96.7
266	110.1
242	.1850
271	40.8
316	50.9
177	13.4
64	16.4
163	38.3
20	22.6
55	32.3
174	40.7
267	38.1
321	41.2
20	30.4
226	45.0
313	35.4
202	37.0
171	67.3
174	-0.8
199
272	UT Rio Grande Valley	WAC	2	0–2
0–2	92.3
299	105.3
180	.1812
272	49.1
199	54.7
270	18.4
220	18.4
87	12.9
338	23.2
67	31.8
184	24.6
63	50.0
153	59.2
319	31.0
216	31.9
132	27.1
316	39.8
209	68.3
137	-1.9
330
273	New Orleans	Slnd	3	1–2
0–1	96.2
272	110.2
244	.1739
273	43.7
285	48.8
128	21.0
301	19.5
59	33.3
71	36.8
309	44.3
45	36.0
221	47.4
222	48.4
131	25.4
298	33.3
153	39.9
119	27.9
25	68.1
145	-1.7
310
274	North Carolina Central	MEAC	3	2–1
1–0	106.5
151	122.2
319	.1701
274	50.9
146	49.4
144	21.6
308	19.2
67	39.0
15	42.0
328	44.0
46	35.2
211	47.2
229	50.0
166	38.3
77	32.2
136	35.7
193	33.0
87	67.1
185	-0.9
236
275	Cal Baptist	WAC	4	1–3
0–2	94.8
283	109.3
226	.1626
275	41.4
312	52.6
225	21.9
313	15.4
195	33.8
65	27.3
131	32.3
174	21.6
33	39.2
315	53.0
231	30.6
219	34.6
185	32.7
256	34.9
126	62.3
313	-2.0
334
Rk	Team	Conf	G	Rec	AdjOE	AdjDE	Barthag	Efg%	EfgD%	TOR	TORD	ORB	DRB	FTR	FTRD	2P%	2P%D	3P%	3P%D	3PR	3PRD	Adj T.	WAB
276	UNC Asheville	BSth	3	2–1
0–0	93.6
292	108.3
216	.1570
276	47.2
239	49.7
152	12.9
50	20.5
48	17.9
321	29.9
202	27.7
228	36.0
221	50.0
153	49.6
157	28.8
253	33.3
153	41.2
98	33.1
91	66.9
190	-0.7
154
277	Utah Tech	WAC	2	1–1
1–1	98.3
255	114.0
276	.1538
277	51.4
134	51.4
193	23.3
327	19.3
63	27.9
169	23.1
62	46.8
30	55.1
330	52.0
112	50.0
166	33.3
165	35.9
211	32.4
262	36.4
162	72.3
35	-0.7
163
278	UC San Diego	BW	2	1–1
1–1	115.7
57	134.3
333	.1534
278	55.9
39	57.9
307	17.2
186	10.2
320	36.1
39	22.8
58	35.1
133	36.1
224	54.3
76	56.1
294	39.0
63	40.5
282	36.9
172	38.9
197	65.1
253	-0.9
233
279	Saint Francis	NEC	1	0–1
0–0	106.9
147	124.0
322	.1533
279	57.0
26	57.3
302	22.3
317	12.0
301	32.1
93	23.1
62	18.0
318	41.7
274	50.0
153	53.1
234	45.0
9	43.8
310	40.0
115	33.3
96	59.1
335	-0.9
225
280	Columbia	Ivy	1	0–1
0–1	105.4
167	122.5
320	.1497
280	51.6
126	65.2
333	17.6
196	13.5
264	25.0
227	32.3
248	29.5
211	15.9
9	52.5
97	66.7
335	33.3
165	42.4
298	34.4
220	47.8
315	69.7
99	-0.8
197
281	Ball St.	MAC	1	0–1
0–1	96.5
269	112.3
262	.1480
281	49.1
199	54.2
257	20.6
295	19.2
67	21.9
281	28.6
169	42.6
53	30.0
130	54.3
76	50.0
166	26.3
291	40.9
286	35.2
205	36.7
167	72.6
31	-0.9
204
282	The Citadel	SC	1	0–1
0–0	104.2
180	121.5
314	.1461
282	50.0
174	64.2
331	14.2
91	12.7
289	27.5
174	23.1
62	36.5
112	49.1
314	52.2
106	57.9
310	29.4
241	53.3
333	27.0
317	28.3
27	72.3
35	-0.9
231
283	Northern Colorado	BSky	1	0–1
0–0	101.7
214	118.7
303	.1447
283	52.4
97	51.6
199	16.7
168	13.9
247	29.0
140	32.3
248	20.6
303	32.3
168	51.2
125	52.3
219	36.4
103	33.3
153	34.9
209	29.0
33	76.0
8	-0.9
244
284	Alabama St.	SWAC	3	1–2
1–1	94.0
287	109.8
236	.1435
284	41.2
313	50.9
177	14.9
113	22.3
26	32.1
93	28.9
177	22.2
281	35.4
214	38.0
323	41.7
24	30.2
231	43.5
308	44.3
60	39.2
200	63.6
294	-1.8
324
285	Iona	MAAC	4	2–2
1–1	96.3
270	112.7
268	.1410
285	50.7
156	51.4
193	14.6
106	19.8
55	24.1
246	28.3
160	18.5
316	22.3
43	50.8
138	54.2
257	33.7
162	31.3
117	44.1
61	37.9
183	61.5
324	-1.8
318
286	South Carolina St.	MEAC	2	0–2
0–1	94.9
280	111.1
251	.1403
286	42.9
296	51.5
196	25.7
333	22.8
21	38.0
22	40.0
321	33.6
151	67.7
338	32.8
336	52.9
228	36.5
101	32.3
139	46.0
43	31.3
60	67.8
154	-1.8
323
287	Southern Utah	WAC	2	1–1
1–1	93.2
295	109.3
223	.1376
287	45.8
262	55.0
277	17.9
207	19.3
63	25.9
210	21.3
36	26.7
239	31.8
159	47.2
229	55.0
272	29.2
246	36.7
230	40.0
115	27.3
23	67.3
174	-0.7
163
288	FIU	CUSA	4	1–3
0–2	98.6
249	115.7
285	.1368
288	51.5
131	54.5
263	17.0
179	20.9
43	18.8
313	40.5
322	32.7
169	27.5
101	51.5
119	52.4
221	34.4
146	39.5
273	42.5
77	31.1
56	71.1
63	-2.3
338
289	Illinois St.	MVC	1	0–1
0–0	89.3
313	105.2
177	.1331
289	42.7
297	38.1
6	20.3
289	10.2
320	29.4
136	35.0
289	37.5
97	30.5
142	48.1
203	42.9
34	23.8
307	22.6
6	43.8
64	52.5
334	58.2
339	-0.9
232
290	Southern	SWAC	3	1–2
1–1	95.6
275	112.6
265	.1323
290	46.4
250	47.1
77	27.4
337	16.9
142	35.1
52	30.2
216	47.1
27	41.9
275	45.5
259	46.2
90	31.7
201	32.7
147	45.0
53	31.6
68	61.8
318	-1.8
322
291	Penn	Ivy	1	0–1
0–1	121.6
25	143.7
339	.1275
291	60.0
7	71.8
339	5.9
1	4.4
339	6.9
339	28.6
169	47.3
25	30.6
145	77.1
1	54.3
259	20.0
326	63.0
337	36.4
179	43.5
273	70.1
89	-0.8
182
292	UNC Greensboro	SC	1	0–1
0–0	97.5
262	115.5
283	.1254
292	45.8
262	53.3
234	23.1
324	21.6
36	36.8
30	48.6
337	15.0
328	30.0
130	51.5
119	38.9
11	25.9
293	50.0
326	45.0
53	40.0
216	65.5
245	-0.9
213
293	Mount St. Mary's	MAAC	2	0–2
0–1	102.6
208	121.6
315	.1245
293	62.4
2	58.3
310	25.0
331	15.3
200	25.0
227	31.1
230	18.6
315	22.8
46	52.2
106	62.7
329	52.3
3	34.6
185	38.9
135	40.9
237	71.7
47	-1.9
326
294	Arkansas Pine Bluff	SWAC	2	0–2
0–2	113.3
79	134.3
334	.1241
294	56.6
32	56.8
300	13.0
52	13.0
282	26.7
194	44.1
330	32.8
167	38.3
243	51.6
117	58.1
314	40.9
33	36.2
218	51.6
11	35.3
135	73.2
25	-1.8
319
295	Houston Christian	Slnd	1	0–1
0–1	98.0
258	116.2
288	.1236
295	43.5
287	54.8
272	19.0
243	13.2
276	35.9
44	34.3
279	30.6
196	22.2
42	47.7
211	55.8
287	22.2
319	35.0
190	29.0
303	31.7
70	67.6
163	-0.9
209
296	Sacred Heart	NEC	1	0–1
0–0	93.8
289	112.4
264	.1115
296	46.9
244	50.9
177	18.4
220	16.8
145	29.0
140	30.6
218	34.7
138	15.8
8	47.2
229	47.2
112	30.8
218	38.1
254	26.5
320	36.8
169	65.6
238	-1.0
269
297	Northern Arizona	BSky	1	0–1
0–0	90.7
307	108.7
219	.1108
297	52.8
88	47.6
87	18.8
236	10.9
316	17.2
326	31.7
239	13.2
336	25.4
74	52.8
90	50.0
166	35.3
128	28.6
58	32.1
264	33.3
96	67.6
163	-0.9
244
298	Morgan St.	MEAC	2	1–1
1–0	89.6
311	107.7
206	.1078
298	50.4
163	42.2
18	17.1
182	15.1
210	19.0
309	29.9
202	35.1
133	35.9
220	55.8
52	37.5
8	15.8
335	35.0
190	16.7
338	31.3
60	73.5
20	-0.9
247
299	South Alabama	SB	1	0–1
0–0	86.1
321	103.5
152	.1072
299	36.7
332	55.1
280	10.6
11	27.8
2	22.9
264	36.4
302	48.4
22	25.4
74	34.8
334	54.3
259	27.8
274	37.5
243	28.1
310	40.7
233	73.9
18	-0.9
250
300	Northwestern St.	Slnd	2	0–2
0–1	91.2
303	109.7
234	.1064
300	41.0
314	42.3
19	17.6
196	13.7
257	38.9
17	31.6
238	36.0
119	54.6
329	41.7
306	46.3
94	25.0
300	24.0
13	17.3
337	38.5
190	65.9
225	-1.9
333
Rk	Team	Conf	G	Rec	AdjOE	AdjDE	Barthag	Efg%	EfgD%	TOR	TORD	ORB	DRB	FTR	FTRD	2P%	2P%D	3P%	3P%D	3PR	3PRD	Adj T.	WAB
301	Youngstown St.	Horz	1	0–1
0–0	98.3
256	118.3
301	.1055
301	48.4
213	55.0
277	15.8
139	11.5
308	25.7
217	34.3
279	24.6
263	45.0
293	73.3
2	47.7
117	16.1
334	50.0
326	50.8
16	26.7
20	69.6
100	-0.9
254
302	Holy Cross	Pat	1	0–1
0–0	103.7
193	125.3
325	.1019
302	54.8
55	64.7
332	18.5
225	9.3
327	13.8
334	12.0
1	21.2
293	43.1
284	64.3
6	61.8
327	29.2
246	47.1
320	46.2
41	33.3
96	66.2
215	-0.8
168
303	Binghamton	AE	1	0–1
0–0	99.7
237	120.5
311	.1014
303	55.7
43	53.7
242	22.7
319	13.6
260	14.8
333	23.3
68	54.5
7	38.9
252	58.6
18	46.7
101	33.3
165	41.7
294	34.1
233	44.4
284	62.6
310	-0.9
229
304	Siena	MAAC	3	0–3
0–2	92.9
297	112.3
261	.1012
304	46.8
246	53.9
248	20.1
285	15.7
183	27.2
185	27.8
145	25.2
257	32.9
183	47.5
218	62.7
329	30.4
226	29.2
73	36.1
186	46.5
308	61.8
318	-2.8
339
305	Green Bay	Horz	1	0–1
0–0	98.7
248	119.6
307	.0996
305	48.5
211	55.7
289	12.6
47	10.1
322	23.8
252	21.9
42	36.8
107	57.4
332	56.8
33	59.6
320	25.8
294	28.6
58	45.6
46	23.0
7	76.6
5	-1.0
262
306	North Dakota St.	Sum	1	0–1
0–0	99.0
243	120.1
309	.0978
306	59.1
10	61.8
324	22.7
319	19.2
67	25.0
227	30.8
221	20.5
305	21.6
33	56.0
46	51.7
207	42.1
19	50.0
326	43.2
69	43.1
269	61.4
325	-0.8
189
307	Western Illinois	OVC	2	1–1
0–0	84.8
326	102.9
146	.0969
307	37.0
330	46.6
68	23.0
322	13.7
257	41.8
7	29.9
202	38.2
90	17.4
13	40.5
311	46.6
100	20.5
325	31.0
110	35.8
190	22.0
5	68.5
133	-0.8
186
308	Alcorn St.	SWAC	3	2–1
2–0	106.7
148	129.6
330	.0967
308	54.1
62	52.9
230	16.9
177	12.6
291	35.2
50	25.5
103	41.5
65	42.9
280	53.0
89	51.5
202	37.5
87	36.6
227	32.7
256	41.8
251	67.3
174	-0.9
261
309	Wofford	SC	1	0–1
0–0	86.0
322	104.6
169	.0956
309	41.8
306	57.5
303	16.4
160	17.9
95	25.0
227	21.2
33	14.8
330	37.7
233	41.7
306	50.0
166	28.0
270	41.9
295	41.0
102	58.5
339	67.6
163	-0.8
194
310	Central Connecticut	NEC	2	1–1
0–0	98.2
257	120.1
310	.0902
310	48.1
218	50.0
158	12.5
45	15.8
179	24.2
242	31.7
239	34.0
148	31.7
157	51.6
117	46.3
94	28.6
256	37.8
248	39.6
126	35.6
143	64.2
282	-1.0
266
311	Eastern Washington	BSky	1	0–1
0–0	95.5
276	116.9
293	.0897
311	46.0
259	48.0
101	21.8
310	18.9
76	25.8
212	36.7
306	54.0
8	66.0
337	58.3
20	41.4
23	23.1
312	38.1
254	52.0
9	42.0
253	72.6
31	-1.0
263
312	Georgia St.	SB	1	0–1
0–0	104.8
173	128.7
329	.0859
312	50.8
152	55.1
280	15.7
137	12.8
286	28.6
150	35.7
295	34.4
143	23.2
50	38.1
321	42.5
32	52.6
2	48.3
323	31.1
275	42.0
253	67.3
174	-0.9
243
313	East Texas A&M	Slnd	3	2–1
1–0	86.9
320	106.8
193	.0850
313	40.6
317	47.1
77	13.6
71	19.1
73	27.0
190	34.5
283	45.5
38	32.8
181	44.1
281	45.0
66	23.7
308	36.8
231	40.6
107	20.1
3	65.5
245	-0.9
206
314	Coastal Carolina	SB	1	0–1
0–0	95.5
278	117.6
298	.0837
314	42.5
301	55.5
285	23.1
324	11.5
308	40.5
11	27.8
145	31.7
185	21.9
40	52.5
97	62.9
331	15.0
337	31.0
110	33.3
240	45.3
290	68.3
137	-0.8
192
315	Florida A&M	SWAC	1	0–1
0–1	81.3
332	100.8
112	.0780
315	45.2
272	48.3
117	27.9
339	22.6
24	31.6
101	28.9
177	21.0
298	34.5
198	46.3
247	43.2
41	28.6
256	38.1
254	33.9
235	36.2
156	65.0
258	-1.0
273
316	Prairie View A&M	SWAC	1	0–1
0–1	101.1
220	125.6
326	.0761
316	50.0
174	56.1
295	19.3
258	23.2
16	25.7
217	45.7
334	32.3
174	31.8
159	51.2
125	44.4
54	31.6
203	46.7
319	30.6
280	45.5
295	77.5
4	-0.9
224
317	Southern Indiana	OVC	1	0–1
0–0	94.8
282	117.9
299	.0753
317	52.9
84	55.4
283	26.2
334	23.3
15	25.8
212	33.3
259	25.0
259	73.9
339	65.4
5	58.1
314	26.9
284	33.3
153	50.0
21	32.6
81	67.9
148	-0.9
260
318	Idaho	BSky	1	0–1
0–0	93.7
291	117.3
295	.0703
318	51.8
115	50.0
158	19.7
271	16.7
150	17.2
326	27.6
137	10.7
337	50.0
318	56.0
46	57.1
305	32.3
195	27.3
39	55.4
1	44.0
278	69.5
106	-1.0
263
319	Jackson St.	SWAC	3	2–1
2–0	101.6
215	127.3
328	.0700
319	46.4
250	57.5
303	15.8
139	20.9
43	48.2
2	33.7
267	29.5
211	35.2
211	48.4
194	49.4
154	28.4
261	44.6
312	34.7
216	46.5
308	65.0
258	-0.9
241
320	Buffalo	MAC	1	0–1
0–1	88.3
317	111.3
255	.0654
320	50.0
174	53.4
237	17.9
207	20.7
47	13.2
336	36.1
298	25.9
247	39.0
254	37.9
325	56.3
296	41.4
28	33.3
153	50.0
21	45.8
301	71.8
45	-1.0
272
321	South Dakota	Sum	1	0–1
0–0	94.8
284	119.6
306	.0649
321	49.1
199	54.2
257	14.0
82	9.3
327	15.2
331	25.0
92	25.9
247	25.4
74	43.3
289	51.5
202	37.5
87	38.5
263	44.4
56	44.1
281	64.3
280	-0.9
255
322	Navy	Pat	1	0–1
0–0	93.3
294	119.0
304	.0578
322	39.3
322	46.7
71	15.8
139	15.8
179	39.0
15	36.8
309	26.2
244	24.6
63	48.6
189	48.6
137	16.7
333	29.2
73	39.3
130	39.3
202	65.0
258	-0.9
238
323	Maine	AE	1	0–1
0–0	97.0
264	125.3
324	.0503
323	37.3
329	68.2
337	13.5
68	22.4
25	22.0
278	39.1
317	30.5
199	20.0
19	35.1
331	55.3
277	27.3
279	64.7
338	37.3
163	30.9
55	60.9
330	-0.8
174
324	Southern Miss	SB	1	0–1
0–0	88.9
315	115.0
281	.0489
324	44.4
282	48.2
109	21.8
310	21.8
33	23.7
255	45.5
333	35.2
128	48.2
310	47.4
222	49.0
149	25.0
300	28.6
58	29.6
293	12.5
1	70.1
89	-0.9
221
325	Campbell	CAA	1	0–1
0–0	103.8
191	134.8
335	.0469
325	53.5
71	61.2
321	19.9
278	13.8
253	17.9
321	46.7
336	65.1
2	13.4
2	50.0
153	67.4
336	38.1
80	33.3
153	48.8
28	35.8
151	65.1
253	-0.9
223
Rk	Team	Conf	G	Rec	AdjOE	AdjDE	Barthag	Efg%	EfgD%	TOR	TORD	ORB	DRB	FTR	FTRD	2P%	2P%D	3P%	3P%D	3PR	3PRD	Adj T.	WAB
326	Elon	CAA	1	0–1
0–0	75.7
335	98.6
86	.0461
326	39.3
322	40.7
13	19.8
275	18.3
91	32.6
85	25.0
92	37.5
97	15.3
6	44.8
266	42.9
34	22.2
319	23.5
11	48.2
31	28.8
30	63.5
297	-1.0
271
327	VMI	SC	1	0–1
0–0	89.2
314	117.3
295	.0414
327	50.9
146	60.5
320	27.0
336	14.7
217	18.8
313	20.0
26	32.1
179	51.6
322	58.5
19	50.0
166	20.0
326	55.0
334	26.8
319	32.3
75	82.1
1	-0.9
213
328	North Carolina A&T	CAA	1	0–1
0–0	92.1
300	121.3
313	.0403
328	41.7
307	49.2
137	9.1
7	6.1
337	28.6
150	32.6
254	16.7
322	34.8
201	48.9
180	48.5
135	15.8
335	33.3
153	28.8
305	50.0
325	67.7
159	-1.0
265
329	Hampton	CAA	2	1–1
0–0	75.7
336	101.1
121	.0342
329	34.1
335	47.8
98	15.5
131	18.4
87	24.1
246	29.3
187	21.1
296	35.1
209	36.0
330	48.5
135	20.8
324	31.3
117	39.0
133	42.1
255	67.9
148	-0.8
178
330	Incarnate Word	Slnd	1	0–1
0–1	74.9
337	100.3
104	.0338
330	31.8
336	43.8
34	23.2
326	17.7
108	26.2
201	31.8
242	49.1
21	29.2
114	32.5
337	41.9
26	20.0
326	31.8
129	27.3
314	33.8
106	72.2
37	-0.8
179
331	Eastern Illinois	OVC	1	0–1
0–0	82.3
331	110.5
247	.0325
331	41.0
314	50.0
158	19.9
278	21.4
37	32.5
88	36.4
302	16.4
323	26.8
96	45.2
264	51.4
200	21.1
322	31.6
123	31.1
275	33.9
109	66.1
219	-0.9
258
332	Lafayette	Pat	1	0–1
0–0	85.9
323	117.1
294	.0278
332	43.5
287	66.3
335	14.3
95	25.8
7	20.9
295	20.0
26	24.2
265	17.3
12	48.6
189	46.9
107	24.0
305	65.0
339	40.3
110	38.5
190	67.2
181	-1.0
267
333	Coppin St.	MEAC	2	0–2
0–1	80.7
333	111.1
250	.0248
333	37.6
328	53.1
233	20.9
299	18.7
83	28.0
167	34.9
287	29.9
207	39.8
259	34.9
332	57.1
305	29.4
241	27.6
44	29.1
302	25.7
19	68.5
133	-1.9
327
334	Valparaiso	MVC	1	0–1
0–0	77.7
334	111.2
252	.0159
334	31.3
337	60.3
318	13.0
52	14.3
229	35.0
54	14.7
5	21.3
291	27.0
98	34.0
335	65.7
333	18.2
332	35.7
208	41.3
95	44.4
284	73.1
26	-0.7
156
335	Fairleigh Dickinson	NEC	1	0–1
0–0	83.6
329	119.8
308	.0158
335	36.9
331	54.9
275	18.2
215	15.4
195	26.7
194	25.0
92	32.8
167	29.5
122	34.9
332	53.8
248	27.8
274	37.1
240	29.5
295	57.4
338	71.7
47	-0.9
242
336	Southeastern Louisiana	Slnd	2	0–2
0–1	85.1
325	122.1
317	.0155
336	42.6
300	52.0
211	23.8
328	13.4
267	31.2
109	35.2
291	36.1
118	32.8
181	41.8
304	55.6
281	29.3
244	32.2
136	38.0
154	48.4
318	65.9
225	-1.9
331
337	American	Pat	1	0–1
0–0	97.9
260	140.8
338	.0150
337	40.4
318	54.3
260	18.5
225	5.0
338	31.3
107	34.3
279	51.1
14	37.9
236	45.5
259	54.5
263	24.0
305	36.0
212	53.2
6	43.1
269	61.9
317	-1.0
268
338	Murray St.	MVC	1	0–1
0–0	65.3
338	99.6
95	.0077
338	22.8
339	51.1
187	13.6
71	18.7
83	28.6
150	22.2
47	28.1
223	31.9
162	27.0
339	55.6
281	10.0
339	30.0
88	35.1
206	42.6
258	58.6
338	-0.8
187
339	Pacific	WCC	1	0–1
0–0	58.0
339	137.5
337	.0000
339	29.5
338	65.4
334	21.8
310	15.0
212	17.8
323	41.9
327	30.4
201	36.9
231	27.3
338	69.6
338	21.7
321	36.8
231	41.1
101	29.2
39	73.3
24	-0.9
217