Rk	Team	Conf	G	Rec	AdjOE	AdjDE	Barthag	EFG%	EFGD%	TOR	TORD	ORB	DRB	FTR	FTRD	2P%	2P%D	3P%	3P%D	3PR	3PRD	Adj T.	WAB
1	Florida
   1 seed, CHAMPS	SEC	5	5–0
2–0	140.2
1	94.8
42	.9889
1	58.5
22	48.3
124	14.9
111	11.6
302	39.1
27	29.1
163	39.9
77	41.3
264	61.7
10	48.7
126	36.4
104	31.7
123	44.3
80	38.2
138	71.3
33	+3.7
1
2	Houston
   1 seed, Finals	B12	4	4–0
1–0	121.4
38	85.8
3	.9819
2	52.3
104	42.7
27	14.9
111	18.4
103	30.1
161	32.9
238	39.1
86	24.9
59	46.5
240	44.9
61	40.7
49	26.3
40	40.0
146	40.8
195	63.8
288	+2.5
2
3	Iowa St.
   3 seed, R32	B12	3	2–1
1–0	130.0
7	93.4
33	.9782
3	61.4
7	49.4
143	18.2
229	18.7
95	29.1
182	28.3
145	22.8
291	32.0
158	60.0
19	48.8
131	42.3
32	33.3
151	41.5
118	51.5
320	68.3
111	+0.8
23
4	Maryland
   4 seed, Sweet Sixteen	B10	4	3–1
2–0	121.2
40	87.2
6	.9778
4	48.6
188	45.9
56	12.3
39	22.8
21	29.6
170	34.5
270	38.1
99	23.6
47	42.6
294	47.5
97	40.0
55	28.6
75	34.4
244	34.1
90	69.7
62	+1.5
7
5	Penn St.	B10	1	1–0
1–0	125.0
18	91.5
21	.9732
5	66.4
1	43.5
34	17.7
213	12.2
289	14.8
331	27.3
118	34.5
137	24.6
56	55.6
58	39.5
8	57.9
1	32.3
139	34.5
243	44.9
266	73.2
14	+0.8
22
6	Alabama
   2 seed, Elite Eight	SEC	4	2–2
1–1	128.2
9	95.0
44	.9690
6	54.9
55	53.3
231	12.7
49	13.0
273	24.8
253	27.8
126	33.6
153	39.9
250	57.2
43	53.4
222	34.2
144	35.4
209	40.1
145	36.3
112	75.9
2	+1.2
11
7	Michigan St.
   2 seed, Elite Eight	B10	4	3–1
2–0	122.2
31	91.0
19	.9676
7	52.6
97	49.3
142	14.9
111	16.7
152	29.2
180	21.7
40	46.5
34	40.1
252	50.3
153	56.7
286	37.6
91	26.3
40	37.0
204	42.8
238	69.0
81	+1.4
9
8	Colorado St.
   12 seed, R32	MWC	4	4–0
1–0	124.7
19	92.9
29	.9675
8	60.2
16	44.4
42	16.2
158	14.6
220	21.7
286	31.8
215	51.3
15	37.8
227	54.0
86	54.2
237	46.2
10	23.5
25	40.8
130	51.8
321	64.9
242	+1.9
5
9	St. John's
   2 seed, R32	BE	4	4–0
1–0	115.2
73	85.9
4	.9667
9	50.7
137	46.7
81	13.9
74	20.7
47	34.2
76	27.8
126	21.9
301	29.4
125	51.7
132	51.9
187	32.0
183	27.2
58	27.0
318	46.5
285	71.2
34	+2.2
3
10	North Carolina
   11 seed, R64	ACC	5	3–2
0–1	121.5
37	90.8
16	.9664
10	52.2
108	46.9
86	14.3
89	15.8
179	27.0
218	25.1
82	33.8
150	32.5
163	47.1
224	50.5
161	39.8
58	27.3
59	40.7
134	37.7
136	69.8
60	+0.36
44
11	Arizona
   4 seed, Sweet Sixteen	B12	4	2–2
0–1	133.8
3	101.8
117	.9588
11	54.8
57	52.2
209	14.5
96	12.2
289	28.1
192	32.5
228	32.5
169	27.3
98	52.8
114	48.0
104	39.7
59	38.8
259	29.4
295	40.7
193	68.8
91	+1.1
15
12	Texas Tech
   3 seed, Elite Eight	B12	4	3–1
2–0	135.9
2	103.5
147	.9584
12	54.2
71	50.4
162	8.5
4	11.2
314	33.3
94	28.9
156	32.7
165	37.0
217	47.2
217	53.6
227	40.6
50	27.9
68	51.0
18	26.9
23	64.4
264	+1.1
16
13	Wake Forest	ACC	2	1–1
1–0	100.2
230	76.3
1	.9583
13	41.2
313	36.8
2	14.0
78	20.6
50	26.7
222	28.8
153	27.2
239	37.3
222	44.4
263	36.9
5	24.5
296	24.4
29	42.4
107	40.9
197	65.5
223	-0.27
88
14	Duke
   1 seed, Final Four	ACC	4	4–0
1–0	123.4
25	94.4
38	.9561
14	55.2
51	48.2
121	16.8
179	15.0
204	30.3
156	28.1
138	35.1
129	21.7
36	61.3
13	48.3
113	31.6
195	32.0
128	44.1
84	39.8
176	64.4
264	+2.2
4
15	Gonzaga
   8 seed, R32	WCC	2	2–0
0–0	113.3
82	86.9
5	.9552
15	44.8
263	46.9
86	8.0
2	23.2
17	25.0
245	29.0
160	31.0
189	25.4
68	52.1
125	50.7
165	15.6
330	26.8
51	25.4
328	36.0
111	71.5
30	+1.0
18
16	Baylor
   9 seed, R32	B12	3	1–2
0–1	127.5
12	98.1
66	.9533
16	47.2
215	47.4
102	10.5
12	12.8
277	36.7
43	33.0
241	25.0
261	27.5
100	48.2
199	45.2
64	30.3
218	33.3
151	36.7
212	45.6
273	62.4
318	+0.05
68
17	Tennessee
   2 seed, Elite Eight	SEC	5	3–2
1–1	130.3
6	101.0
105	.9495
17	54.8
57	47.8
114	13.7
69	12.1
294	31.5
135	36.0
289	51.0
16	36.3
208	62.0
9	52.8
211	30.8
207	26.9
53	45.2
67	40.3
187	63.9
284	+1.2
13
18	Wisconsin
   3 seed, R32	B10	6	4–2
1–1	120.3
44	94.4
39	.9421
18	47.1
221	46.4
70	13.3
60	13.1
271	28.3
191	27.8
126	34.5
137	33.2
172	45.3
254	43.3
40	32.6
170	34.0
172	49.9
24	39.4
171	68.2
117	+1.3
10
19	Oklahoma
   9 seed, R64	SEC	4	3–1
2–0	127.6
11	100.1
92	.9419
19	56.1
38	52.7
219	12.1
32	16.0
176	21.4
288	33.8
259	42.2
59	35.1
195	54.0
86	54.3
241	39.6
61	33.7
167	39.6
152	43.0
242	69.3
74	+1.4
8
20	Auburn
   1 seed, Final Four	SEC	3	1–2
0–1	116.8
60	92.2
25	.9384
20	51.4
127	49.7
150	14.5
96	17.4
131	26.7
222	27.8
126	30.2
200	40.7
254	53.2
100	57.3
299	32.4
174	25.0
31	38.0
179	38.3
143	64.6
255	+0.14
59
21	Louisville
   8 seed, R64	ACC	5	4–1
2–0	116.0
67	92.1
24	.9346
21	52.3
104	44.4
42	18.2
229	15.2
196	32.3
116	31.4
205	31.8
177	29.1
123	55.3
65	40.6
21	31.9
184	33.1
150	40.6
139	42.1
222	68.3
111	+1.2
12
22	Mississippi St.
   8 seed, R64	SEC	3	1–2
0–1	127.1
13	102.1
120	.9258
22	52.2
108	54.5
250	11.0
16	17.9
116	29.6
170	30.3
179	28.2
225	48.5
313	52.7
115	60.4
320	34.4
140	31.0
111	46.6
47	42.5
228	71.2
34	-0.30
89
23	Michigan
   5 seed, Sweet Sixteen	B10	5	3–2
0–2	112.5
89	90.4
15	.9255
23	48.1
201	42.3
21	18.4
236	11.5
303	30.2
158	27.9
131	28.3
221	33.9
180	52.3
122	40.7
23	28.1
245	29.8
95	40.7
134	41.9
218	69.2
76	+1.7
6
24	Belmont	MVC	2	1–1
0–0	101.3
218	81.8
2	.9211
24	48.2
198	42.3
21	19.6
272	16.6
159	27.3
210	22.7
49	22.1
297	31.5
155	53.0
109	51.8
186	27.7
251	21.8
20	41.6
116	49.5
310	71.4
32	-0.31
90
25	Connecticut
   8 seed, R32	BE	4	3–1
2–0	122.8
28	99.5
82	.9186
25	54.0
75	45.9
56	17.4
201	12.0
295	40.3
18	23.7
63	22.7
293	37.1
220	54.0
86	49.6
142	36.0
110	26.3
40	38.2
173	37.1
128	61.9
327	+0.6
31
Rk	Team	Conf	G	Rec	AdjOE	AdjDE	Barthag	Efg%	EfgD%	TOR	TORD	ORB	DRB	FTR	FTRD	2P%	2P%D	3P%	3P%D	3PR	3PRD	Adj T.	WAB
26	Mississippi
   6 seed, Sweet Sixteen	SEC	4	2–2
1–1	120.4
43	97.7
60	.9172
26	45.8
244	55.6
264	12.8
51	19.0
86	28.7
188	33.8
259	30.3
198	37.9
228	48.2
199	58.9
311	27.6
252	34.8
196	34.7
241	50.0
313	68.1
122	+1.0
19
27	Nebraska Omaha
   15 seed, R64	Sum	3	3–0
0–0	115.7
68	94.2
35	.9142
27	58.3
23	43.7
36	14.7
102	12.4
280	26.1
229	24.6
73	42.0
61	37.0
217	60.4
16	40.2
14	36.5
102	31.5
119	36.2
218	48.7
304	70.5
44	+0.40
39
28	UCLA
   7 seed, R32	B10	2	1–1
1–0	123.6
24	100.7
102	.9134
28	53.5
84	59.3
314	12.6
46	22.9
19	35.1
60	31.6
208	27.3
236	29.0
122	52.6
117	46.4
82	36.5
102	49.0
334	40.6
139	47.7
295	66.9
170	+0.05
67
29	Iowa	B10	4	2–2
1–1	132.1
4	108.1
206	.9090
29	59.8
18	52.0
200	11.1
18	12.2
289	24.0
265	33.3
245	22.0
299	41.5
267	58.3
32	55.5
264	41.4
40	31.4
116	39.6
152	41.1
203	68.7
96	+0.42
37
30	Kansas
   7 seed, R64	B12	3	2–1
1–0	125.5
16	102.8
130	.9089
30	53.6
83	56.4
280	15.4
135	14.5
225	35.8
52	25.3
83	24.2
274	36.5
214	46.9
231	52.6
206	43.0
26	41.8
291	38.2
173	37.0
127	67.0
167	+0.8
24
31	Clemson
   5 seed, R64	ACC	4	3–1
2–0	106.8
161	87.5
7	.9081
31	47.2
215	46.5
75	18.0
225	21.7
33	35.7
54	26.0
95	29.4
208	28.7
118	51.3
140	50.4
159	26.0
277	26.6
48	32.8
266	36.6
120	66.6
183	+0.42
35
32	Kentucky
   3 seed, Sweet Sixteen	SEC	3	2–1
1–0	119.2
48	97.7
59	.9079
32	52.9
90	55.5
263	16.6
170	12.2
289	23.8
268	23.4
59	52.3
12	30.2
138	50.5
152	54.7
251	38.1
83	37.8
248	36.6
214	41.2
206	72.8
17	+1.1
17
33	Liberty
   12 seed, R64	CUSA	5	5–0
2–0	128.8
8	106.2
176	.9021
33	66.3
2	46.8
85	13.9
74	13.0
273	18.7
310	31.3
201	26.1
248	33.8
178	63.8
5	47.0
91	45.9
11	31.0
111	48.9
33	38.8
156	64.7
252	+1.1
14
34	Texas A&M
   4 seed, R32	SEC	2	1–1
1–0	111.3
101	92.0
23	.9000
34	44.4
269	44.3
41	17.0
184	12.2
289	40.0
22	20.8
30	52.4
11	41.8
272	39.7
314	40.5
20	34.8
131	33.3
151	37.1
201	39.3
166	64.7
252	-0.05
75
35	Troy
   14 seed, R64	SB	3	3–0
0–0	118.0
56	97.8
61	.8971
35	51.5
125	40.8
8	13.6
67	15.1
201	34.3
74	35.7
285	52.3
12	32.1
161	55.6
58	40.2
14	29.7
225	27.7
65	37.2
200	43.7
252	68.8
91	+0.50
32
36	Colorado	B12	5	3–2
1–1	118.3
51	98.0
64	.8969
36	50.6
138	48.6
132	18.8
249	16.7
152	29.6
170	32.1
219	39.8
78	38.0
230	50.8
146	44.1
44	33.3
153	37.3
239	33.5
256	38.3
143	69.6
66	+0.9
21
37	Texas
   11 seed, R68	SEC	5	2–3
0–1	124.1
21	103.2
138	.8933
37	50.2
144	50.3
159	13.0
57	11.8
300	29.1
182	30.2
178	45.2
39	49.7
321	48.5
194	50.3
156	35.9
111	33.6
165	31.3
278	39.7
175	67.5
145	+0.30
49
38	Xavier
   11 seed, R64	BE	4	3–1
2–0	126.4
15	105.0
166	.8932
38	59.0
20	58.4
306	11.8
29	15.4
192	22.3
284	18.8
17	31.1
186	31.0
148	56.7
46	50.8
170	42.0
37	45.1
323	37.0
204	45.1
268	69.7
62	+0.21
55
39	Drake
   11 seed, R32	MVC	3	3–0
0–0	107.0
157	89.0
12	.8927
39	48.6
188	47.4
102	15.1
121	23.8
12	34.4
71	28.2
143	47.6
26	25.7
77	51.1
144	54.2
237	29.8
224	26.6
48	38.8
166	47.1
291	56.6
340	+0.6
28
40	Arkansas
   10 seed, Sweet Sixteen	SEC	3	2–1
1–0	125.4
17	104.5
160	.8909
40	55.7
45	50.5
166	17.0
184	11.3
312	32.3
116	28.1
138	44.6
44	30.1
137	57.3
38	48.7
126	35.4
122	35.4
209	38.7
167	40.3
187	70.9
38	+0.42
36
41	McNeese St.
   12 seed, R32	Slnd	2	2–0
0–0	116.5
63	97.2
55	.8892
41	55.1
52	41.3
10	12.6
46	18.1
109	17.2
320	36.6
294	49.0
21	23.1
44	53.2
100	40.3
16	38.9
66	28.6
75	36.7
212	40.5
192	66.2
196	+0.26
53
42	West Virginia	B12	2	1–1
1–0	107.7
145	90.2
14	.8842
42	48.7
185	47.7
110	23.1
325	20.9
45	35.1
60	31.4
205	23.9
278	36.1
207	49.2
172	45.7
68	32.1
180	34.2
180	47.9
41	35.2
102	64.5
257	-0.44
107
43	Utah St.
   10 seed, R64	MWC	3	2–1
1–0	121.8
34	102.2
125	.8819
43	54.3
64	46.7
81	16.6
170	21.9
30	42.3
8	34.3
268	33.5
156	63.8
335	59.0
26	48.6
120	33.3
153	29.7
93	52.0
12	46.4
283	64.2
275	-0.14
82
44	USC	B10	4	2–2
1–1	120.7
41	101.6
112	.8795
44	57.1
29	55.6
264	21.5
307	17.6
126	33.6
91	32.6
231	35.0
131	28.0
108	53.7
93	57.9
305	41.3
41	34.7
193	40.7
134	40.3
187	67.3
152	+0.05
66
45	Creighton
   9 seed, R32	BE	4	3–1
1–0	123.3
26	103.7
150	.8791
45	55.1
52	53.0
225	15.6
140	11.5
303	33.1
104	28.9
156	23.1
285	11.7
6	59.4
20	48.6
120	33.3
153	41.4
285	46.2
52	33.0
73	63.2
305	+0.7
26
46	Oregon
   5 seed, R32	B10	3	2–1
1–0	110.1
115	92.7
27	.8791
46	54.0
75	45.1
49	19.9
279	14.2
237	24.4
258	27.0
112	36.6
114	34.2
184	59.4
20	44.0
43	30.0
220	32.0
128	37.3
197	27.2
25	67.2
158	+0.6
30
47	BYU
   6 seed, Sweet Sixteen	B12	3	2–1
1–0	126.6
14	106.6
180	.8783
47	52.5
102	53.1
226	16.0
150	17.0
139	31.4
136	39.3
314	31.8
177	25.4
68	52.9
111	50.0
146	34.8
131	37.6
246	51.4
16	48.2
299	69.5
69	+0.9
20
48	Northwestern	B10	3	1–2
0–1	109.9
117	92.8
28	.8757
48	45.2
254	47.5
106	19.0
254	20.0
59	28.8
186	35.0
277	38.8
89	45.6
301	49.5
165	44.2
47	25.0
287	34.9
203	36.4
215	39.9
178	67.5
145	-0.10
79
49	Georgia
   9 seed, R64	SEC	2	1–1
1–0	117.2
59	99.1
77	.8728
49	52.7
93	52.3
213	18.2
229	18.9
89	35.7
54	30.4
184	47.3
29	41.4
266	48.5
194	47.5
97	39.1
65	38.5
255	41.1
127	46.8
288	67.1
163	-0.15
83
50	Loyola Chicago	A10	5	4–1
2–0	109.9
118	93.5
34	.8651
50	51.2
131	43.5
34	17.5
205	15.1
201	32.8
107	25.9
93	24.3
272	33.2
172	52.4
120	44.3
49	33.1
166	28.0
71	45.3
65	37.8
137	66.6
183	+0.05
69
Rk	Team	Conf	G	Rec	AdjOE	AdjDE	Barthag	Efg%	EfgD%	TOR	TORD	ORB	DRB	FTR	FTRD	2P%	2P%D	3P%	3P%D	3PR	3PRD	Adj T.	WAB
51	San Francisco	WCC	3	2–1
0–0	111.8
98	95.2
46	.8643
51	51.8
118	49.2
139	18.2
229	14.7
215	31.9
125	21.8
42	24.7
267	44.1
290	51.3
140	53.3
219	34.9
129	27.1
55	41.9
113	33.0
73	72.4
20	+0.01
71
52	New Mexico
   10 seed, R32	MWC	3	2–1
1–0	108.8
129	92.9
30	.8594
52	47.0
223	47.3
99	11.8
29	22.7
22	33.6
91	28.0
134	35.1
129	28.7
118	46.8
235	51.6
185	31.8
188	27.5
61	23.8
330	42.1
222	68.9
89	-0.19
84
53	VCU
   11 seed, R64	A10	4	3–1
0–1	116.2
66	99.3
79	.8592
53	47.1
221	42.1
19	15.7
144	16.5
165	38.2
32	37.5
302	39.2
85	29.7
131	56.0
54	39.7
10	25.2
286	30.7
105	48.9
33	36.8
124	65.4
227	+0.09
64
54	Dayton	A10	3	2–1
1–0	120.7
42	103.2
136	.8588
54	53.2
86	47.2
96	13.0
57	13.5
257	26.4
224	33.3
245	25.1
260	44.7
292	50.0
154	51.5
183	38.3
76	28.0
71	43.3
93	45.8
278	65.8
212	+0.03
70
55	Marquette
   7 seed, R64	BE	4	1–3
0–2	119.6
47	102.3
126	.8566
55	50.4
141	49.8
152	13.9
74	14.2
237	24.3
260	34.6
272	27.3
236	30.0
135	55.7
57	49.7
145	29.2
234	33.3
151	44.7
75	31.9
64	69.1
78	-0.49
113
56	Santa Clara	WCC	2	1–1
0–0	121.7
36	104.3
157	.8550
56	61.6
6	52.0
200	14.6
99	16.8
148	34.4
71	25.0
78	24.0
277	11.3
4	54.7
77	53.4
222	45.9
11	33.3
151	48.8
36	41.1
203	67.7
139	-0.9
222
57	Villanova	BE	2	1–1
0–0	112.3
91	96.2
49	.8548
57	46.2
239	56.6
285	18.8
249	20.4
51	28.1
192	23.1
53	60.4
5	24.5
54	38.2
324	57.1
294	38.9
66	37.1
237	39.6
152	35.7
108	64.1
276	-0.34
95
58	Saint Mary's
   7 seed, R32	WCC	2	1–1
0–0	101.9
205	87.8
8	.8472
58	45.5
251	42.9
28	20.9
295	8.8
333	46.8
3	22.4
48	35.5
126	18.5
20	58.0
33	48.8
131	6.9
340	18.2
10	26.4
322	27.7
29	60.1
336	-0.13
81
59	UC San Diego
   12 seed, R64	BW	4	4–0
2–0	111.9
95	96.4
50	.8468
59	52.6
97	39.8
6	13.5
63	21.8
32	25.0
245	35.1
279	36.8
113	30.3
139	53.5
94	38.4
7	34.5
136	27.5
61	53.3
9	49.3
308	64.0
278	+0.6
29
60	Valparaiso	MVC	3	2–1
0–0	107.0
158	92.5
26	.8430
60	47.8
208	46.5
75	11.6
25	13.7
253	24.8
253	21.2
32	14.8
334	43.2
282	42.9
289	44.4
50	37.1
96	34.0
172	38.5
170	30.3
43	64.0
278	-0.33
92
61	Montana
   14 seed, R64	BSky	3	3–0
0–0	115.1
75	100.3
97	.8303
61	62.3
5	47.6
108	14.8
108	14.3
235	17.7
316	20.6
28	47.7
24	34.5
186	61.7
10	51.5
183	42.1
34	27.7
65	37.7
187	38.7
153	67.6
141	+0.37
41
62	UCF	B12	4	2–2
1–1	116.2
65	101.3
108	.8280
62	53.8
79	47.3
99	21.2
302	17.2
133	31.9
125	33.5
258	41.1
67	25.7
77	50.8
146	48.4
115	38.2
77	30.4
102	46.6
47	41.7
213	72.1
24	-0.05
76
63	Northern Colorado	BSky	4	2–2
0–0	115.6
69	101.2
106	.8231
63	56.0
40	47.1
95	18.5
239	14.7
215	33.6
91	21.1
31	30.2
200	43.5
286	53.8
92	46.4
82	40.6
50	32.4
142	30.7
283	34.0
86	66.7
180	-0.6
136
64	SMU	ACC	4	2–2
0–1	101.6
213	89.0
10	.8214
64	49.3
177	45.9
56	19.7
276	20.8
46	27.3
210	21.5
37	32.7
165	38.3
236	53.1
104	50.4
159	28.0
246	26.7
50	34.1
249	43.1
243	68.9
89	-0.7
155
65	Syracuse	ACC	3	2–1
1–0	109.3
125	95.8
48	.8193
65	50.0
147	52.3
213	20.7
292	18.6
99	34.4
71	24.4
70	34.8
133	44.4
291	53.5
94	54.5
248	28.0
246	30.8
107	30.5
284	25.8
19	67.1
163	-0.11
80
66	Purdue
   4 seed, Sweet Sixteen	B10	3	1–2
0–1	123.9
23	108.8
215	.8156
66	49.5
167	55.4
261	11.5
22	12.0
295	31.4
136	31.9
217	31.7
180	34.5
186	49.2
172	60.8
322	33.3
153	32.5
145	34.4
244	45.2
270	64.3
272	-0.09
78
67	Illinois
   6 seed, R32	B10	3	2–1
1–0	122.6
30	107.8
201	.8145
67	54.3
64	55.9
268	16.0
150	7.3
339	35.4
58	23.4
59	39.5
83	22.9
40	55.9
55	52.9
213	34.9
129	41.5
286	44.9
71	31.7
60	72.2
23	+0.7
25
68	George Mason	A10	6	5–1
2–0	112.6
87	99.1
76	.8127
68	54.3
64	46.9
86	19.2
264	22.5
23	33.2
103	34.6
272	39.4
84	34.7
191	50.8
146	46.0
75	39.7
59	31.9
126	40.0
146	49.5
310	64.9
242	+0.31
47
69	Missouri
   6 seed, R64	SEC	4	1–3
0–2	124.7
20	110.0
227	.8087
69	52.2
108	57.3
297	15.0
118	15.0
204	36.6
45	32.3
223	40.6
69	46.8
309	54.7
77	59.2
312	32.3
178	36.3
226	39.8
149	39.1
162	69.7
62	-0.39
99
70	DePaul	BE	4	3–1
2–0	118.3
52	104.4
159	.8073
70	59.9
17	49.8
152	16.7
175	13.9
247	21.0
293	30.3
179	25.9
251	28.6
114	57.8
34	52.2
196	41.9
38	30.6
104	40.8
130	38.4
147	66.2
196	+0.37
40
71	Indiana	B10	2	1–1
1–0	101.2
219	89.9
13	.7966
71	39.4
323	50.9
173	14.9
111	17.9
116	34.2
76	21.3
33	33.3
157	27.8
106	40.2
309	50.0
146	25.0
287	34.8
196	29.3
297	42.6
229	66.9
170	-0.00
72
72	UC Irvine	BW	5	4–1
2–0	119.9
46	106.7
183	.7923
72	58.3
23	54.0
245	16.3
160	18.6
99	29.9
169	27.0
112	34.7
135	23.0
43	57.1
44	44.6
53	40.4
52	44.8
321	36.1
220	41.7
213	69.0
81	-0.02
74
73	Washington St.	WCC	2	1–1
0–0	118.5
49	105.6
171	.7911
73	58.7
21	48.1
118	15.9
148	18.5
101	24.3
260	37.2
300	39.7
79	36.9
216	60.3
18	54.1
236	37.7
86	26.8
51	43.8
87	43.1
243	75.4
4	-0.44
110
74	N.C. State	ACC	2	1–1
1–1	102.8
197	91.8
22	.7851
74	47.3
212	49.6
146	14.6
99	18.3
105	25.8
233	24.2
68	39.6
81	30.4
142	44.4
263	46.8
87	33.3
153	37.1
237	51.4
16	31.3
54	68.6
100	-0.6
121
75	South Carolina	SEC	2	0–2
0–1	114.4
77	102.2
124	.7846
75	44.0
276	55.4
261	15.2
128	14.4
227	31.9
125	26.2
100	34.5
137	33.3
174	47.4
211	61.8
326	27.1
265	30.2
101	50.9
19	38.7
153	66.8
175	-0.6
120
Rk	Team	Conf	G	Rec	AdjOE	AdjDE	Barthag	Efg%	EfgD%	TOR	TORD	ORB	DRB	FTR	FTRD	2P%	2P%D	3P%	3P%D	3PR	3PRD	Adj T.	WAB
76	Winthrop	BSth	3	2–1
0–0	109.7
122	98.3
69	.7804
76	56.7
31	45.4
51	17.4
201	14.6
220	27.3
210	31.7
214	40.2
75	41.9
275	54.7
77	48.3
113	39.3
62	27.1
55	46.9
46	37.6
135	72.4
20	-0.5
114
77	Pittsburgh	ACC	3	1–2
1–1	108.2
142	97.1
53	.7756
77	49.1
182	47.2
96	16.8
179	20.3
53	32.0
124	30.9
196	33.1
161	35.6
199	50.0
154	54.7
251	31.9
184	25.7
37	40.8
130	46.3
282	67.3
152	-1.3
291
78	Harvard	Ivy	1	1–0
1–0	99.1
246	89.0
11	.7744
78	45.2
254	46.9
86	11.5
22	27.4
1	18.4
312	16.7
10	21.0
313	33.3
174	46.3
244	53.6
227	28.6
242	25.0
31	33.9
252	41.7
213	65.9
208	+0.08
65
79	Stanford	ACC	5	2–3
0–2	111.1
105	99.9
89	.7712
79	49.8
162	51.3
182	14.9
111	18.0
113	27.2
216	32.7
234	25.4
256	30.9
146	45.8
251	55.3
260	36.4
104	29.3
84	45.4
61	35.6
105	63.2
305	-1.0
275
80	Wofford
   15 seed, R64	SC	3	3–0
0–0	128.1
10	115.4
286	.7686
80	60.8
12	53.7
241	12.2
33	14.4
227	33.7
88	21.6
38	53.5
10	43.6
288	54.8
74	55.4
262	44.0
20	34.7
193	53.5
8	50.3
315	63.6
292	+0.36
42
81	Ohio St.	B10	2	0–2
0–1	109.2
126	98.4
71	.7676
81	46.1
242	51.9
197	15.6
140	16.3
170	30.0
165	32.8
237	30.7
191	38.3
236	50.0
154	52.4
200	27.1
265	34.1
176	42.1
110	41.1
203	62.7
315	-1.0
270
82	SIU Edwardsville
   16 seed, R64	OVC	2	2–0
0–0	108.6
131	98.2
68	.7600
82	49.6
165	39.7
4	18.0
225	13.3
266	38.0
33	24.3
69	37.5
107	30.4
142	48.8
182	46.6
85	34.4
140	17.9
8	28.6
301	34.8
99	61.6
329	+0.20
56
83	Grand Canyon
   13 seed, R64	WAC	5	4–1
1–1	118.1
54	106.9
188	.7579
83	55.7
45	50.2
158	16.0
150	21.2
40	33.8
86	34.1
264	50.5
18	35.8
204	60.6
15	44.6
53	28.9
241	40.6
279	28.5
303	34.1
90	70.5
44	-0.34
96
84	Boise St.	MWC	4	2–2
0–1	114.0
80	103.3
141	.7562
84	47.4
211	52.2
209	17.6
210	14.4
227	34.6
69	23.1
53	36.3
117	35.6
199	57.3
38	46.1
76	26.8
270	41.3
283	58.0
5	38.5
151	62.1
322	-0.09
77
85	Yale
   13 seed, R64	Ivy	3	3–0
1–0	113.3
83	102.7
128	.7543
85	53.7
81	51.2
181	10.9
14	17.7
123	25.3
243	26.6
105	37.2
112	20.8
27	48.1
201	53.9
233	42.9
27	32.6
149	34.1
249	54.8
330	63.5
299	+0.49
34
86	Kennesaw St.	CUSA	3	2–1
1–0	124.1
22	112.8
262	.7494
86	54.3
64	51.6
194	14.6
99	11.1
317	29.5
174	29.6
169	43.2
50	35.0
193	49.4
167	49.0
137	40.0
55	36.7
232	46.3
50	43.2
246	68.6
100	-0.02
73
87	San Diego St.
   11 seed, R68	MWC	3	1–2
1–0	108.3
138	98.5
72	.7479
87	52.2
108	51.9
197	15.7
144	16.7
152	18.8
308	29.5
167	35.0
131	41.3
264	53.5
94	52.1
191	33.8
149	34.5
183	46.3
50	54.4
329	66.4
190	-0.33
93
88	George Washington	A10	3	2–1
1–0	121.3
39	110.5
233	.7464
88	56.5
33	53.5
236	17.8
222	18.3
105	36.7
43	35.4
281	45.3
37	25.4
68	56.5
50	55.2
258	37.7
86	33.8
169	42.9
100	39.3
166	64.8
245	-0.40
102
89	Rutgers	B10	2	1–1
1–0	105.8
167	96.5
51	.7426
89	46.2
239	50.8
170	13.7
69	22.4
25	30.6
148	33.3
245	31.5
183	43.5
286	53.1
104	52.9
213	21.3
323	30.8
107	32.9
265	31.5
58	69.5
69	-0.34
97
90	UNC Wilmington
   14 seed, R64	CAA	3	3–0
0–0	113.1
85	103.2
139	.7415
90	48.5
191	45.9
56	13.3
60	12.3
283	32.6
111	30.4
184	47.2
31	29.8
132	53.4
97	41.0
26	26.7
271	34.6
188	36.8
209	44.8
265	63.9
284	+0.34
45
91	Oklahoma St.	B12	4	2–2
1–1	109.8
119	100.2
96	.7405
91	49.4
174	48.1
118	17.7
213	19.7
67	30.2
158	36.5
293	30.3
198	29.1
123	43.6
282	50.6
162	42.5
30	29.3
84	28.7
300	37.4
131	74.1
9	-0.6
128
92	Temple	Amer	2	1–1
1–0	111.9
96	102.2
123	.7378
92	48.5
191	45.8
55	15.3
130	10.0
329	27.4
206	19.0
18	64.9
3	44.9
293	46.8
235	50.6
162	34.3
143	21.4
15	36.1
220	26.2
20	69.0
81	-0.7
144
93	Miami OH	MAC	4	3–1
1–0	109.8
120	100.4
99	.7371
93	54.6
61	46.5
75	15.5
137	14.8
212	27.0
218	30.3
179	25.7
253	25.3
67	47.4
211	46.8
87	40.8
46	30.7
105	51.9
13	39.3
166	69.0
81	-0.41
106
94	Kansas St.	B12	4	2–2
1–1	99.3
242	90.9
17	.7335
94	45.0
259	46.9
86	18.8
249	14.2
237	24.6
256	25.5
86	26.1
248	27.1
94	54.4
82	50.7
165	19.5
327	27.1
55	37.6
191	37.1
128	65.5
223	+0.26
52
95	Oakland	Horz	2	1–1
0–0	110.7
108	101.7
113	.7272
95	56.0
40	53.8
243	18.9
252	18.9
89	28.8
186	28.8
153	33.3
157	25.4
68	56.7
46	54.7
251	36.6
101	34.9
203	38.0
179	36.4
114	63.9
284	-0.6
122
96	Murray St.	MVC	2	1–1
0–0	109.0
127	100.1
91	.7265
96	49.5
167	46.4
70	16.7
175	15.9
177	34.3
74	25.0
78	34.2
145	49.5
320	43.1
286	51.4
179	37.7
86	22.2
22	47.7
43	27.8
30	63.9
284	-0.6
133
97	Jacksonville St.	CUSA	5	3–2
0–1	114.7
76	105.4
168	.7258
97	51.6
122	53.6
239	15.5
137	15.8
179	31.4
136	23.5
61	31.6
181	25.8
80	49.2
172	44.8
58	37.0
97	42.3
294	37.9
183	47.3
293	63.6
292	-1.2
282
98	UAB	Amer	6	4–2
1–1	114.4
78	105.1
167	.7256
98	47.2
215	50.4
162	14.1
83	15.0
204	39.1
27	32.9
238	30.4
197	21.8
37	47.4
211	49.4
140	31.0
203	34.8
196	29.9
290	35.0
100	69.0
81	-0.7
150
99	High Point
   13 seed, R64	BSth	3	3–0
0–0	118.0
57	108.4
210	.7255
99	55.1
52	51.8
196	14.3
89	17.8
119	40.4
17	27.8
126	28.6
217	26.9
90	57.5
36	56.3
279	33.8
149	29.7
93	35.1
231	38.3
143	64.4
264	+0.36
43
100	Cincinnati	B12	4	1–3
0–2	102.9
195	94.7
41	.7221
100	44.7
265	52.7
219	18.1
228	23.5
15	30.2
158	32.6
231	19.4
320	24.8
58	50.0
154	48.1
109	24.2
298	42.4
296	39.1
160	29.2
37	66.6
183	-1.2
283
Rk	Team	Conf	G	Rec	AdjOE	AdjDE	Barthag	Efg%	EfgD%	TOR	TORD	ORB	DRB	FTR	FTRD	2P%	2P%D	3P%	3P%D	3PR	3PRD	Adj T.	WAB
101	Akron
   13 seed, R64	MAC	4	4–0
1–0	122.1
32	112.5
260	.7192
101	58.2
27	51.1
180	10.8
13	18.3
105	36.1
49	31.6
208	32.5
169	30.8
145	56.6
49	51.4
179	40.2
54	33.7
167	43.9
85	40.1
182	67.8
134	+0.32
46
102	Memphis
   5 seed, R64	Amer	4	4–0
1–0	109.3
124	100.8
103	.7183
102	50.4
141	47.7
110	18.2
229	18.5
101	41.7
11	29.1
163	43.4
48	40.8
259	51.7
132	47.8
101	31.6
195	31.7
123	29.7
292	43.3
248	73.1
16	+0.7
27
103	Cornell	Ivy	3	2–1
1–0	121.8
35	112.4
259	.7161
103	64.2
3	52.1
206	12.8
51	11.0
321	16.3
326	20.7
29	27.9
231	31.3
152	71.1
1	53.0
217	38.2
77	33.8
169	49.7
25	40.1
182	70.5
44	-0.5
115
104	Arkansas St.	SB	4	3–1
0–0	120.1
45	111.0
241	.7127
104	52.1
112	48.3
124	12.3
39	14.4
227	32.7
108	33.3
245	34.6
136	47.5
311	50.0
154	50.6
162	36.4
104	28.9
82	45.4
61	31.7
60	72.3
22	-0.40
103
105	Utah Valley	WAC	6	4–2
2–0	108.3
135	100.2
94	.7108
105	49.8
162	44.7
45	20.9
295	15.5
189	33.3
94	26.4
102	55.4
7	33.1
171	53.9
89	43.2
38	27.3
260	31.9
126	31.3
278	32.3
69	69.4
73	-0.22
86
106	Robert Morris
   15 seed, R64	Horz	3	3–0
0–0	116.2
64	108.3
209	.6914
106	54.4
63	52.6
217	15.0
118	17.0
139	38.7
31	25.5
86	40.4
71	27.2
96	49.5
165	55.6
266	40.8
46	32.4
142	41.5
118	42.8
238	66.6
183	+0.29
50
107	Bradley	MVC	4	3–1
0–0	105.7
168	98.6
74	.6884
107	50.5
139	43.0
31	12.4
43	16.4
169	21.0
293	33.3
245	48.2
23	37.6
224	56.2
51	40.0
11	27.6
252	32.1
133	38.6
169	36.7
121	65.1
236	-0.26
87
108	Bryant
   15 seed, R64	AE	3	3–0
0–0	106.9
159	99.9
86	.6868
108	54.1
72	47.0
93	19.3
268	15.2
196	39.0
29	21.8
42	26.9
243	31.7
156	55.9
55	42.7
34	32.7
169	38.2
253	26.4
322	29.6
39	73.6
12	+0.11
61
109	Middle Tennessee	CUSA	5	2–3
1–1	110.3
113	103.2
137	.6842
109	52.3
104	50.6
167	17.5
205	14.6
220	32.1
122	24.5
72	33.3
157	36.0
206	59.3
23	55.6
266	29.3
231	27.4
60	45.4
61	34.1
90	68.4
107	-1.3
288
110	Utah	B12	2	0–2
0–1	108.3
137	101.5
111	.6775
110	42.9
292	58.8
311	19.3
268	16.5
165	45.3
6	25.4
84	30.0
203	45.6
301	46.8
235	64.5
332	25.4
285	34.6
188	45.0
69	45.6
273	70.4
49	-0.8
182
111	Florida St.	ACC	2	1–1
1–0	100.6
226	94.5
40	.6734
111	48.1
201	46.9
86	17.4
201	18.1
109	23.9
267	29.6
169	47.2
31	36.8
215	50.6
151	52.6
206	27.6
252	23.7
27	27.4
314	33.3
77	67.6
141	-0.44
111
112	New Mexico St.	CUSA	3	1–2
1–1	116.6
62	109.5
224	.6733
112	46.9
226	51.3
182	10.2
9	12.4
280	37.4
40	27.4
119	42.4
58	41.9
275	44.5
262	48.6
120	34.5
136	35.8
215	32.8
266	52.3
324	61.7
328	-1.3
287
113	Queens	ASun	1	0–1
0–0	118.3
53	111.2
245	.6698
113	45.8
244	57.4
299	11.8
29	19.2
81	37.8
35	28.0
134	16.7
329	61.7
333	43.8
278	60.0
314	33.3
153	36.4
227	33.3
257	46.8
288	61.2
333	-0.6
134
114	Cal Poly	BW	5	4–1
2–0	118.4
50	111.5
247	.6667
114	61.4
7	53.6
239	15.5
137	21.7
33	26.4
224	26.6
105	20.2
317	33.6
176	51.0
145	57.2
298	47.1
7	32.5
145	53.0
10	42.6
229	73.8
10	-0.40
101
115	San Jose St.	MWC	4	2–2
1–0	103.6
189	97.7
58	.6638
115	49.5
167	45.9
56	20.0
283	17.8
119	27.7
199	30.8
193	32.6
168	27.9
107	47.4
211	52.5
203	35.2
125	22.0
21	39.8
149	33.6
79	67.4
148	-0.32
91
116	Duquesne	A10	2	0–2
0–1	112.1
93	105.6
172	.6637
116	54.0
75	57.1
294	20.8
293	17.9
116	31.9
125	26.2
100	15.3
332	19.2
21	58.8
28	55.6
266	32.1
180	39.6
271	45.2
67	40.0
179	66.9
170	-1.4
297
117	Merrimack	MAAC	3	2–1
1–0	99.9
235	94.2
36	.6625
117	49.7
164	42.5
26	11.3
21	26.7
2	14.3
335	36.2
290	19.3
321	29.6
129	46.2
246	41.5
30	35.9
111	29.2
83	45.6
60	40.9
197	62.1
322	-0.8
165
118	Minnesota	B10	3	0–3
0–2	104.5
181	98.6
73	.6610
118	44.4
269	48.9
135	16.1
154	15.7
183	32.5
113	33.0
241	32.8
164	39.0
243	45.9
250	54.7
251	27.6
252	25.0
31	32.2
274	33.9
83	65.5
223	-1.4
293
119	California	ACC	4	1–3
0–2	112.3
92	105.9
174	.6609
119	45.3
253	56.0
272	15.0
118	16.6
159	33.7
88	23.3
56	42.0
61	41.7
271	48.0
206	55.7
272	27.2
264	37.6
246	37.6
191	38.4
147	67.0
167	-1.4
292
120	St. Thomas	Sum	3	2–1
0–0	109.5
123	103.4
145	.6587
120	56.2
37	54.1
246	13.3
60	23.8
12	21.2
291	30.8
193	40.8
68	38.1
232	55.3
65	56.3
279	38.1
83	33.3
151	49.7
25	35.6
105	69.6
66	-0.7
140
121	Pepperdine	WCC	4	3–1
0–0	114.1
79	107.9
203	.6553
121	54.3
64	52.1
206	12.5
45	15.5
189	25.4
241	33.3
245	28.1
227	31.8
157	56.2
51	52.9
213	34.7
135	34.0
172	43.7
88	42.4
224	67.7
139	+0.50
33
122	Tulane	Amer	4	2–2
1–1	113.2
84	107.1
190	.6541
122	56.1
38	47.4
102	14.1
83	14.9
209	27.4
206	38.4
309	30.9
190	32.0
158	55.1
70	47.6
99	38.6
74	31.5
119	36.1
220	42.7
235	65.7
218	-1.0
276
123	Colgate	Pat	2	1–1
0–0	104.8
177	99.3
78	.6509
123	56.4
36	46.3
68	16.4
162	14.9
209	23.1
278	21.4
34	15.3
332	17.5
16	55.1
70	51.3
177	38.8
71	25.0
31	41.5
118	36.7
121	68.8
91	-0.8
208
124	La Salle	A10	4	2–2
1–1	112.4
90	106.6
179	.6476
124	49.3
177	47.9
116	16.9
182	15.1
201	30.0
165	32.5
228	40.4
71	38.2
234	40.2
309	46.3
79	49.2
4	33.3
151	27.1
317	42.9
240	67.4
148	-0.9
233
125	South Alabama	SB	1	0–1
0–0	111.9
94	106.4
178	.6426
125	44.1
274	50.9
173	16.6
170	16.6
159	41.0
13	33.3
245	44.1
47	42.1
278	48.9
180	45.8
73	16.7
329	36.4
227	20.3
336	57.9
337	64.0
278	-0.7
151
Rk	Team	Conf	G	Rec	AdjOE	AdjDE	Barthag	Efg%	EfgD%	TOR	TORD	ORB	DRB	FTR	FTRD	2P%	2P%D	3P%	3P%D	3PR	3PRD	Adj T.	WAB
126	Florida Atlantic	Amer	5	2–3
1–1	112.7
86	107.2
194	.6385
126	53.5
84	48.3
124	15.1
121	11.4
308	34.5
70	29.9
176	37.4
108	39.8
249	55.6
58	48.2
110	33.3
153	32.3
139	38.4
172	33.7
81	67.0
167	-1.3
289
127	Vanderbilt
   10 seed, R64	SEC	2	0–2
0–1	108.2
141	103.0
133	.6374
127	44.8
263	51.5
190	16.4
162	15.0
204	30.1
161	28.1
138	44.3
46	68.9
338	50.7
150	50.7
165	23.9
301	35.3
205	40.0
146	33.0
73	70.4
49	-0.8
184
128	Furman	SC	4	2–2
0–0	122.1
33	116.3
291	.6362
128	62.5
4	58.2
304	18.5
239	15.5
189	30.3
156	30.3
179	34.3
143	32.3
162	59.4
20	53.4
222	43.3
24	43.2
303	55.6
6	42.0
220	65.9
208	-0.44
109
129	Delaware	CAA	5	4–1
0–0	115.6
70	110.7
238	.6231
129	59.8
18	47.2
96	13.5
63	14.1
241	24.3
260	32.1
219	31.4
184	36.3
208	55.1
70	48.9
134	45.0
16	29.5
91	38.0
179	37.3
130	69.1
78	-0.41
105
130	Tulsa	Amer	3	2–1
1–0	107.3
155	102.8
131	.6197
130	50.0
147	46.0
62	16.1
154	13.5
257	20.7
297	32.7
234	40.5
70	41.6
270	55.6
58	49.1
138	27.1
265	27.0
54	37.3
197	36.4
114	67.8
134	-0.20
85
131	Kent St.	MAC	4	3–1
1–0	103.2
193	98.9
75	.6190
131	51.7
120	48.5
129	18.6
242	17.1
137	30.6
148	22.0
46	29.5
206	27.4
99	47.6
209	49.6
142	38.9
66	31.4
116	38.0
179	46.5
285	68.8
91	-0.7
159
132	Princeton	Ivy	2	1–1
1–0	108.2
139	103.8
151	.6184
132	61.2
10	51.4
186	14.0
78	15.6
184	16.9
323	20.0
22	11.2
338	29.8
132	60.4
16	55.6
266	41.2
42	28.1
73	58.6
4	30.8
49	64.3
272	-0.6
137
133	Butler	BE	4	1–3
0–2	115.3
72	110.6
237	.6176
133	51.7
120	53.8
243	12.6
46	13.7
253	19.3
307	39.6
317	22.9
289	11.1
3	49.6
164	55.7
272	36.2
108	33.9
171	44.5
77	40.1
182	66.8
175	-0.9
259
134	Chattanooga	SC	3	2–1
0–0	111.2
104	106.7
182	.6151
134	54.8
57	52.8
222	15.1
121	20.3
53	24.8
253	31.0
199	28.4
219	31.1
151	55.5
64	55.0
256	35.9
111	33.3
151	39.6
152	43.5
250	65.2
232	-0.8
170
135	Northern Illinois	MAC	1	1–0
1–0	101.8
210	98.0
65	.6067
135	50.0
147	46.4
70	25.7
337	19.6
72	39.5
24	36.8
297	37.9
101	80.4
340	44.1
273	42.6
32	37.5
92	44.4
315	48.5
37	16.1
2	65.3
230	+0.16
58
136	Seattle	WAC	4	3–1
2–0	94.2
282	91.0
18	.6003
136	41.8
305	41.6
11	16.5
164	24.6
9	31.0
143	28.9
156	47.6
26	35.6
199	45.1
255	49.6
142	22.2
310	17.8
7	28.0
309	35.1
101	66.8
175	-0.5
116
137	Lipscomb
   14 seed, R64	ASun	2	2–0
0–0	110.9
107	107.1
191	.5990
137	55.3
50	41.7
14	16.5
164	11.2
314	23.6
270	37.6
304	62.8
4	25.9
82	48.9
180	40.8
25	40.8
46	29.3
84	52.1
11	29.5
38	62.8
312	+0.18
57
138	Radford	BSth	2	1–1
0–0	115.4
71	111.7
250	.5934
138	53.8
79	54.2
247	14.4
93	12.0
295	29.3
178	33.3
245	38.1
99	26.1
84	58.8
28	49.4
140	29.7
225	44.1
312	35.2
230	28.6
32	60.6
334	-0.6
130
139	Providence	BE	3	0–3
0–2	110.7
109	107.2
193	.5909
139	51.3
130	56.0
272	20.9
295	13.9
247	40.2
20	26.0
95	18.2
326	24.4
52	51.8
130	57.0
292	33.8
149	36.2
222	41.2
123	39.2
165	66.3
194	-1.9
323
140	UC Santa Barbara	BW	4	2–2
0–1	111.1
106	107.6
199	.5893
140	48.7
185	52.0
200	16.5
164	17.2
133	27.8
195	32.3
223	33.8
150	35.8
204	49.0
178	55.7
272	32.3
178	29.9
96	55.6
6	34.1
90	67.2
158	-1.1
279
141	Saint Joseph's	A10	6	3–3
1–1	106.0
165	102.7
129	.5887
141	45.2
254	49.6
146	14.7
102	17.6
126	33.9
85	30.6
191	37.6
106	25.1
66	44.2
271	42.6
32	30.8
207	43.8
308	49.3
27	30.3
43	68.1
122	-1.0
273
142	Georgia St.	SB	2	1–1
0–0	110.2
114	107.0
189	.5839
142	54.3
64	44.1
39	17.7
213	11.3
312	27.4
206	33.0
241	55.2
8	32.6
164	54.5
81	42.5
31	35.7
119	30.9
110	26.7
321	40.7
193	68.7
96	-0.8
176
143	Hofstra	CAA	2	1–1
0–0	102.3
203	99.6
83	.5772
143	49.2
180	42.2
20	14.1
83	14.9
209	34.2
76	23.3
56	21.0
313	45.6
301	37.3
329	42.9
35	42.1
34	27.5
61	46.0
55	38.8
156	62.8
312	-0.9
232
144	Cal Baptist	WAC	4	3–1
2–0	103.0
194	100.3
98	.5754
144	47.3
212	45.9
56	19.2
264	18.8
93	32.6
111	32.4
227	28.1
227	30.3
139	40.7
307	50.7
165	38.2
77	23.5
25	39.7
151	31.2
53	63.5
299	-0.6
126
145	Drexel	CAA	2	1–1
0–0	131.4
5	128.5
333	.5639
145	60.3
14	55.9
268	12.2
33	11.4
308	40.3
18	41.5
328	29.1
211	28.6
114	51.4
137	52.6
206	48.9
5	41.5
286	40.2
144	34.5
94	64.1
276	-0.8
175
146	Richmond	A10	2	0–2
0–1	106.2
163	103.9
152	.5613
146	50.0
147	52.6
217	17.6
210	16.8
148	19.7
302	24.6
73	23.1
285	44.9
293	47.2
217	51.0
174	35.3
123	36.2
222	49.0
32	48.0
298	64.5
257	-1.6
305
147	Incarnate Word	Slnd	2	1–1
0–0	101.2
220	99.3
80	.5545
147	45.0
259	42.3
21	14.8
108	19.8
64	34.1
81	38.0
305	24.4
271	40.7
254	46.9
231	45.3
65	28.0
246	21.4
15	38.2
173	22.8
11	62.6
317	-0.7
160
148	South Carolina St.	MEAC	4	3–1
1–0	101.9
208	100.0
90	.5534
148	52.6
97	48.6
132	20.5
289	24.4
10	37.7
36	30.9
196	25.5
255	42.3
280	47.3
216	48.7
126	42.5
30	32.1
133	32.4
273	26.9
23	71.1
36	-0.8
191
149	Notre Dame	ACC	4	3–1
2–0	96.6
268	94.9
43	.5529
149	45.9
243	47.6
108	15.6
140	13.5
257	24.2
263	23.9
64	34.4
140	27.6
102	44.3
269	48.0
104	32.5
172	31.4
116	34.4
244	40.2
185	63.6
292	+0.27
51
150	Sam Houston St.	CUSA	3	2–1
2–0	118.1
55	116.5
293	.5402
150	56.0
40	52.2
209	15.7
144	15.2
196	26.4
224	33.3
245	45.3
37	31.0
148	57.6
35	47.0
91	35.8
116	40.6
279	42.1
110	37.5
132	67.8
134	-0.6
125
Rk	Team	Conf	G	Rec	AdjOE	AdjDE	Barthag	Efg%	EfgD%	TOR	TORD	ORB	DRB	FTR	FTRD	2P%	2P%D	3P%	3P%D	3PR	3PRD	Adj T.	WAB
151	Wichita St.	Amer	5	2–3
1–1	104.6
180	103.4
143	.5339
151	44.9
262	46.7
81	16.3
160	13.5
257	32.2
121	31.5
207	34.4
140	35.2
196	43.8
278	48.2
110	31.6
195	28.6
75	30.3
285	28.9
34	69.8
60	-1.2
284
152	North Dakota	Sum	2	1–1
0–0	104.6
179	103.4
144	.5330
152	55.6
48	46.1
63	23.7
332	10.4
326	32.3
116	29.6
169	29.3
210	34.9
192	57.1
44	52.1
191	35.8
116	25.9
38	45.7
59	45.0
267	70.6
43	-0.6
124
153	Toledo	MAC	3	2–1
1–0	122.7
29	121.4
321	.5291
153	54.3
64	56.5
282	10.9
14	11.4
308	31.6
133	27.6
122	46.8
33	38.9
242	56.7
46	53.8
230	31.1
201	41.8
291	24.2
329	29.7
40	66.8
175	-0.5
117
154	Nevada	MWC	3	1–2
0–1	109.7
121	108.7
214	.5265
154	46.7
229	54.7
254	13.7
69	14.3
235	27.2
216	24.0
65	37.3
109	42.1
278	57.3
38	54.3
241	21.9
318	36.9
234	43.2
96	40.9
197	65.2
232	-0.8
185
155	North Texas	Amer	5	3–2
1–1	108.3
136	107.5
197	.5222
155	50.2
144	49.2
139	13.0
57	19.6
72	31.4
136	34.0
262	38.5
93	37.1
220	48.8
182	48.0
104	35.1
126	34.0
172	35.9
223	41.0
200	60.4
335	-1.4
294
156	Northwestern St.	Slnd	2	1–1
0–0	111.3
102	110.5
234	.5189
156	49.5
167	58.5
307	17.7
213	16.1
174	28.6
190	25.9
93	28.7
216	41.0
262	36.7
333	50.0
146	43.8
21	47.5
329	44.4
79	40.0
179	63.1
307	-0.38
98
157	Marshall	SB	2	1–1
0–0	108.2
140	107.7
200	.5128
157	42.3
300	46.3
68	12.2
33	10.1
327	40.2
20	31.6
208	38.2
96	45.9
306	39.3
316	48.2
110	31.9
184	28.2
74	34.6
242	32.0
65	67.4
148	-0.6
132
158	Nicholls St.	Slnd	2	1–1
0–0	91.8
301	91.4
20	.5117
158	41.2
313	41.6
11	23.4
328	19.2
81	32.9
106	33.3
245	42.1
60	33.6
176	36.1
335	46.8
87	33.3
153	21.4
15	36.8
209	35.3
103	68.7
96	-0.7
162
159	Northern Arizona	BSky	2	1–1
0–0	93.6
287	93.2
32	.5106
159	48.3
195	50.0
154	17.7
213	19.2
81	23.5
273	18.0
14	25.0
261	45.4
299	47.1
224	47.9
102	33.3
153	37.5
241	41.4
121	24.7
16	67.9
131	-0.8
166
160	North Alabama	ASun	3	1–2
0–0	105.1
174	104.8
163	.5091
160	42.9
292	46.9
86	14.0
78	13.5
257	33.3
94	24.1
66	42.6
56	45.4
299	41.4
302	41.4
28	31.3
200	35.5
212	27.3
316	46.6
287	67.3
152	-0.6
123
161	Loyola Marymount	WCC	2	1–1
0–0	113.8
81	113.7
272	.5027
161	60.8
12	56.5
282	17.4
201	18.7
95	25.0
245	31.6
208	39.7
79	38.7
240	60.9
14	54.0
234	40.4
52	39.3
265	44.8
74	49.2
307	71.1
36	-0.7
152
162	Arizona St.	B12	2	0–2
0–1	106.8
160	106.8
185	.5000
162	41.9
304	56.0
272	12.3
39	11.5
303	22.4
282	24.6
73	37.8
104	27.6
102	47.1
224	53.8
230	22.0
315	39.2
264	36.9
207	44.0
256	65.8
212	-0.9
247
163	Monmouth	CAA	2	1–1
0–0	108.8
128	109.0
216	.4969
163	48.4
194	47.4
102	9.7
7	17.2
133	24.0
265	33.8
259	29.5
206	35.3
197	46.1
248	44.2
47	34.8
131	35.9
218	37.7
187	33.6
79	63.4
303	-0.8
172
164	Lamar	Slnd	2	1–1
0–0	88.3
318	88.4
9	.4964
164	36.3
337	41.9
16	19.9
279	17.6
126	39.5
24	20.0
22	35.9
120	39.0
243	39.2
317	40.6
21	20.9
324	29.3
84	36.8
209	39.0
161	65.8
212	-0.40
100
165	Eastern Michigan	MAC	2	0–2
0–1	111.7
100	111.9
253	.4946
165	53.1
87	53.5
236	18.3
235	19.8
64	25.8
233	39.7
319	25.4
256	45.1
296	49.2
172	44.1
44	38.8
71	42.6
297	43.0
98	47.8
297	68.0
127	-1.5
301
166	Louisiana Tech	CUSA	3	1–2
1–1	101.1
221	101.5
110	.4892
166	46.8
228	41.9
16	16.9
182	14.0
244	30.6
148	30.7
192	41.2
65	47.2
310	46.4
241	48.7
126	31.7
194	20.0
12	35.3
228	36.5
118	63.6
292	-1.5
303
167	UNLV	MWC	3	1–2
0–1	101.4
217	101.8
116	.4878
167	42.3
300	51.5
190	17.2
195	14.7
215	29.2
180	27.5
120	48.8
22	31.4
153	45.5
253	56.3
279	24.6
295	30.1
100	37.7
187	43.2
246	65.1
236	-0.8
189
168	Northern Iowa	MVC	2	0–2
0–0	96.9
266	97.5
57	.4831
168	50.5
139	49.6
146	17.1
191	13.4
264	14.1
336	23.6
62	37.9
101	20.8
27	48.4
196	44.7
55	35.9
111	38.6
258	37.9
183	36.7
121	65.9
208	-0.9
228
169	Mount St. Mary's
   16 seed, R64	MAAC	6	5–1
1–1	101.0
223	101.7
115	.4789
169	52.3
104	43.1
33	21.3
304	14.1
241	28.0
194	26.0
95	27.2
239	21.4
31	46.9
231	46.5
84	39.3
62	26.2
39	45.3
65	47.3
293	66.2
196	-0.6
118
170	Georgia Tech	ACC	4	1–3
0–1	99.1
245	99.9
88	.4783
170	44.7
265	51.0
178	19.2
264	14.7
215	27.3
210	26.8
109	23.7
279	21.4
31	42.5
297	48.0
104	31.9
184	36.2
222	41.2
123	47.7
295	69.3
74	-0.33
94
171	Maine	AE	3	2–1
0–0	92.3
297	93.2
31	.4724
171	46.2
239	46.7
81	11.5
22	24.9
8	19.4
305	32.3
223	32.0
174	21.9
38	48.8
182	54.5
248	25.0
287	21.1
14	23.7
331	33.7
81	66.3
194	-0.6
119
172	Miami FL	ACC	1	1–0
1–0	102.4
201	103.5
146	.4713
172	51.6
122	44.7
45	15.8
147	12.9
275	23.3
277	25.7
91	23.0
287	40.4
253	48.8
182	41.4
28	38.9
66	32.1
133	29.5
294	49.1
306	72.0
25	+0.14
60
173	Illinois St.	MVC	2	1–1
0–0	95.5
273	96.5
52	.4706
173	50.0
147	44.2
40	16.8
179	16.1
174	23.0
279	26.4
102	19.5
319	25.6
76	54.2
83	45.7
68	30.5
215	27.5
61	50.0
22	33.1
76	68.4
107	-0.7
147
174	Georgetown	BE	2	0–2
0–1	108.5
134	109.8
225	.4661
174	47.2
215	62.3
327	10.2
9	15.3
195	25.7
236	12.0
2	28.3
221	36.3
208	48.1
201	60.3
319	30.4
216	43.6
307	36.2
218	38.2
138	68.3
111	-1.4
298
175	Old Dominion	SB	4	3–1
0–0	99.9
234	101.3
107	.4611
175	43.2
288	41.6
11	18.4
236	14.4
227	40.5
14	31.6
208	25.0
261	33.0
169	42.9
289	44.8
58	29.2
234	23.3
24	37.7
187	32.2
67	64.3
272	-0.45
112
Rk	Team	Conf	G	Rec	AdjOE	AdjDE	Barthag	Efg%	EfgD%	TOR	TORD	ORB	DRB	FTR	FTRD	2P%	2P%D	3P%	3P%D	3PR	3PRD	Adj T.	WAB
176	St. Bonaventure	A10	5	3–2
2–0	97.9
258	99.7
84	.4486
176	43.8
278	50.3
159	14.5
96	20.4
51	25.8
233	31.3
201	26.3
247	21.2
29	48.6
191	52.1
191	24.1
299	32.0
128	39.1
160	43.1
243	68.0
127	+0.10
62
177	Central Connecticut	NEC	3	2–1
0–0	92.5
293	94.2
37	.4477
177	51.5
125	43.9
38	21.4
305	18.0
113	25.0
245	27.7
124	21.9
301	25.7
77	48.0
206	53.3
219	37.7
86	20.3
13	40.8
130	41.3
208	64.8
245	-0.9
253
178	Cleveland St.	Horz	2	1–1
0–0	97.9
259	99.7
85	.4463
178	48.0
204	43.0
31	22.7
320	21.9
30	35.6
57	41.8
329	34.3
143	30.7
144	44.2
271	35.5
3	40.9
45	34.6
188	22.2
333	45.6
273	61.5
330	-0.8
205
179	Iona	MAAC	4	3–1
1–0	107.3
154	109.4
222	.4434
179	50.8
135	50.6
167	18.6
242	21.2
40	41.4
12	37.2
300	31.3
185	26.7
88	53.2
100	50.9
173	31.0
203	33.6
165	35.0
234	54.2
327	65.2
232	-0.7
153
180	Charleston	CAA	2	1–1
0–0	104.4
182	106.8
184	.4338
180	49.5
167	47.7
110	17.0
184	11.1
317	31.9
125	28.9
156	47.3
29	20.0
23	42.6
294	46.1
76	38.8
71	33.3
151	44.5
77	41.5
210	64.7
252	-0.7
148
181	Youngstown St.	Horz	3	2–1
0–0	101.6
212	104.2
156	.4290
181	45.6
249	49.7
150	17.2
195	17.7
123	32.1
122	27.2
117	41.5
63	35.3
197	47.2
217	40.4
17	29.3
231	44.3
314	48.0
40	35.9
109	67.3
152	-0.6
127
182	Towson	CAA	2	1–1
0–0	116.6
61	119.6
311	.4281
182	51.2
131	61.7
325	12.2
33	14.5
225	40.5
14	22.2
47	27.9
231	34.6
189	48.8
182	55.4
262	37.2
95	47.6
330	33.3
257	39.3
166	66.0
205	-0.8
178
183	Manhattan	MAAC	3	2–1
2–0	107.6
148	110.4
232	.4263
183	49.2
180	45.7
54	17.7
213	11.5
303	37.5
37	29.8
175	28.0
229	24.4
52	49.0
178	48.6
120	32.9
168	27.9
68	45.0
69	43.7
252	68.3
111	-0.8
201
184	Texas A&M Corpus Chris	Slnd	2	1–1
0–0	97.6
261	100.2
95	.4260
184	52.0
113	46.5
75	21.1
299	17.1
137	33.3
94	18.1
16	35.6
125	32.0
158	49.3
168	32.1
1	38.2
77	43.2
303	33.7
254	44.0
256	64.5
257	-0.8
196
185	Saint Louis	A10	4	2–2
1–0	112.6
88	115.9
288	.4181
185	61.2
10	56.7
291	19.3
268	13.3
266	21.0
293	27.9
131	32.4
172	17.5
16	66.1
2	56.4
283	37.4
94	38.1
252	48.9
33	42.0
220	69.7
62	-0.44
108
186	UMKC	Sum	2	1–1
0–0	98.2
255	101.4
109	.4087
186	46.7
229	48.5
129	15.1
121	16.7
152	35.1
60	25.0
78	22.1
297	37.6
224	38.0
325	52.3
198	39.2
64	27.8
67	41.8
115	35.6
105	62.9
311	-0.8
171
187	Nebraska	B10	1	0–1
0–1	102.8
196	106.4
177	.4047
187	39.7
322	57.9
302	8.8
5	5.9
340	26.2
228	22.9
51	36.5
115	27.0
91	44.4
263	57.1
294	22.2
310	39.3
265	42.9
100	44.4
261	65.5
223	-0.7
157
188	Southeast Missouri St.	OVC	2	1–1
0–0	93.9
285	97.1
54	.4034
188	43.2
288	42.9
28	16.7
175	22.4
25	20.5
299	31.9
217	38.2
96	48.1
312	45.6
252	45.8
73	26.2
276	21.7
18	38.2
173	21.7
7	70.0
56	-0.8
200
189	Washington	B10	2	0–2
0–2	107.5
151	111.2
246	.4033
189	48.2
198	62.3
327	16.6
170	16.6
159	20.0
300	30.9
196	33.9
148	41.8
272	47.1
224	58.7
309	33.3
153	44.7
320	37.5
194	42.7
235	64.5
257	-0.9
252
190	Montana St.	BSky	2	1–1
0–0	94.6
280	98.0
63	.4001
190	49.5
167	45.0
48	15.3
130	16.9
145	14.8
331	36.6
294	22.4
294	26.7
88	54.2
83	47.6
99	29.2
234	26.3
40	44.9
71	31.7
60	65.2
232	-0.7
145
191	Indiana St.	MVC	1	0–1
0–0	115.1
74	119.4
309	.3984
191	58.3
23	60.4
320	11.0
16	13.8
251	17.6
317	28.1
138	40.0
76	11.9
8	58.8
28	58.7
309	38.5
75	42.9
300	43.3
93	31.3
54	71.9
26	-0.9
213
192	North Dakota St.	Sum	1	0–1
0–0	106.1
164	110.0
229	.3966
192	56.8
30	46.4
70	20.0
283	9.4
331	33.3
94	32.6
231	39.0
87	42.0
277	47.2
217	47.9
102	47.8
6	28.6
75	39.0
163	30.4
45	67.6
141	-0.9
241
193	UTEP	CUSA	4	1–3
0–2	104.7
178	108.6
211	.3951
193	46.9
226	59.0
313	17.1
191	19.7
67	31.8
130	31.0
199	31.8
177	41.0
262	44.4
263	54.2
237	34.1
145	44.4
315	37.6
191	38.2
138	69.5
69	-1.9
324
194	Southern Illinois	MVC	2	1–1
0–0	107.7
144	111.8
252	.3944
194	55.4
49	54.3
248	19.1
257	10.7
324	30.6
148	28.6
150	21.4
307	39.3
247	56.2
51	55.9
277	35.9
111	34.7
193	34.8
237	41.9
218	67.2
158	-0.41
104
195	Alabama St.
   16 seed, R64	SWAC	6	6–0
2–0	99.5
241	103.3
142	.3917
195	45.7
246	47.8
114	13.5
63	19.8
64	30.1
161	24.6
73	21.5
303	33.0
169	41.5
300	47.3
95	34.4
140	32.5
145	41.2
123	36.8
124	66.8
175	+0.40
38
196	Cal St. Bakersfield	BW	2	1–1
1–0	104.9
176	109.0
217	.3907
196	47.2
215	48.1
118	13.9
74	17.0
139	37.3
41	29.0
160	21.3
308	38.0
230	46.7
238	55.7
272	32.4
174	25.5
35	29.1
298	43.5
250	66.5
188	-0.8
183
197	Charlotte	Amer	4	1–3
0–2	105.7
169	110.0
228	.3869
197	48.1
201	54.5
250	18.6
242	13.8
251	31.3
141	28.3
145	44.9
41	48.5
313	46.9
231	54.0
234	33.0
167	36.9
234	45.4
61	32.2
67	64.5
257	-2.1
330
198	Lafayette	Pat	1	0–1
0–0	105.4
171	109.9
226	.3810
198	61.3
9	55.6
264	21.2
302	16.7
152	16.0
329	20.0
22	9.4
339	29.6
129	59.3
23	48.4
115	42.3
32	43.5
305	49.1
29	42.6
229	69.9
58	-0.9
216
199	UTSA	Amer	2	1–1
1–0	108.7
130	113.5
269	.3800
199	52.5
102	51.3
182	12.8
51	17.4
131	33.3
94	36.2
290	32.5
169	39.1
245	45.0
257	50.8
170	45.0
16	34.6
188	33.3
257	45.2
270	67.9
131	-0.8
173
200	Davidson	A10	4	1–3
0–2	103.9
186	108.7
212	.3750
200	51.8
118	57.1
294	16.2
158	16.6
159	16.9
323	19.3
20	22.9
289	28.0
108	53.1
104	57.4
300	33.3
153	37.9
250	43.6
89	47.2
292	69.5
69	-2.1
332
Rk	Team	Conf	G	Rec	AdjOE	AdjDE	Barthag	Efg%	EfgD%	TOR	TORD	ORB	DRB	FTR	FTRD	2P%	2P%D	3P%	3P%D	3PR	3PRD	Adj T.	WAB
201	East Carolina	Amer	4	2–2
1–1	100.8
225	105.4
169	.3737
201	45.2
254	51.4
186	14.0
78	14.4
227	27.3
210	34.0
262	24.6
268	27.6
102	44.3
269	50.3
156	31.1
201	35.8
215	36.3
217	32.9
72	66.4
190	-1.2
281
202	Norfolk St.
   16 seed, R64	MEAC	4	4–0
1–0	97.4
262	101.9
118	.3734
202	49.1
182	46.2
65	19.6
272	19.6
72	34.1
81	31.8
215	42.9
53	25.0
61	53.9
89	41.1
27	22.0
315	35.8
215	23.0
332	40.3
187	66.1
202	+0.24
54
203	New Hampshire	AE	1	0–1
0–0	100.6
227	105.5
170	.3668
203	43.6
280	59.4
315	14.7
102	21.2
40	17.1
322	28.0
134	20.0
318	22.9
40	41.4
302	69.2
335	30.8
207	31.8
125	47.3
44	45.8
278	65.8
212	-0.8
207
204	Tennessee St.	OVC	2	1–1
0–0	105.3
172	110.6
236	.3626
204	51.4
127	46.2
65	18.7
246	19.5
77	35.9
50	35.5
282	33.9
148	22.9
40	50.0
154	44.9
61	36.4
104	32.5
145	30.3
285	33.9
83	63.6
292	-0.9
214
205	South Florida	Amer	2	0–2
0–1	102.2
204	107.4
195	.3624
205	44.3
272	55.0
258	13.5
63	17.7
123	25.3
243	29.2
166	36.1
119	34.5
186	44.4
263	50.7
165	29.3
231	41.3
283	33.6
255	38.7
153	68.2
117	-1.3
286
206	Georgia Southern	SB	2	1–1
0–0	102.7
199	107.9
205	.3598
206	52.0
113	49.1
137	17.3
197	21.6
37	32.4
114	34.3
268	26.8
244	38.4
238	57.3
38	51.9
187	29.2
234	28.6
75	39.0
163	31.3
54	66.9
170	-0.9
219
207	Gardner Webb	BSth	2	1–1
0–0	98.2
254	103.3
140	.3593
207	48.3
195	48.4
127	21.1
299	17.6
126	34.7
68	35.9
288	33.6
153	37.7
226	48.8
182	56.2
278	31.4
198	24.5
30	29.4
295	40.2
185	68.6
100	-0.7
139
208	Idaho	BSky	2	1–1
0–0	99.7
238	105.0
165	.3553
208	46.7
229	50.8
170	18.0
225	10.8
323	24.6
256	21.8
42	46.2
36	15.0
12	52.9
111	55.6
266	27.3
260	31.6
121	51.9
13	59.4
338	69.0
81	-0.7
149
209	Grambling St.	SWAC	5	3–2
1–1	93.2
290	98.1
67	.3547
209	46.4
235	39.3
3	17.5
205	19.9
62	23.6
270	34.7
275	30.0
203	23.1
44	44.1
273	36.4
4	34.1
145	29.5
91	33.0
264	37.5
132	62.0
325	-1.8
313
210	Jackson St.	SWAC	5	4–1
2–0	98.8
247	104.2
155	.3514
210	53.0
88	43.7
36	18.4
236	13.7
253	27.6
202	25.6
90	43.0
51	23.9
49	51.8
130	40.4
17	37.5
92	32.3
139	27.4
314	41.0
200	66.7
180	-0.8
197
211	Saint Francis
   16 seed, R68	NEC	4	3–1
0–0	94.9
278	100.1
93	.3489
211	50.2
144	42.4
25	20.1
285	17.8
119	18.4
312	32.7
234	24.3
272	21.4
31	50.0
154	46.3
79	33.7
152	24.2
28	44.7
75	38.2
138	67.4
148	+0.31
48
212	LSU	SEC	2	0–2
0–1	95.1
276	100.6
101	.3439
212	40.6
319	55.9
268	19.7
276	18.9
89	22.4
282	36.2
290	43.4
48	29.4
125	46.3
244	54.3
241	23.1
305	38.8
259	49.1
29	41.2
206	68.6
100	-0.9
244
213	Abilene Christian	WAC	3	1–2
1–1	92.4
294	97.8
62	.3428
213	41.3
310	49.4
143	22.5
318	23.8
12	36.2
48	30.5
189	24.9
266	55.4
328	43.0
288	52.3
198	23.3
303	26.3
40	21.4
334	22.9
12	72.8
17	-1.5
302
214	Brown	Ivy	1	0–1
0–1	96.4
271	102.1
121	.3406
214	41.5
307	50.9
173	21.7
309	13.9
247	40.5
14	28.1
138	27.1
242	41.5
267	37.9
326	42.9
35	30.0
220	44.4
315	50.8
20	34.0
86	64.4
264	-0.8
179
215	Purdue Fort Wayne	Horz	1	0–1
0–0	90.1
307	95.5
47	.3400
215	43.5
282	40.5
7	17.0
184	22.2
27	18.2
314	34.2
265	32.3
173	53.4
324	42.9
289	53.3
219	29.6
228	17.9
8	43.5
90	48.3
301	74.5
7	-0.8
194
216	Rhode Island	A10	3	1–2
1–1	105.6
170	112.0
256	.3367
216	50.8
135	50.3
159	17.0
184	15.6
184	30.7
147	30.4
184	35.3
127	48.6
315	48.3
197	48.0
104	36.8
99	35.4
209	37.0
204	44.1
259	70.8
40	-1.4
296
217	American
   16 seed, R68	Pat	4	3–1
0–0	105.2
173	111.7
251	.3322
217	58.3
23	53.7
241	17.0
184	19.7
67	21.7
286	25.4
84	23.0
287	17.8
18	55.6
58	55.5
264	41.0
43	34.1
176	46.1
53	41.6
211	65.0
238	+0.09
63
218	TCU	B12	2	0–2
0–1	96.9
267	103.0
132	.3317
218	39.4
323	51.4
186	16.7
175	21.1
43	33.7
88	31.3
201	35.8
121	40.7
254	38.6
320	46.2
78	27.5
258	39.5
270	32.5
271	39.8
176	68.3
111	-1.2
285
219	East Tennessee St.	SC	1	0–1
0–0	101.9
207	108.3
208	.3316
219	48.0
204	56.4
280	9.9
8	18.2
108	18.2
314	35.5
282	44.9
41	63.8
335	48.1
201	50.0
146	31.8
188	40.7
282	44.9
71	57.4
336	63.5
299	-0.8
195
220	Quinnipiac	MAAC	4	2–2
1–1	107.6
147	114.5
279	.3277
220	49.4
174	51.0
178	14.4
93	14.8
212	30.8
145	29.1
163	35.7
124	24.9
59	51.4
137	53.6
227	30.9
206	29.4
89	39.5
156	27.3
26	70.0
56	-1.8
314
221	Niagara	MAAC	2	1–1
1–1	106.4
162	113.3
267	.3263
221	56.6
32	45.1
49	16.5
164	10.7
324	22.0
285	26.9
111	42.5
57	21.6
35	44.1
273	48.4
115	52.6
2	25.6
36	35.8
225	32.1
66	68.7
96	-0.8
203
222	Northeastern	CAA	1	0–1
0–0	102.7
198	109.5
223	.3256
222	50.0
147	48.2
121	23.3
327	20.2
57	42.9
7	42.4
331	38.2
96	38.2
234	48.8
182	52.8
211	35.7
119	26.3
40	25.5
327	34.5
94	66.2
196	-0.9
225
223	Southern	SWAC	3	1–2
1–1	94.1
283	100.5
100	.3192
223	42.7
297	45.4
51	20.5
289	21.0
44	39.6
23	25.5
86	40.4
71	32.9
168	44.4
263	39.6
9	25.9
278	36.5
229	31.6
277	38.4
147	65.4
227	-1.9
326
224	Navy	Pat	3	2–1
0–0	111.8
97	119.6
310	.3158
224	47.8
208	57.5
301	14.2
88	19.3
80	32.3
116	33.0
241	50.9
17	38.1
232	47.6
209	56.4
283	32.1
180	39.4
267	34.8
237	41.3
208	68.1
122	-0.6
135
225	Oregon St.	WCC	1	0–1
0–0	110.7
111	118.8
305	.3075
225	50.9
134	60.0
317	14.0
78	10.9
322	25.0
245	20.0
22	46.3
35	46.0
307	53.1
104	60.0
314	31.8
188	40.0
273	40.7
134	50.0
313	62.7
315	-0.9
222
Rk	Team	Conf	G	Rec	AdjOE	AdjDE	Barthag	Efg%	EfgD%	TOR	TORD	ORB	DRB	FTR	FTRD	2P%	2P%D	3P%	3P%D	3PR	3PRD	Adj T.	WAB
226	UC Riverside	BW	4	2–2
2–0	108.6
132	116.6
295	.3072
226	50.0
147	54.8
257	15.3
130	13.5
257	27.5
203	31.3
201	29.4
208	34.3
185	53.0
109	43.0
37	31.0
203	47.2
328	46.1
53	42.7
235	66.7
180	-0.7
163
227	Virginia Tech	ACC	2	0–2
0–1	88.6
316	95.1
45	.3069
227	46.6
233	42.3
21	28.6
340	14.6
220	27.3
210	38.4
309	33.7
152	40.8
259	59.3
23	51.2
176	22.0
315	17.4
6	48.1
39	35.4
104	64.8
245	-1.0
278
228	Western Michigan	MAC	2	1–1
1–0	99.5
239	106.9
186	.3067
228	48.7
185	53.2
229	15.1
121	19.7
67	26.0
231	27.0
112	22.0
299	24.3
51	54.7
77	54.3
241	27.8
249	34.1
176	45.8
56	36.9
126	65.9
208	-0.7
141
229	Sacred Heart	MAAC	4	1–3
0–2	102.4
202	110.1
231	.3018
229	48.5
191	50.8
170	19.2
264	18.8
93	33.1
104	34.2
265	21.2
309	22.0
39	49.2
172	50.3
156	31.8
188	34.2
180	50.8
20	44.0
256	70.5
44	-2.6
338
230	Rice	Amer	2	0–2
0–1	92.4
295	99.4
81	.3002
230	41.0
316	41.1
9	15.6
140	14.0
244	30.1
161	32.9
238	38.7
92	52.3
323	48.7
189	46.7
86	15.2
331	18.8
11	29.7
292	29.9
42	64.8
245	-1.8
318
231	Portland	WCC	1	0–1
0–0	110.5
112	119.2
308	.2959
231	55.8
43	56.3
277	16.1
154	14.7
215	20.6
298	40.0
320	16.7
329	25.0
61	48.3
197	60.0
314	41.9
38	35.3
205	51.7
15	53.1
326	66.4
190	-0.9
222
232	Northern Kentucky	Horz	1	0–1
0–0	100.5
228	108.7
213	.2890
232	42.2
302	46.2
65	23.4
328	20.3
53	46.5
4	43.3
334	18.8
324	41.5
267	32.4
338	53.5
226	37.0
97	10.0
2	42.2
108	18.9
5	65.7
218	-0.8
167
233	VMI	SC	3	2–1
0–0	100.9
224	109.2
218	.2880
233	54.1
72	46.5
75	18.2
229	14.0
244	23.5
273	34.7
275	38.5
93	43.4
284	62.2
8	48.6
120	27.6
252	28.8
81	39.2
159	38.2
138	67.3
152	-0.7
142
234	Fordham	A10	4	1–3
0–2	107.4
152	116.4
292	.2844
234	47.9
207	53.4
235	16.5
164	15.4
192	30.9
144	35.0
277	32.9
163	45.1
296	49.3
168	53.1
218	30.7
214	35.9
218	41.6
116	39.1
162	68.2
117	-2.3
334
235	UNC Asheville	BSth	2	1–1
0–0	101.7
211	110.5
235	.2780
235	52.7
93	51.3
182	16.0
150	19.6
72	26.1
229	34.2
265	36.3
117	35.6
199	54.8
74	47.1
93	32.5
172	38.0
251	35.4
227	42.4
224	66.1
202	-0.8
193
236	Fairleigh Dickinson	NEC	2	1–1
0–0	97.3
263	105.7
173	.2773
236	50.4
141	50.9
173	17.3
197	23.1
18	27.5
203	26.5
104	26.1
248	20.2
25	54.9
73	50.0
146	29.2
234	34.8
196	40.3
142	40.4
191	67.2
158	-0.8
180
237	LIU	NEC	2	1–1
0–0	103.6
188	112.9
263	.2729
237	48.3
195	49.5
145	17.8
222	14.6
220	47.1
2	18.0
14	22.3
295	37.0
217	51.2
143	45.5
66	28.2
243	38.2
253	32.2
274	34.0
86	61.3
331	-1.0
269
238	Cal St. Northridge	BW	4	1–3
1–1	104.2
184	113.6
270	.2713
238	49.4
174	52.5
216	17.7
213	15.6
184	32.7
108	29.6
169	37.7
105	40.0
251	47.2
217	48.7
126	36.8
99	37.4
240	27.9
311	51.3
318	73.5
13	-1.6
304
239	Presbyterian	BSth	1	0–1
0–0	99.2
244	108.2
207	.2712
239	49.3
177	45.5
53	6.0
1	13.4
264	23.8
268	28.6
150	17.9
327	46.4
308	43.8
278	48.6
120	42.1
34	26.3
40	28.4
304	33.9
83	63.6
292	-0.8
206
240	Virginia	ACC	2	0–2
0–1	101.9
206	111.5
248	.2628
240	49.1
182	56.3
277	15.2
128	21.3
38	16.9
323	39.6
317	26.4
245	40.8
259	51.4
137	57.5
302	30.0
220	34.8
196	36.4
215	22.3
9	64.5
257	-1.4
295
241	Albany	AE	2	1–1
0–0	103.8
187	113.6
271	.2619
241	47.7
210	53.3
231	14.9
111	13.5
257	34.1
81	26.6
105	25.8
252	28.7
118	44.6
260	53.4
222	34.5
136	35.3
205	43.9
85	27.9
31	68.6
100	-0.7
158
242	Tennessee Tech	OVC	1	0–1
0–0	103.5
190	113.2
266	.2617
242	53.7
81	48.4
127	19.1
257	17.5
130	24.2
263	43.9
335	20.4
316	25.8
80	36.4
334	45.5
66	43.8
21	34.5
183	59.3
3	46.8
288	63.8
288	-0.9
257
243	Hampton	CAA	2	1–1
0–0	101.4
214	111.1
242	.2609
243	44.3
272	51.5
190	13.8
72	20.0
59	35.8
52	39.0
312	31.1
186	53.9
327	48.0
206	51.3
177	25.5
283	34.6
188	38.5
170	25.5
17	65.8
212	-0.6
138
244	Rider	MAAC	4	3–1
2–0	107.4
153	117.6
298	.2605
244	52.0
113	52.0
200	11.7
26	15.6
184	35.1
60	28.3
145	21.5
303	30.3
139	55.2
68	52.2
196	29.7
225	34.5
183	30.1
287	39.4
171	64.0
278	-0.8
187
245	UT Arlington	WAC	2	0–2
0–1	110.0
116	120.4
314	.2598
245	50.0
147	52.8
222	17.5
205	13.9
247	38.8
30	38.9
311	30.6
192	39.2
246	49.3
168	55.2
258	34.0
148	31.6
121	42.7
103	30.4
45	67.2
158	-1.5
300
246	Utah Tech	WAC	4	1–3
0–2	98.4
249	107.8
202	.2598
246	45.5
251	52.7
219	18.7
246	17.2
133	22.5
280	28.0
134	34.2
145	59.4
332	43.4
284	55.8
276	32.6
170	30.0
97	38.7
167	29.0
35	68.4
107	-2.2
333
247	Hawaii	BW	2	0–2
0–2	102.6
200	112.7
261	.2522
247	48.2
198	53.1
226	19.9
279	11.1
317	30.0
165	29.7
173	30.1
202	25.0
61	50.8
146	47.3
95	30.0
220	45.7
324	44.2
82	27.3
26	66.0
205	-1.6
306
248	Long Beach St.	BW	2	0–2
0–2	99.3
243	109.4
220	.2459
248	47.2
215	55.1
259	26.6
339	13.3
266	34.9
64	24.7
77	35.8
121	26.3
85	48.1
201	48.9
134	30.8
207	39.4
267	49.1
29	60.2
339	65.0
238	-1.3
290
249	Boston College	ACC	2	0–2
0–2	108.6
133	119.7
312	.2457
249	47.3
212	58.5
307	14.3
89	15.8
179	26.4
224	42.9
333	38.9
88	36.4
211	52.9
111	57.4
300	25.6
281	40.0
273	38.1
178	42.4
224	68.5
106	-1.0
277
250	Coppin St.	MEAC	2	1–1
1–0	92.3
296	102.2
122	.2384
250	50.0
147	47.0
93	20.2
286	25.5
5	23.6
270	39.1
313	27.3
236	33.9
180	47.1
224	44.7
55	38.2
77	37.5
241	28.1
308	20.3
6	67.6
141	-0.9
212
Rk	Team	Conf	G	Rec	AdjOE	AdjDE	Barthag	Efg%	EfgD%	TOR	TORD	ORB	DRB	FTR	FTRD	2P%	2P%D	3P%	3P%D	3PR	3PRD	Adj T.	WAB
251	Massachusetts	A10	3	0–3
0–2	97.0
265	107.5
198	.2348
251	38.9
326	50.6
167	15.3
130	16.7
152	34.0
84	30.4
184	28.8
215	37.4
223	40.0
311	55.3
260	24.7
294	30.0
97	36.9
207	46.0
280	70.4
49	-2.3
336
252	Mercer	SC	2	1–1
0–0	91.3
304	101.7
114	.2238
252	42.7
297	50.4
162	15.9
148	15.2
196	25.7
236	20.0
22	31.9
175	28.2
112	49.3
168	53.8
230	20.9
324	30.8
107	37.1
201	44.4
261	67.9
131	-0.8
168
253	UMBC	AE	1	0–1
0–0	103.2
192	115.3
285	.2193
253	50.0
147	51.4
186	12.3
39	15.0
204	19.5
304	40.0
320	21.2
309	27.5
100	40.9
306	52.1
191	45.5
14	33.3
151	33.3
257	30.4
45	68.2
117	-0.8
164
254	Western Kentucky	CUSA	3	1–2
1–1	101.0
222	112.9
265	.2166
254	43.1
290	50.0
154	11.7
26	15.6
184	26.0
231	29.7
173	28.0
229	38.7
240	44.6
260	48.9
134	27.3
260	34.2
180	40.7
134	45.7
276	68.0
127	-1.6
307
255	Tennessee Martin	OVC	2	1–1
0–0	117.3
58	131.3
335	.2144
255	53.0
88	56.7
291	18.7
246	18.7
95	45.8
5	40.0
320	28.2
225	25.9
82	52.5
119	44.8
58	35.7
119	46.3
326	47.9
41	48.2
299	61.3
331	-0.9
220
256	UMass Lowell	AE	1	0–1
0–0	107.5
150	120.9
317	.2062
256	54.8
57	57.3
297	22.4
317	12.8
277	29.6
170	27.6
122	21.2
309	25.5
74	63.2
6	61.5
325	21.4
321	31.3
113	26.9
319	29.1
36	63.7
291	-0.9
210
257	Pacific	WCC	1	0–1
0–0	101.4
216	114.2
275	.2027
257	54.0
75	48.2
121	25.6
336	22.9
19	33.3
94	37.5
302	60.0
6	53.6
325	50.0
154	45.7
68	42.9
27	40.0
273	28.0
309	17.9
3	70.4
49	-1.0
264
258	Loyola MD	Pat	1	0–1
0–0	100.1
231	112.9
264	.2017
258	50.0
147	54.5
250	17.1
191	12.8
277	31.6
133	16.1
9	29.0
213	41.8
272	41.0
305	51.4
179	43.5
23	40.0
273	37.1
201	36.4
114	62.2
319	-0.8
202
259	Western Carolina	SC	1	0–1
0–0	95.4
274	107.9
204	.1955
259	46.7
229	39.7
4	10.3
11	7.4
338	15.4
330	21.6
38	28.3
221	43.1
281	51.6
134	52.6
206	27.6
252	10.0
2	48.3
38	34.5
94	64.5
257	-0.9
256
260	Texas Southern	SWAC	2	1–1
1–0	101.4
215	114.8
281	.1945
260	60.3
14	49.6
146	22.7
320	15.8
179	33.3
94	34.6
272	25.6
254	25.4
68	53.2
100	46.3
79	50.0
3	36.5
229	32.5
271	38.8
156	70.8
40	-0.9
234
261	FIU	CUSA	4	1–3
0–2	92.2
298	104.5
161	.1917
261	41.3
310	48.9
135	17.0
184	17.0
139	28.7
188	30.1
177	38.8
89	28.6
114	41.7
299	52.5
203	27.1
265	29.3
84	37.9
183	41.6
211	65.7
218	-2.1
331
262	Columbia	Ivy	1	0–1
0–1	100.3
229	114.2
276	.1837
262	51.6
122	64.9
333	15.1
121	10.1
327	16.2
327	12.5
3	34.4
140	23.9
49	61.5
12	70.6
336	24.0
300	39.4
267	39.1
160	49.3
308	75.6
3	-0.7
146
263	Samford	SC	2	0–2
0–0	111.2
103	126.9
330	.1800
263	52.6
97	67.8
335	23.0
323	18.7
95	35.3
59	33.3
245	28.4
219	64.4
337	53.4
97	62.2
329	34.5
136	48.2
333	50.0
22	55.4
331	71.8
28	-0.8
190
264	Ohio	MAC	2	0–2
0–1	103.3
191	117.9
299	.1785
264	52.7
93	54.7
254	12.8
51	11.4
308	25.0
245	30.3
179	30.5
195	43.3
283	52.7
115	56.6
285	35.1
126	32.1
133	28.9
299	22.0
8	69.0
81	-1.8
315
265	Bucknell	Pat	2	1–1
0–0	103.9
185	118.8
306	.1772
265	54.1
72	49.1
137	15.1
121	14.4
227	25.0
245	30.4
184	47.7
24	53.6
325	55.6
58	40.0
11	34.8
131	42.9
300	42.2
108	37.5
132	66.1
202	-0.9
258
266	South Dakota St.	Sum	1	0–1
0–0	93.9
284	107.5
196	.1747
266	33.6
340	56.8
293	8.2
3	13.6
256	32.7
108	17.6
12	49.3
20	40.7
254	47.4
211	51.9
187	10.3
338	40.6
279	43.3
93	54.2
327	71.7
29	-0.9
245
267	Appalachian St.	SB	1	0–1
0–0	98.0
257	112.2
257	.1743
267	41.3
310	46.4
70	14.1
83	15.9
177	30.6
148	39.4
315	32.7
165	20.0
23	37.9
326	46.9
90	30.4
216	30.4
102	44.2
82	41.8
216	57.7
339	-1.0
260
268	Morgan St.	MEAC	3	1–2
0–1	93.0
291	106.6
181	.1726
268	47.0
223	47.9
116	21.1
299	18.1
109	35.9
50	27.9
131	33.0
162	36.4
211	46.6
239	45.0
63	32.4
174	36.2
222	20.0
337	31.0
50	71.9
26	-1.8
319
269	Saint Peter's	MAAC	2	1–1
1–1	89.5
311	102.6
127	.1718
269	41.0
316	46.5
75	14.1
83	16.9
145	27.4
206	23.3
56	30.5
195	33.9
180	41.3
304	40.0
11	27.1
265	37.8
248	37.5
194	39.1
162	68.6
100	-1.0
272
270	Southeastern Louisiana	Slnd	1	0–1
0–0	92.5
292	106.2
175	.1707
270	41.7
306	46.1
63	14.7
102	13.3
266	33.3
94	35.7
285	24.2
274	26.6
87	46.4
241	44.4
50	10.0
339	32.1
133	15.2
340	43.8
254	62.8
312	-0.9
231
271	Fairfield	MAAC	3	1–2
1–1	89.8
309	103.0
134	.1700
271	47.0
223	47.3
99	14.7
102	20.2
57	17.6
317	28.8
153	21.5
303	28.0
108	52.3
122	45.7
68	23.2
304	33.3
151	30.1
287	36.3
112	70.2
53	-1.8
312
272	Jacksonville	ASun	1	0–1
0–0	99.9
233	114.7
280	.1696
272	42.2
302	55.9
268	17.1
191	9.3
332	27.0
218	29.0
160	27.6
234	56.9
330	38.9
318	51.4
179	31.8
188	43.8
308	37.9
183	31.4
57	64.8
245	-0.7
143
273	Siena	MAAC	3	1–2
1–1	97.2
264	111.6
249	.1694
273	44.5
268	51.7
195	14.7
102	14.2
237	30.4
155	26.8
109	36.5
115	25.0
61	49.2
172	52.5
203	23.8
302	33.3
151	34.8
237	30.7
48	69.2
76	-1.8
317
274	Tarleton St.	WAC	3	0–3
0–2	87.6
320	100.8
104	.1653
274	44.6
267	47.7
110	22.3
315	20.7
47	25.5
239	32.3
223	35.8
121	45.8
305	46.4
241	47.1
93	26.3
273	32.4
142	25.7
326	44.4
261	65.0
238	-2.5
337
275	Little Rock	OVC	2	1–1
0–0	107.8
143	124.6
328	.1591
275	49.5
167	58.1
303	22.2
314	20.7
47	41.8
9	38.3
308	37.3
109	43.8
289	46.1
248	56.7
286	38.2
77	40.0
273	30.9
281	42.9
240	64.9
242	-0.8
199
Rk	Team	Conf	G	Rec	AdjOE	AdjDE	Barthag	Efg%	EfgD%	TOR	TORD	ORB	DRB	FTR	FTRD	2P%	2P%D	3P%	3P%D	3PR	3PRD	Adj T.	WAB
276	Stony Brook	CAA	1	0–1
0–0	110.7
110	128.3
332	.1546
276	57.5
28	63.5
331	17.7
213	11.2
314	37.9
34	26.1
99	41.5
63	32.7
165	52.6
117	72.4
337	46.7
8	34.8
196	28.3
305	44.2
260	59.6
338	-0.9
237
277	Air Force	MWC	2	0–2
0–1	94.3
281	109.4
221	.1533
277	46.4
235	60.3
319	21.6
308	14.4
227	18.8
308	28.3
145	23.5
283	34.6
189	58.8
28	61.1
324	26.6
272	39.6
271	65.3
1	49.5
310	63.0
310	-1.1
280
278	Delaware St.	MEAC	2	1–1
1–0	104.3
183	121.5
322	.1481
278	54.9
55	55.1
259	17.6
210	25.2
7	41.8
9	37.0
298	53.9
9	49.0
317	52.4
120	52.6
206	44.4
18	39.0
262	17.6
338	41.8
216	66.2
196	-1.0
265
279	Wright St.	Horz	1	0–1
0–0	99.5
240	115.8
287	.1480
279	52.7
93	56.1
276	23.6
330	13.3
266	14.8
331	38.2
307	5.4
340	49.1
319	64.7
3	60.7
321	22.7
308	34.5
183	39.3
157	50.9
316	67.1
163	-0.7
154
280	Florida A&M	SWAC	3	1–2
0–1	105.8
166	123.2
326	.1478
280	51.4
127	55.6
264	12.2
33	14.1
241	22.5
280	25.5
86	33.3
157	48.8
316	57.3
38	55.1
257	29.6
228	37.5
241	45.8
56	39.5
174	66.5
188	-1.8
320
281	Binghamton	AE	1	0–1
0–0	95.2
275	111.2
244	.1440
281	50.0
147	44.9
47	9.3
6	12.4
280	16.1
328	38.1
306	22.8
291	13.0
11	48.6
191	43.2
38	35.0
128	31.3
113	35.1
231	46.4
283	64.4
264	-0.9
227
282	Lindenwood	OVC	2	1–1
0–0	89.1
314	104.3
158	.1413
282	38.5
328	47.5
106	15.3
130	19.7
67	31.7
132	31.6
208	33.6
153	24.6
56	43.2
285	37.8
6	17.6
328	45.0
322	27.9
311	32.8
71	68.8
91	-0.9
218
283	Dartmouth	Ivy	2	0–2
0–1	89.3
312	104.6
162	.1399
283	45.6
249	53.3
231	19.8
278	12.0
295	21.1
292	19.1
19	28.9
214	25.4
68	52.3
122	56.9
290	24.5
296	32.0
128	43.0
98	41.0
200	69.9
58	-1.7
309
284	Texas St.	SB	1	0–1
0–0	85.1
329	99.9
87	.1361
284	40.3
320	41.7
14	18.9
252	18.9
89	37.5
37	30.8
193	27.4
235	30.0
135	38.8
319	35.1
2	30.8
207	34.8
196	21.0
335	38.3
143	70.1
55	-1.0
260
285	South Dakota	Sum	2	1–1
0–0	98.1
256	115.2
284	.1354
285	44.4
269	61.5
324	11.1
18	16.9
145	27.8
195	29.5
167	43.0
51	38.5
239	43.9
276	60.0
314	30.2
219	42.6
297	39.3
157	38.5
151	77.8
1	-0.6
129
286	Weber St.	BSky	2	1–1
0–0	98.3
253	115.9
289	.1314
286	51.0
133	56.3
277	12.9
55	19.0
86	14.8
331	21.8
42	41.2
65	32.7
165	47.0
230	61.0
323	38.9
66	33.3
151	35.3
228	43.3
248	66.0
205	-0.8
169
287	San Diego	WCC	2	1–1
0–0	105.1
175	123.9
327	.1303
287	49.6
165	64.5
332	23.0
323	21.7
33	33.8
86	32.1
219	42.7
54	44.9
293	43.6
282	58.3
306	41.0
43	51.4
338	33.3
257	32.7
70	74.4
8	-0.8
177
288	Morehead St.	OVC	1	0–1
0–0	96.5
270	113.8
274	.1299
288	43.1
290	36.3
1	17.3
197	8.6
334	28.9
184	32.5
228	21.5
303	45.2
298	30.2
340	44.7
55	45.5
14	6.7
1	33.8
253	24.2
15	67.3
152	-1.0
268
289	UC Davis	BW	3	0–3
0–2	99.8
236	118.0
302	.1272
289	46.6
233	60.9
322	20.5
289	17.0
139	26.9
221	27.7
124	31.9
175	30.9
146	42.2
298	57.0
292	36.1
109	44.6
319	37.4
196	39.4
171	64.4
264	-2.3
335
290	Mississippi Valley St.	SWAC	2	0–2
0–2	93.8
286	110.9
239	.1269
290	52.9
90	52.3
213	20.3
287	18.1
109	13.6
337	30.5
189	24.5
269	39.3
247	44.8
258	57.6
303	45.7
13	13.3
4	34.3
247	14.0
1	67.1
163	-1.9
328
291	Howard	MEAC	2	0–2
0–1	98.4
250	116.5
294	.1260
291	50.0
147	51.5
190	21.7
309	16.5
165	36.5
46	40.0
320	37.9
101	35.6
199	45.1
255	49.1
138	37.7
86	41.7
288	42.7
103	18.2
4	74.6
6	-1.9
325
292	Longwood	BSth	1	0–1
0–0	98.7
248	117.0
297	.1246
292	40.2
321	69.6
337	14.4
93	19.6
72	34.8
65	13.3
7	68.9
2	62.7
334	41.5
300	80.0
339	25.0
287	41.9
293	32.8
266	60.8
340	70.9
38	-0.9
211
293	Milwaukee	Horz	1	0–1
0–0	92.1
299	109.4
219	.1213
293	56.5
33	58.3
305	17.9
224	19.4
79	13.3
338	21.7
40	22.2
296	16.7
14	63.9
4	58.3
306	27.8
249	38.9
261	33.3
257	33.3
77	70.8
40	-0.9
250
294	Wagner	NEC	1	0–1
0–0	82.8
334	98.4
70	.1208
294	37.7
334	52.0
200	19.1
257	25.4
6	39.5
24	21.4
34	29.8
205	11.8
7	51.5
135	50.0
146	12.5
335	36.0
220	42.1
110	49.0
305	63.1
307	-0.9
242
295	Bethune Cookman	SWAC	3	2–1
1–0	89.8
308	106.9
187	.1189
295	41.5
307	48.8
134	11.2
20	16.5
165	27.8
195	23.0
52	27.2
239	28.7
118	38.4
323	50.8
170	31.4
198	29.4
89	35.9
223	29.8
41	69.1
78	-0.9
215
296	Fresno St.	MWC	2	0–2
0–1	101.8
209	121.4
320	.1167
296	45.7
246	56.6
285	14.9
111	16.3
170	27.5
203	42.6
332	42.7
54	31.0
148	48.1
201	62.0
327	27.5
258	32.0
128	34.2
248	38.8
156	72.8
17	-1.5
299
297	Houston Christian	Slnd	1	0–1
0–0	81.1
335	97.3
56	.1104
297	42.7
297	52.0
200	17.7
213	22.5
23	5.6
340	36.7
296	25.0
261	31.4
153	38.5
321	50.0
146	31.8
188	38.5
255	45.8
56	25.5
17	62.0
325	-0.8
192
298	Bowling Green	MAC	2	0–2
0–1	93.2
288	112.0
255	.1087
298	48.6
188	56.0
272	25.3
335	12.3
283	31.3
141	27.1
116	29.1
211	23.2
46	52.1
125	56.7
286	28.2
243	36.9
234	35.5
226	52.0
322	66.9
170	-1.7
310
299	William & Mary	CAA	1	0–1
0–0	97.7
260	118.2
304	.1010
299	42.8
296	70.0
338	12.7
49	17.8
119	27.7
199	12.9
6	34.8
133	35.0
193	37.1
330	48.4
115	32.4
174	62.1
340	49.3
27	48.3
301	75.3
5	-0.9
237
300	Missouri St.	MVC	1	0–1
0–0	85.5
327	103.7
149	.0980
300	38.8
327	60.8
321	19.1
257	19.1
85	32.4
114	24.1
66	20.7
315	25.5
74	38.5
321	57.1
294	26.3
273	43.5
305	32.8
266	45.1
268	64.4
264	-0.8
181
Rk	Team	Conf	G	Rec	AdjOE	AdjDE	Barthag	Efg%	EfgD%	TOR	TORD	ORB	DRB	FTR	FTRD	2P%	2P%D	3P%	3P%D	3PR	3PRD	Adj T.	WAB
301	James Madison	SB	1	0–1
0–0	98.4
251	120.0
313	.0932
301	37.9
330	56.6
285	12.2
33	19.9
62	31.8
130	35.5
282	30.6
192	43.4
284	37.1
330	60.0
314	25.9
278	35.7
213	43.5
90	52.8
325	66.6
183	-0.7
161
302	Seton Hall	BE	2	0–2
0–1	84.5
330	103.0
135	.0930
302	43.8
278	56.6
285	21.9
312	26.5
3	25.4
241	46.3
336	25.0
261	49.0
317	43.8
278	56.9
290	29.0
240	37.5
241	29.8
291	40.8
195	67.8
134	-0.8
188
303	Campbell	CAA	1	0–1
0–0	93.2
289	113.8
273	.0918
303	45.0
259	54.5
250	15.4
135	12.3
283	27.8
195	40.0
320	18.3
325	11.9
8	50.0
154	50.0
146	22.2
310	46.7
327	30.0
289	22.4
10	62.2
319	-0.9
237
304	Wyoming	MWC	1	0–1
0–0	86.0
323	104.9
164	.0918
304	44.1
274	52.2
209	21.0
298	24.0
11	34.2
76	21.4
34	25.4
256	45.7
304	57.5
36	54.5
248	10.5
337	33.3
151	32.2
274	52.2
323	67.5
145	-0.9
209
305	Maryland Eastern Shore	MEAC	2	0–2
0–1	99.8
237	121.9
323	.0911
305	51.9
117	57.1
294	18.5
239	16.2
172	29.4
176	27.5
120	38.3
95	51.0
322	42.9
289	62.9
330	43.2
25	28.6
75	41.1
127	28.6
32	64.0
278	-1.8
316
306	Buffalo	MAC	1	0–1
0–1	98.4
252	120.6
316	.0877
306	43.4
284	54.3
248	17.3
197	8.6
334	30.0
165	40.0
320	31.1
186	27.1
94	47.1
224	54.8
255	25.9
278	35.7
213	44.3
80	40.0
179	65.7
218	-0.6
131
307	Marist	MAAC	3	0–3
0–2	89.7
310	111.0
240	.0797
307	39.4
323	51.9
197	19.1
257	17.0
139	34.2
76	26.0
95	14.0
335	27.2
96	42.9
289	43.7
42	23.0
306	44.1
312	41.3
122	36.4
114	63.5
299	-2.7
340
308	Eastern Washington	BSky	1	0–1
0–0	83.5
331	103.9
153	.0746
308	43.4
284	52.8
222	19.1
257	22.2
27	23.5
273	33.3
245	18.9
323	20.4
26	35.9
336	48.4
115	42.9
27	39.1
263	26.4
322	42.6
229	63.6
292	-0.9
248
309	Prairie View A&M	SWAC	2	0–2
0–1	95.5
272	119.1
307	.0732
309	48.0
204	56.5
282	16.6
170	20.3
53	30.6
148	35.2
280	23.6
281	27.0
91	53.9
89	52.1
191	25.5
283	42.9
300	38.2
173	36.5
118	67.8
134	-1.9
327
310	Elon	CAA	1	0–1
0–0	123.1
27	153.6
340	.0729
310	55.8
43	61.0
323	14.8
108	11.5
303	35.7
54	54.8
340	40.4
71	40.7
254	54.8
74	52.9
213	38.1
83	48.0
331	40.4
141	42.4
224	64.8
245	-0.9
217
311	Denver	Sum	1	0–1
0–0	91.9
300	114.8
282	.0719
311	50.0
147	62.2
326	21.4
305	16.8
148	19.4
305	23.1
53	52.2
14	73.3
339	51.5
135	52.0
190	30.8
207	50.0
335	28.3
305	44.4
261	65.0
238	-0.8
174
312	North Carolina Central	MEAC	3	1–2
0–1	100.0
232	125.6
329	.0680
312	52.6
97	58.7
310	23.6
330	18.4
103	28.9
184	41.2
327	44.4
45	34.1
183	54.2
83	56.8
289	33.3
153	42.6
297	37.3
197	26.3
22	68.3
111	-1.6
308
313	Boston University	Pat	1	0–1
0–0	111.8
99	141.9
339	.0602
313	56.5
33	57.4
299	26.1
338	12.3
283	48.3
1	40.0
320	35.2
128	55.6
329	51.3
140	59.5
313	46.7
8	35.3
205	27.8
313	31.5
58	65.4
227	-1.0
271
314	Ball St.	MAC	1	0–1
0–1	86.4
321	110.1
230	.0581
314	41.0
316	52.1
206	19.1
257	12.3
283	34.8
65	24.4
70	25.4
256	12.9
10	50.0
154	50.0
146	14.3
333	36.1
221	31.3
278	51.4
319	71.5
30	-0.7
156
315	Le Moyne	NEC	1	0–1
0–0	107.6
146	137.4
337	.0568
315	52.8
92	63.2
330	19.6
272	16.6
159	29.4
176	32.1
219	39.6
81	28.1
111	62.9
7	56.3
279	22.2
310	48.0
331	34.0
251	43.9
255	68.0
127	-0.8
186
316	Arkansas Pine Bluff	SWAC	2	0–2
0–2	94.9
277	121.3
318	.0563
316	55.7
45	53.1
226	22.3
315	20.0
59	29.5
174	35.8
287	28.6
217	29.5
127	59.0
26	54.4
246	34.1
145	34.1
176	41.9
113	39.3
166	65.6
222	-1.9
328
317	Alcorn St.	SWAC	3	2–1
2–0	91.4
303	116.8
296	.0558
317	50.0
147	53.5
236	19.0
254	18.0
113	32.3
116	20.4
27	23.7
279	26.4
86	52.0
127	50.0
146	29.5
230	40.0
273	26.0
325	34.6
98	64.0
278	-0.9
251
318	Charleston Southern	BSth	1	0–1
0–0	89.3
313	114.4
277	.0549
318	46.4
235	59.8
316	23.9
334	12.0
295	30.6
148	25.0
78	23.2
284	19.7
22	53.1
104	57.8
304	25.0
287	43.8
308	42.9
100	26.2
20	66.4
190	-0.9
240
319	Penn	Ivy	1	0–1
0–1	107.6
149	137.8
338	.0548
319	54.5
62	74.6
340	16.1
154	13.1
271	13.3
338	15.4
8	23.6
281	16.9
15	55.3
65	65.4
333	35.3
123	54.5
339	30.9
281	55.9
333	69.0
81	-0.8
198
320	Sacramento St.	BSky	1	0–1
0–0	107.2
156	137.4
336	.0544
320	52.0
113	67.9
336	14.3
89	7.9
336	17.2
320	12.5
3	37.3
109	28.3
113	53.3
99	62.1
328	33.3
153	50.0
335	41.2
123	45.3
272	64.8
245	-1.0
263
321	Central Michigan	MAC	1	0–1
0–1	91.7
302	118.1
303	.0518
321	46.4
235	50.0
154	19.6
272	25.7
4	36.8
42	39.5
316	80.4
1	37.9
228	42.6
294	44.1
44	44.4
18	37.5
241	16.1
339	48.5
303	63.8
288	-1.0
274
322	Stonehill	NEC	1	0–1
0–0	88.1
319	113.5
268	.0518
322	44.0
276	58.5
307	23.1
325	15.4
192	30.8
145	17.9
13	17.2
328	24.5
54	46.2
246	54.3
241	26.3
273	44.4
315	32.8
266	34.0
86	63.1
307	-0.9
246
323	Oral Roberts	Sum	1	0–1
0–0	94.8
279	122.1
325	.0513
323	45.7
246	53.3
231	19.5
271	16.2
172	21.4
288	37.1
299	34.0
147	16.4
13	51.9
128	45.7
68	25.0
287	42.3
294	42.6
105	42.6
229	64.4
264	-0.9
236
324	Cal St. Fullerton	BW	2	0–2
0–2	83.1
333	107.2
192	.0504
324	43.4
284	54.7
254	22.9
322	11.8
300	20.8
296	22.7
49	28.3
221	25.0
61	43.1
286	54.4
246	29.2
234	36.6
231	42.5
106	55.5
332	68.4
107	-1.7
311
325	Evansville	MVC	1	0–1
0–0	88.8
315	114.9
283	.0490
325	37.8
333	60.0
317	19.0
254	19.0
86	23.5
273	33.3
245	44.9
41	23.6
47	40.0
311	44.4
50	21.4
321	50.0
335	28.6
301	50.9
316	65.8
212	-0.8
204
Rk	Team	Conf	G	Rec	AdjOE	AdjDE	Barthag	Efg%	EfgD%	TOR	TORD	ORB	DRB	FTR	FTRD	2P%	2P%D	3P%	3P%D	3PR	3PRD	Adj T.	WAB
326	UNC Greensboro	SC	1	0–1
0–0	85.7
325	111.2
243	.0475
326	38.5
328	44.5
44	17.5
205	11.1
317	31.4
136	28.6
150	50.0
19	36.4
211	44.7
259	55.6
266	14.3
333	15.8
5	26.9
319	34.5
94	62.1
322	-1.0
266
327	Southern Miss	SB	1	0–1
0–0	90.9
305	118.0
301	.0475
327	42.9
292	56.6
285	21.9
312	23.4
16	37.5
37	48.4
337	19.0
322	21.3
30	43.9
276	64.3
331	27.3
260	26.3
40	34.9
236	31.1
52	66.2
196	-0.9
243
328	Portland St.	BSky	1	0–1
0–0	85.6
326	112.2
258	.0428
328	45.1
258	58.8
311	12.4
43	19.2
81	24.4
258	26.7
108	13.9
336	56.9
330	55.2
68	68.2
334	25.6
281	34.5
183	59.7
2	56.9
334	73.8
10	-0.9
249
329	Vermont	AE	2	1–1
0–0	79.0
337	103.6
148	.0422
329	43.6
280	42.9
28	23.8
333	9.5
330	27.7
199	17.1
11	24.5
269	27.7
105	51.9
128	43.5
41	22.9
307	27.9
68	47.1
45	38.4
147	63.4
303	-0.9
255
330	Chicago St.	NEC	1	0–1
0–0	96.6
269	127.3
331	.0403
330	43.4
284	48.5
129	11.7
26	16.7
152	17.6
317	52.8
339	26.4
245	7.6
1	36.8
332	54.2
237	40.0
55	22.2
22	28.3
305	27.3
26	62.2
319	-0.9
230
331	The Citadel	SC	1	0–1
0–0	86.1
322	114.4
278	.0366
331	41.5
307	66.3
334	20.3
287	21.7
33	34.8
65	12.5
3	47.5
28	28.6
114	47.2
217	73.3
338	21.7
319	36.8
233	39.0
163	38.8
156	68.1
122	-1.0
266
332	Idaho St.	BSky	1	0–1
0–0	90.2
306	121.3
319	.0321
332	37.1
335	73.1
339	16.5
164	19.5
77	36.4
47	9.5
1	21.2
309	11.5
5	39.5
315	82.1
340	21.7
319	41.7
288	34.8
237	46.2
281	68.1
122	-0.9
221
333	USC Upstate	BSth	1	0–1
0–0	83.2
332	111.9
254	.0318
333	41.1
315	50.0
154	19.9
279	21.3
38	29.3
178	42.1
330	30.6
192	29.9
134	48.6
191	51.0
174	20.0
326	31.3
113	40.3
142	23.9
14	73.2
14	-0.9
254
334	Louisiana	SB	1	0–1
0–0	85.1
328	116.0
290	.0275
334	37.0
336	50.9
173	13.6
67	22.1
29	25.0
245	51.6
338	24.1
276	21.4
31	47.2
217	48.8
131	11.1
336	38.5
255	33.3
257	23.2
13	60.0
337	-1.0
260
335	Southern Utah	WAC	2	0–2
0–1	72.9
340	101.9
119	.0206
335	37.9
330	41.9
16	21.7
309	15.2
196	20.0
300	34.5
270	38.8
89	29.5
127	40.3
308	40.4
17	22.2
310	30.0
97	35.0
234	31.0
50	69.6
66	-1.9
322
336	Illinois Chicago	MVC	1	0–1
0–0	74.1
339	104.0
154	.0198
336	34.2
339	49.2
139	13.8
72	12.3
283	21.4
288	27.0
112	31.6
181	9.4
2	32.4
338	58.5
308	25.0
287	21.7
18	35.1
231	35.9
109	64.6
255	-0.9
228
337	Alabama A&M	SWAC	3	0–3
0–2	85.9
324	122.1
324	.0174
337	43.5
282	56.6
285	22.6
319	16.8
148	25.5
239	25.7
91	27.9
231	33.8
178	35.6
337	52.4
200	35.8
116	43.8
308	43.5
90	31.8
63	65.3
230	-2.7
339
338	Canisius	MAAC	2	0–2
0–2	81.0
336	118.0
300	.0130
338	42.9
292	50.4
162	20.8
293	14.8
212	19.7
302	28.4
149	16.1
331	32.8
167	40.0
311	52.4
200	30.8
207	32.1
133	46.4
49	45.7
276	70.5
44	-1.8
321
339	North Carolina A&T	CAA	1	0–1
0–0	88.3
317	130.3
334	.0113
339	36.3
337	53.2
229	18.6
242	7.8
337	25.6
238	28.2
143	45.1
40	27.0
91	37.9
326	40.7
23	22.7
308	41.7
288	43.1
97	57.1
335	68.2
117	-0.9
235
340	Army	Pat	1	0–1
0–0	75.8
338	120.5
315	.0048
340	37.9
330	62.3
327	12.9
55	12.9
275	18.6
311	19.4
21	12.1
337	18.0
19	48.7
189	57.1
294	14.8
332	46.2
325	40.9
129	42.6
229	70.2
53	-0.9
226