Rk	Team	Conf	G	Rec	AdjOE	AdjDE	Barthag	EFG%	EFGD%	TOR	TORD	ORB	DRB	FTR	FTRD	2P%	2P%D	3P%	3P%D	3PR	3PRD	Adj T.	WAB
1	Louisville
   1 seed, CHAMPS	BE	4	4–0
1–0	119.2
21	83.9
7	.9827
1	51.9
84	44.3
66	19.9
196	27.5
7	36.2
62	39.5
285	44.2
69	32.7
119	48.2
130	43.1
61	39.2
69	31.1
107	34.4
136	35.1
201	67.2
79	+2.2
1
2	Creighton
   7 seed, R32	MVC	3	3–0
0–0	116.8
27	82.4
4	.9822
2	55.2
40	36.1
2	22.0
252	13.2
300	32.1
143	31.0
155	37.1
148	25.6
37	50.6
95	35.2
5	41.4
41	25.5
37	40.6
44	29.0
83	60.2
277	+1.1
9
3	Gonzaga
   1 seed, R32	WCC	2	2–0
0–0	110.6
78	80.6
2	.9743
3	51.6
93	39.0
7	17.3
114	20.6
100	30.4
169	27.3
80	50.0
33	26.7
49	53.5
55	39.7
24	30.4
214	25.5
37	24.5
293	44.8
304	61.7
244	+0.7
20
4	Baylor	B12	3	2–1
1–0	130.1
1	95.4
76	.9726
4	60.3
6	43.1
46	15.4
56	16.8
215	37.2
49	26.8
76	44.6
65	43.7
230	55.6
38	40.3
29	46.6
11	33.3
129	33.1
156	28.7
76	67.7
60	+0.26
48
5	Georgetown
   2 seed, R64	BE	4	2–2
1–1	112.9
57	83.2
6	.9709
5	49.0
148	43.0
44	22.2
257	25.6
15	36.5
57	31.7
168	28.9
251	50.9
276	46.0
188	39.1
18	36.0
130	33.9
152	37.3
85	32.7
153	56.8
313	+0.6
24
6	Ohio St.
   2 seed, Elite Eight	B10	4	4–0
1–0	114.3
39	84.8
8	.9687
6	51.2
98	43.3
49	17.0
104	19.9
118	29.3
193	26.9
77	31.2
223	21.8
13	55.4
41	46.8
140	29.2
235	25.0
27	35.6
115	37.6
246	61.1
258	+2.1
3
7	Duke
   2 seed, Elite Eight	ACC	2	1–1
1–0	121.0
12	92.9
47	.9544
7	51.3
95	45.6
90	16.0
73	19.0
141	27.9
217	36.8
253	26.3
275	33.6
130	60.8
8	48.1
170	22.5
302	26.5
48	35.1
123	30.1
93	62.8
213	+0.19
59
8	Indiana
   1 seed, Sweet Sixteen	B10	3	2–1
1–0	120.9
13	93.2
50	.9521
8	49.4
133	48.3
143	21.2
239	17.1
202	45.5
7	32.4
182	26.9
267	30.2
85	48.8
125	43.5
68	34.0
159	38.6
228	28.6
245	33.1
167	66.1
111	+1.2
8
9	Florida
   3 seed, Elite Eight	SEC	5	3–2
1–1	112.3
60	86.7
16	.9516
9	51.3
95	43.5
52	17.3
114	17.9
170	31.7
154	29.9
138	29.6
244	34.1
140	47.1
159	42.2
49	39.0
77	30.7
97	37.0
89	33.7
173	61.2
255	+0.04
73
10	Saint Louis
   4 seed, R32	A10	5	4–1
1–1	104.6
148	81.2
3	.9486
10	47.2
189	42.6
36	18.7
157	23.9
28	27.1
226	30.1
139	50.8
30	40.0
195	48.8
125	43.8
74	29.6
230	26.3
46	36.8
93	28.1
65	67.9
53	+1.3
7
11	Arizona
   6 seed, Sweet Sixteen	P12	3	2–1
1–0	119.7
18	93.3
51	.9458
11	51.7
89	46.5
104	18.0
137	18.0
166	37.5
43	28.7
113	26.7
270	43.9
231	50.5
96	46.6
134	35.8
133	30.8
99	39.0
60	25.2
32	63.6
191	+0.25
51
12	Iowa	B10	4	3–1
1–0	116.5
30	91.6
38	.9412
12	49.1
142	43.4
51	20.6
215	17.8
176	42.0
14	27.3
80	40.1
108	27.8
59	49.3
117	42.1
48	32.4
194	30.4
91	32.1
176	37.3
240	64.4
167	+0.12
66
13	Michigan St.
   3 seed, Sweet Sixteen	B10	4	3–1
2–0	113.8
43	89.8
28	.9381
13	47.6
182	45.4
87	19.9
196	20.3
107	37.5
43	33.1
195	28.6
255	23.1
19	46.8
167	51.7
233	33.3
171	25.0
27	25.7
287	44.2
302	60.9
263	+1.1
11
14	Alabama	SEC	4	3–1
1–0	109.4
87	87.3
18	.9305
14	49.2
138	43.0
44	20.4
206	20.0
115	33.3
112	35.5
235	30.4
233	30.5
88	46.2
184	44.1
80	37.3
111	27.4
55	30.9
202	36.5
231	58.9
295	+0.42
35
15	Mississippi
   12 seed, R32	SEC	4	4–0
1–0	108.3
104	86.9
17	.9263
15	49.8
123	45.4
87	14.6
42	20.2
109	27.3
223	28.4
106	37.4
142	24.8
31	54.1
49	44.7
94	26.5
265	30.8
99	30.0
221	46.5
312	67.8
57	+2.2
2
16	Kansas St.
   4 seed, R64	B12	4	2–2
0–1	116.0
34	93.6
55	.9222
16	45.0
242	46.6
106	15.9
70	21.5
69	35.1
78	35.4
231	32.0
210	36.9
165	41.3
278	46.2
128	34.1
155	31.7
113	38.1
72	30.6
103	61.8
238	+0.45
31
17	Iowa St.
   10 seed, R32	B12	4	3–1
2–0	121.9
8	98.6
116	.9198
17	55.4
36	48.0
138	20.7
217	14.8
270	34.4
91	28.7
113	40.4
103	26.6
48	57.1
18	53.9
259	35.6
137	24.7
26	46.6
12	34.8
195	70.4
18	+1.1
10
18	Kansas
   1 seed, Sweet Sixteen	B12	4	3–1
0–1	113.3
50	91.8
39	.9188
18	57.1
23	48.4
146	22.0
252	19.4
129	35.0
80	29.2
124	33.9
180	34.4
143	56.8
23	49.7
206	38.6
87	30.9
106	32.1
176	36.2
219	67.0
83	+1.0
13
19	Villanova
   9 seed, R64	BE	3	2–1
1–0	105.1
141	85.2
10	.9171
19	45.4
237	47.2
122	28.8
317	28.8
5	37.2
49	35.6
238	57.4
13	27.8
59	48.0
133	44.0
77	25.6
278	35.8
175	27.7
259	32.7
153	68.5
39	+0.8
18
20	Butler
   6 seed, R32	A10	5	4–1
2–0	110.8
74	90.0
29	.9163
20	49.8
123	49.0
159	20.6
215	18.1
164	33.7
108	19.6
11	36.2
155	41.3
206	52.8
61	48.9
190	29.3
234	32.9
126	34.3
138	29.6
87	64.9
144	+1.3
6
21	Miami FL
   2 seed, Sweet Sixteen	ACC	5	4–1
1–1	122.6
6	99.9
131	.9134
21	54.9
43	53.5
241	16.0
73	16.7
218	35.1
78	23.7
38	40.7
101	31.0
95	52.5
66	49.4
200	39.0
77	40.4
257	39.9
53	36.4
225	61.9
233	+0.8
17
22	New Mexico
   3 seed, R64	MWC	5	4–1
1–1	119.6
19	97.5
103	.9131
22	55.9
32	46.4
102	13.4
22	14.1
287	28.3
210	29.4
129	35.3
167	23.3
21	51.3
80	42.8
57	42.3
37	33.9
152	38.0
75	45.5
306	59.9
285	+1.0
12
23	Fresno St.	MWC	2	1–1
1–0	109.3
89	89.2
26	.9114
23	45.0
242	41.0
13	13.2
19	14.0
289	30.1
175	32.9
192	32.7
195	57.0
306	35.5
312	43.3
66	44.1
23	24.2
22	30.9
202	33.0
163	59.6
289	+0.26
47
24	Michigan
   4 seed, Finals	B10	4	2–2
1–1	122.0
7	99.8
128	.9094
24	48.0
171	48.0
138	9.9
2	16.7
218	29.6
188	39.0
282	33.6
183	23.9
26	45.1
216	45.2
103	36.6
124	37.7
211	29.1
234	24.7
25	66.3
107	+0.26
49
25	Wisconsin
   5 seed, R64	B10	5	3–2
1–1	100.9
195	82.7
5	.9072
25	45.7
231	42.0
25	18.6
155	16.0
241	26.0
244	30.3
146	30.2
236	23.4
23	47.7
141	45.3
109	28.4
245	21.4
10	40.0
50	24.8
26	61.8
238	+1.5
4
Rk	Team	Conf	G	Rec	AdjOE	AdjDE	Barthag	Efg%	EfgD%	TOR	TORD	ORB	DRB	FTR	FTRD	2P%	2P%D	3P%	3P%D	3PR	3PRD	Adj T.	WAB
26	Washington St.	P12	3	2–1
2–0	116.9
25	95.9
85	.9072
26	51.2
98	46.0
94	18.0
137	16.9
211	41.4
17	27.7
92	25.9
279	22.1
15	51.5
74	49.5
203	33.8
165	27.8
58	41.8
33	44.2
302	59.6
289	-0.12
88
27	Missouri
   9 seed, R64	SEC	3	1–2
0–1	103.1
171	84.9
9	.9039
27	47.0
195	38.3
6	22.3
258	16.1
238	36.5
57	34.1
212	29.9
240	33.5
126	47.7
141	35.2
5	30.2
217	29.8
86	32.3
170	31.8
135	65.4
131	-0.7
157
28	Pittsburgh
   8 seed, R64	BE	2	1–1
1–0	127.2
2	105.1
196	.9001
28	60.3
6	56.0
278	24.5
298	17.5
186	49.1
3	27.3
80	27.5
263	34.8
145	56.5
29	41.1
35	45.5
17	52.8
316	32.4
167	39.1
262	54.5
317	+0.09
69
29	Notre Dame
   7 seed, R64	BE	4	2–2
0–1	116.7
28	96.5
94	.8989
29	45.9
227	50.7
197	17.4
119	17.9
170	36.1
63	36.6
251	30.3
234	26.1
42	40.3
287	49.1
196	37.7
102	36.8
193	34.8
131	25.2
32	61.7
244	+0.8
19
30	Syracuse
   4 seed, Final Four	BE	6	4–2
1–1	115.5
35	95.7
79	.8965
30	48.1
169	47.1
118	20.8
221	19.7
123	39.5
23	38.8
281	38.1
133	41.3
206	43.0
253	44.3
84	38.8
82	34.5
163	33.2
154	37.4
244	59.7
286	+1.5
5
31	Colorado St.
   8 seed, R32	MWC	4	3–1
2–0	121.8
9	101.1
145	.8944
31	49.3
136	53.0
236	15.4
56	17.8
176	42.5
10	21.6
20	45.9
56	52.7
290	52.8
61	53.2
247	26.3
267	35.0
168	25.9
283	32.3
148	64.2
174	+0.25
50
32	Denver	WAC	4	3–1
2–0	121.3
11	100.9
142	.8920
32	59.0
11	48.9
156	15.2
53	25.9
13	25.2
256	37.5
266	46.9
47	43.2
223	56.7
25	44.4
88	41.9
38	43.6
291	38.1
72	21.3
8	57.9
304	-0.7
148
33	N.C. State
   8 seed, R64	ACC	5	3–2
1–1	116.6
29	97.5
104	.8866
33	54.4
53	47.7
132	19.3
174	17.5
186	36.7
54	31.3
160	42.8
79	33.5
126	52.6
64	52.9
244	39.2
69	24.4
24	29.2
232	32.0
140	67.3
74	-0.09
86
34	Memphis
   6 seed, R32	CUSA	4	4–0
1–0	114.0
41	95.8
81	.8813
34	56.4
28	47.6
129	17.5
123	20.1
111	32.0
146	30.2
143	32.2
206	30.7
90	51.2
84	47.5
156	44.3
22	32.0
115	34.1
142	29.5
86	70.2
20	+0.9
14
35	South Florida	BE	3	1–2
1–1	102.4
177	86.0
13	.8810
35	41.4
291	43.3
49	16.9
101	22.7
45	39.5
23	35.4
231	14.9
320	27.3
53	40.2
288	48.9
190	29.0
237	23.3
17	35.6
115	40.0
271	53.7
319	-0.7
156
36	Wichita St.
   9 seed, Final Four	MVC	3	2–1
0–0	110.7
76	93.2
49	.8784
36	44.4
257	42.4
30	16.4
92	15.9
243	45.9
6	28.0
98	32.8
194	46.4
253	43.8
241	37.8
9	30.8
209	32.8
125	28.9
237	40.4
278	61.4
250	+0.19
60
37	Colorado
   10 seed, R64	P12	4	2–2
1–1	108.4
102	91.3
36	.8781
37	46.8
199	46.8
110	17.8
131	18.6
150	33.8
102	29.8
134	43.4
74	28.8
68	42.2
265	47.1
147	38.5
90	30.8
99	29.7
227	33.5
172	64.8
148	-0.40
110
38	Purdue	B10	4	2–2
1–1	121.3
10	102.6
162	.8731
38	53.5
60	50.9
199	15.5
58	12.8
306	34.7
84	24.2
41	31.4
220	33.5
126	51.7
71	47.7
160	39.6
63	38.8
231	23.1
302	30.7
107	68.5
39	-0.6
144
39	Southern Miss	CUSA	5	4–1
1–0	120.9
14	102.2
158	.8730
39	56.6
26	49.8
178	17.9
136	19.6
124	33.1
121	35.6
238	44.0
71	33.9
136	55.6
38	49.1
196	39.3
68	33.8
149	30.8
205	46.1
309	63.8
183	+0.15
65
40	Stanford	P12	3	2–1
1–0	123.3
4	104.5
187	.8707
40	53.9
57	52.4
225	15.5
58	17.5
186	30.0
177	29.3
127	24.6
293	27.8
59	44.2
239	50.8
223	47.0
7	37.8
212	36.9
92	26.6
48	65.4
131	-0.00
80
41	North Carolina
   8 seed, R32	ACC	5	3–2
1–1	119.3
20	101.2
148	.8685
41	50.3
112	52.1
220	13.6
26	19.6
124	33.7
108	35.4
231	28.6
255	32.2
115	47.1
159	53.2
247	37.3
111	33.3
129	36.5
101	32.9
160	66.1
111	+0.6
21
42	Arizona St.	P12	4	2–2
0–1	117.2
24	99.6
126	.8665
42	55.3
39	48.4
146	21.7
248	14.8
270	33.3
112	37.4
265	40.0
111	25.6
37	51.7
71	46.7
135	42.4
35	34.4
162	30.7
208	36.0
216	64.2
174	-0.21
95
43	Temple
   9 seed, R32	A10	3	2–1
2–0	113.5
48	96.5
95	.8650
43	49.4
133	48.3
143	16.3
87	22.1
57	32.0
146	37.3
261	43.6
73	29.7
79	51.4
77	44.4
88	30.8
209	38.8
231	37.8
80	28.0
62	65.9
114	+0.00
77
44	Maryland	ACC	6	3–3
0–2	111.1
71	94.5
65	.8646
44	50.1
113	46.1
97	19.0
168	13.7
295	30.4
169	24.8
52	38.2
132	37.0
166	50.0
101	48.0
166	33.6
170	28.5
68	34.7
132	36.4
225	66.7
91	-0.28
100
45	Utah	P12	5	4–1
2–0	113.7
45	97.0
96	.8612
45	50.0
115	47.2
122	18.2
145	19.1
137	31.9
150	35.6
238	29.9
240	27.4
54	45.5
203	44.2
82	40.0
52	36.0
178	31.0
199	30.2
94	60.3
276	+0.9
15
46	UNLV
   5 seed, R64	MWC	4	2–2
0–1	103.9
159	88.8
24	.8590
46	46.2
219	47.1
118	16.3
87	16.7
218	28.7
206	24.8
52	33.2
189	19.7
6	47.3
150	40.0
26	29.8
225	39.8
251	42.2
30	36.4
225	66.2
109	-0.50
122
47	Xavier	A10	3	1–2
1–1	110.0
81	94.5
64	.8521
47	46.7
202	43.5
52	19.2
173	16.6
222	29.8
183	31.5
164	46.7
49	42.0
212	41.7
275	42.9
58	43.8
24	29.7
84	21.1
308	39.5
265	63.3
198	-0.42
116
48	Army	Pat	2	1–1
0–0	111.6
66	96.2
89	.8464
48	48.5
160	41.2
15	13.7
28	8.9
318	25.8
246	25.7
64	49.5
36	40.7
202	41.8
274	43.5
68	41.2
44	21.7
11	33.7
149	21.3
8	66.3
107	-0.39
109
49	La Salle
   13 seed, Sweet Sixteen	A10	4	2–2
1–1	120.0
17	103.5
178	.8451
49	58.4
14	56.4
280	18.0
137	21.5
69	19.5
308	40.2
291	30.7
226	25.9
40	57.9
17	60.2
310	39.5
65	29.6
83	40.1
49	24.5
23	64.2
174	-0.5
125
50	Davidson
   14 seed, R64	SC	3	3–0
0–0	112.9
56	97.5
100	.8442
50	61.5
3	40.5
10	15.3
55	17.9
170	21.7
289	25.3
59	35.5
165	42.1
215	62.9
2	44.6
91	39.7
61	16.1
4	41.4
36	20.4
7	64.6
157	+0.33
40
Rk	Team	Conf	G	Rec	AdjOE	AdjDE	Barthag	Efg%	EfgD%	TOR	TORD	ORB	DRB	FTR	FTRD	2P%	2P%D	3P%	3P%D	3PR	3PRD	Adj T.	WAB
51	Penn St.	B10	3	1–2
1–1	114.0
40	98.9
121	.8369
51	50.9
102	48.2
141	16.1
78	14.5
279	31.5
156	26.3
70	29.7
243	35.0
147	49.2
119	46.5
131	38.2
96	33.9
152	21.5
307	38.0
251	65.6
127	-0.26
99
52	Vanderbilt	SEC	5	3–2
1–1	107.6
114	93.4
53	.8351
52	46.3
217	46.3
101	14.7
46	14.7
275	26.0
244	30.9
154	37.2
147	40.3
197	45.7
196	45.3
109	31.4
203	32.2
117	45.7
15	32.5
151	59.5
291	+0.27
46
53	Weber St.	BSky	6	5–1
2–0	109.5
86	95.1
73	.8351
53	55.8
33	42.9
42	17.3
114	14.2
285	35.2
77	23.8
40	35.8
160	23.3
21	55.9
33	43.1
61	37.1
114	28.3
65	32.1
176	26.5
45	65.0
142	-0.6
131
54	Oklahoma St.
   5 seed, R64	B12	4	2–2
1–1	110.8
75	96.3
91	.8331
54	46.5
210	47.4
125	17.0
104	17.0
204	31.8
152	36.6
251	47.7
43	45.9
249	50.0
101	48.2
173	25.8
275	30.7
97	30.6
210	38.4
257	67.8
57	+0.28
44
55	Lafayette	Pat	3	2–1
0–0	116.1
32	101.0
143	.8326
55	53.1
64	44.5
72	15.2
53	14.1
287	32.3
139	29.0
118	30.7
226	44.2
234	49.0
123	42.6
55	39.7
61	33.3
129	38.7
65	25.3
34	62.6
215	-0.20
93
56	VCU
   5 seed, R32	A10	5	3–2
1–1	113.3
51	98.9
120	.8271
56	49.5
131	54.0
249	15.5
58	24.6
23	30.9
163	34.0
211	33.2
189	55.2
298	46.4
176	50.3
214	37.6
105	41.0
262	30.6
210	33.2
168	69.9
23	+0.24
55
57	Murray St.	OVC	2	1–1
0–0	114.4
38	99.8
129	.8268
57	64.7
1	50.0
180	25.5
303	15.0
263	29.2
196	25.4
60	38.9
124	33.6
130	69.2
1	55.2
277	39.5
65	28.3
65	45.3
18	40.7
284	62.4
220	-0.31
103
58	Richmond	A10	4	2–2
1–1	120.4
16	105.1
197	.8265
58	57.2
22	51.4
207	14.4
38	17.5
186	29.7
186	32.3
176	34.3
178	42.3
216	56.3
31	49.7
206	38.9
79	37.5
203	41.7
34	26.3
43	62.4
220	-0.9
245
59	New Mexico St.
   13 seed, R64	WAC	5	5–0
2–0	104.9
143	91.8
40	.8229
59	54.6
49	43.1
46	21.2
239	20.9
86	32.4
135	28.3
105	60.9
7	30.3
86	55.2
44	41.8
44	35.1
147	30.6
94	23.9
297	31.0
114	63.9
180	+0.6
25
60	Saint Joseph's	A10	5	2–3
1–1	108.6
96	95.1
74	.8213
60	49.8
123	43.8
58	20.5
210	17.6
182	32.9
124	33.7
205	42.5
83	26.9
51	47.3
150	45.4
112	35.6
137	26.6
50	40.9
42	28.7
76	61.4
250	-0.49
120
61	Illinois
   7 seed, R32	B10	3	1–2
0–1	103.8
160	91.1
32	.8182
61	39.3
303	52.9
231	16.3
87	25.5
16	29.3
193	41.6
299	26.2
276	45.3
245	38.6
302	56.7
291	26.9
261	30.6
94	39.9
53	35.3
203	61.6
246	+0.31
43
62	Manhattan	MAAC	3	2–1
0–0	100.0
203	87.7
20	.8179
62	43.8
260	41.5
21	22.5
265	23.1
40	34.4
91	31.3
160	58.9
12	35.6
155	40.0
289	43.1
61	34.1
155	24.2
22	34.1
142	24.4
22	58.0
302	-0.29
101
63	Marquette
   3 seed, Elite Eight	BE	2	1–1
1–0	108.6
97	95.3
75	.8177
63	48.8
151	44.3
66	25.6
305	13.9
292	45.3
8	34.1
212	25.0
288	25.8
39	48.9
124	46.9
144	32.1
197	25.0
27	23.3
301	27.3
58	65.8
120	+0.02
75
64	San Diego	WCC	3	2–1
0–0	104.1
155	91.8
42	.8079
64	49.7
127	45.1
81	20.9
227	20.4
105	28.6
207	37.3
261	39.4
120	32.4
116	46.6
172	45.8
125	36.8
117	28.6
69	35.6
115	24.3
21	63.8
183	+0.15
63
65	Stony Brook	AE	3	2–1
0–0	106.5
125	94.0
59	.8068
65	51.9
84	45.2
83	15.6
62	24.2
25	29.6
188	31.6
166	37.3
143	20.4
8	46.6
172	43.2
65	45.0
19	32.3
118	25.3
290	39.5
265	60.9
263	-0.8
192
66	Washington	P12	5	2–3
1–1	108.1
105	95.7
80	.8024
66	48.0
171	47.1
118	19.7
191	16.5
226	36.1
63	29.1
121	24.3
295	29.7
79	43.7
243	45.6
119	39.1
73	34.2
160	29.0
235	26.7
50	64.2
174	-0.6
142
67	FIU	SB	3	2–1
0–0	101.0
193	89.4
27	.8023
67	47.0
195	42.2
26	22.1
256	26.1
11	32.1
143	34.8
224	30.3
234	45.5
246	44.4
232	44.3
84	33.3
171	25.0
27	45.5
16	31.2
119	65.9
114	-0.26
98
68	Cincinnati
   10 seed, R64	BE	3	2–1
1–0	103.3
170	91.5
37	.8022
68	45.8
229	41.3
18	23.4
287	17.0
204	38.0
34	33.3
197	34.5
176	23.0
18	43.2
249	40.4
31	33.3
171	28.8
74	38.0
75	32.3
148	57.4
307	+0.24
54
69	Dayton	A10	3	1–2
1–1	116.8
26	103.8
180	.7968
69	57.3
20	49.7
177	20.5
210	16.5
226	30.5
168	36.1
244	45.7
60	39.5
193	55.8
36	45.8
125	41.9
38	38.6
228	20.5
310	32.2
144	63.5
195	-0.9
240
70	James Madison
   16 seed, R64	CAA	4	4–0
0–0	99.6
208	88.7
23	.7910
70	50.9
102	42.7
40	17.6
127	21.2
76	32.8
128	32.6
186	34.9
171	38.4
179	51.4
77	46.5
131	33.3
171	23.2
16	32.1
176	32.7
153	63.8
183	+0.42
36
71	Missouri St.	MVC	2	1–1
0–0	112.1
62	99.9
130	.7906
71	47.1
190	51.5
211	18.3
150	23.6
32	30.2
172	44.4
311	59.3
9	31.0
95	56.6
27	54.7
270	21.2
307	28.0
63	38.4
69	25.0
29	59.0
294	-0.22
96
72	Rutgers	BE	3	2–1
1–0	103.8
164	92.6
45	.7879
72	52.8
68	48.7
151	19.5
182	21.6
66	33.3
112	28.1
102	22.2
303	25.5
35	51.6
73	44.8
96	37.5
106	36.8
193	24.7
291	37.3
240	61.2
255	+0.17
62
73	Saint Mary's
   11 seed, R64	WCC	3	2–1
0–0	109.1
93	97.3
98	.7873
73	44.7
250	50.3
189	14.4
38	16.6
222	36.5
57	23.6
36	32.0
210	23.1
19	42.3
264	50.4
216	32.8
189	33.3
129	34.3
138	25.0
29	58.9
295	-0.04
83
74	Pacific
   15 seed, R64	BW	5	5–0
2–0	107.1
120	95.6
77	.7856
74	49.0
148	44.3
66	15.6
62	19.5
127	32.9
124	32.7
188	45.3
62	26.3
44	42.7
258	50.3
214	43.7
25	23.9
21	27.7
259	41.9
293	62.6
215	+0.50
29
75	Boston College	ACC	3	2–1
1–0	120.6
15	107.8
230	.7849
75	58.4
14	48.9
156	17.2
112	16.2
233	28.9
203	38.5
275	36.1
156	22.3
17	50.5
96	48.3
176	48.2
4	33.3
129	36.1
107	35.9
213	64.5
162	+0.22
57
Rk	Team	Conf	G	Rec	AdjOE	AdjDE	Barthag	Efg%	EfgD%	TOR	TORD	ORB	DRB	FTR	FTRD	2P%	2P%D	3P%	3P%D	3PR	3PRD	Adj T.	WAB
76	Florida Gulf Coast
   15 seed, Sweet Sixteen	ASun	3	3–0
0–0	107.8
111	96.4
93	.7828
76	49.5
131	44.7
74	13.9
29	21.1
80	34.5
88	32.5
185	38.0
135	30.9
93	46.7
169	42.9
58	38.3
93	31.5
110	25.5
288	41.0
287	69.6
26	+0.5
27
77	Drake	MVC	2	1–1
0–0	106.9
122	95.9
87	.7763
77	49.6
129	50.5
190	12.6
12	22.1
57	23.2
277	34.4
218	22.8
300	25.9
40	46.3
180	50.7
221	36.2
128	33.3
129	41.2
38	36.1
217	63.3
198	-0.18
92
78	LSU	SEC	4	2–2
1–1	111.2
70	100.0
133	.7722
78	49.1
142	49.8
178	15.9
70	21.7
63	29.1
199	43.7
308	38.8
125	37.2
168	42.0
269	45.9
127	40.7
48	39.1
238	37.0
89	30.5
102	66.4
101	-0.13
89
79	Mercer	ASun	4	3–1
0–0	117.7
23	106.1
211	.7676
79	54.7
46	49.3
168	14.6
42	18.6
150	33.8
102	36.1
244	33.6
183	34.1
140	50.4
99	41.5
39	40.0
52	42.0
275	44.8
23	36.3
223	61.9
233	-0.7
170
80	Bucknell
   11 seed, R64	Pat	3	3–0
0–0	107.7
112	97.2
97	.7659
80	44.7
250	40.6
11	10.1
3	14.5
279	33.7
108	27.0
78	49.3
38	39.6
194	47.9
136	39.8
25	22.9
300	28.3
65	23.0
303	29.9
90	60.4
274	+0.20
58
81	Wright St.	Horz	4	3–1
0–0	95.0
246	85.7
11	.7659
81	52.5
75	46.6
106	20.2
202	22.9
42	18.1
313	23.2
31	29.8
242	42.3
216	46.6
172	48.9
190	46.2
13	27.6
56	26.3
279	30.7
107	62.5
217	+0.00
78
82	South Dakota St.
   13 seed, R64	Sum	3	3–0
0–0	116.0
33	104.8
192	.7630
82	59.1
10	51.7
215	14.5
40	16.8
215	25.0
257	16.5
3	39.9
113	18.5
3	58.3
15	54.3
263	40.5
50	31.5
110	30.4
216	37.0
238	59.3
292	+0.44
32
83	Boise St.
   13 seed, R68	MWC	3	1–2
1–0	111.5
67	100.9
141	.7599
83	46.2
219	56.4
280	16.2
80	19.1
137	29.0
200	18.3
7	38.6
126	43.6
228	45.2
212	56.8
293	32.1
197	37.0
198	32.7
162	36.2
219	67.4
70	-0.05
84
84	Valparaiso
   14 seed, R64	Horz	2	2–0
0–0	109.7
83	99.7
127	.7510
84	58.6
13	50.0
180	26.0
306	16.5
226	24.0
269	23.3
32	49.4
37	23.4
23	61.1
6	48.8
186	36.4
125	36.0
178	37.9
78	23.4
16	65.9
114	+0.27
45
85	Maine	AE	1	0–1
0–0	87.8
297	79.9
1	.7493
85	52.3
80	37.0
3	28.6
316	23.5
34	16.7
319	33.3
197	14.0
321	34.0
139	53.6
54	34.1
3	33.3
171	33.3
129	34.9
128	18.0
3	62.1
229	-0.7
154
86	Kent St.	MAC	4	3–1
1–0	105.5
133	96.0
88	.7478
86	45.0
242	46.8
110	18.1
142	17.0
204	32.4
135	30.3
146	46.8
48	31.2
97	45.2
212	47.6
158	29.5
231	30.4
91	28.0
252	38.8
260	68.9
32	+0.01
76
87	Canisius	MAAC	2	1–1
0–0	105.8
129	96.3
90	.7474
87	55.0
42	42.6
36	12.0
8	19.0
141	21.2
298	34.6
221	29.2
247	37.7
174	51.3
80	44.3
84	40.9
47	26.9
52	36.7
98	42.6
299	68.1
47	-0.7
159
88	UCLA
   6 seed, R64	P12	5	3–2
1–1	108.0
108	98.4
115	.7444
88	44.8
249	50.5
190	14.2
34	21.8
61	32.2
142	40.6
294	30.0
239	26.5
46	45.0
221	48.8
186	29.5
231	36.8
193	26.0
282	26.5
45	65.9
114	+0.6
26
89	Arkansas	SEC	2	1–1
1–0	110.9
72	101.2
147	.7411
89	46.2
219	54.6
259	17.0
104	25.8
14	39.1
29	30.6
151	66.7
4	51.5
286	47.8
138	44.8
96	28.9
239	46.2
305	36.2
105	40.2
275	73.3
6	-0.5
127
90	Nebraska	B10	4	2–2
1–1	108.3
103	98.9
119	.7410
90	45.0
242	52.8
229	16.2
80	17.6
182	27.9
217	34.2
216	28.1
259	31.5
98	45.0
221	53.5
252	30.0
221	33.9
152	35.2
122	28.0
62	56.9
312	+0.36
38
91	Yale	Ivy	2	2–0
2–0	118.6
22	108.3
235	.7399
91	60.3
6	55.3
267	20.8
221	20.0
115	32.6
133	20.0
13	63.2
5	40.4
198	55.9
33	50.0
209	46.4
12	42.1
276	32.2
171	40.4
278	63.9
180	+0.23
56
92	Oregon
   12 seed, Sweet Sixteen	P12	5	3–2
0–2	102.7
174	94.0
58	.7348
92	47.0
195	50.5
190	19.7
191	21.5
69	32.0
146	29.1
121	36.4
154	29.5
77	43.5
245	45.6
119	38.6
87	43.1
287	24.5
293	25.9
38	68.1
47	+0.24
53
93	San Diego St.
   7 seed, R32	MWC	4	2–2
1–1	94.6
248	86.7
15	.7327
93	41.3
292	43.5
52	15.5
58	17.8
176	28.4
209	25.5
62	39.5
118	36.4
157	42.8
257	38.8
16	25.4
280	34.6
165	31.8
186	35.9
213	66.5
96	-0.21
94
94	Seton Hall	BE	3	1–2
0–1	103.8
163	95.1
72	.7324
94	53.0
65	44.7
74	25.3
302	19.4
129	25.0
257	43.3
307	25.8
281	27.5
56	51.4
77	41.0
33	36.7
120	34.5
163	45.5
16	34.4
186	56.8
313	-0.8
197
95	TCU	B12	2	1–1
1–0	113.5
49	104.1
186	.7282
95	50.0
115	44.3
66	21.1
234	13.0
304	37.5
43	37.3
261	37.3
143	56.2
301	44.8
225	50.6
219	40.0
52	17.9
5	34.3
138	26.7
50	61.0
261	-0.37
107
96	Robert Morris	NEC	3	2–1
0–0	104.1
153	95.6
78	.7265
96	47.3
186	50.0
180	15.1
52	24.8
21	32.4
135	30.1
139	26.8
269	50.7
275	47.1
159	50.0
209	31.8
201	33.3
129	39.3
57	26.9
54	60.8
267	-0.9
232
97	Georgia Tech	ACC	3	1–2
1–1	113.5
47	104.6
188	.7205
97	50.0
115	59.4
301	16.0
73	15.5
251	36.0
67	28.2
104	15.8
318	35.0
147	47.7
141	53.8
256	36.7
120	46.4
306	31.6
189	35.0
199	66.9
87	-0.5
126
98	Illinois St.	MVC	2	1–1
0–0	100.1
202	92.3
43	.7180
98	43.4
270	47.8
135	16.5
96	21.0
83	25.3
253	30.4
149	31.6
215	27.7
57	40.0
289	42.5
54	33.3
171	38.5
221	34.2
141	34.8
195	68.9
32	-0.02
82
99	Evansville	MVC	2	1–1
0–0	98.5
216	90.9
31	.7142
99	47.1
190	44.2
63	16.3
87	20.7
92	29.4
190	31.0
155	22.7
302	19.2
5	42.2
265	48.6
182	41.4
41	25.0
27	24.4
295	40.0
271	66.6
95	-0.7
175
100	Florida St.	ACC	5	3–2
2–0	113.0
55	104.7
191	.7057
100	51.0
101	49.1
161	23.3
285	16.5
226	34.8
82	42.5
306	42.9
78	36.6
162	51.1
87	48.7
183	33.9
163	33.3
129	25.8
286	29.3
85	61.2
255	+0.6
22
Rk	Team	Conf	G	Rec	AdjOE	AdjDE	Barthag	Efg%	EfgD%	TOR	TORD	ORB	DRB	FTR	FTRD	2P%	2P%D	3P%	3P%D	3PR	3PRD	Adj T.	WAB
101	Iona
   15 seed, R64	MAAC	3	3–0
0–0	113.2
53	104.9
193	.7049
101	50.9
102	51.7
215	18.9
165	16.9
211	37.2
49	28.7
113	50.0
33	29.1
73	50.9
89	49.5
203	34.1
155	36.6
190	27.8
258	41.3
289	66.8
88	+0.6
23
102	UTEP	CUSA	3	2–1
1–0	123.1
5	114.4
287	.7006
102	60.7
4	50.0
180	20.3
204	14.3
283	42.2
12	46.7
317	44.3
67	35.4
152	58.2
16	51.4
227	43.1
30	29.0
78	38.9
63	17.7
2	60.2
277	-0.09
87
103	George Mason	CAA	3	2–1
0–0	113.7
44	105.7
206	.6979
103	57.7
18	52.8
229	23.4
287	24.0
27	35.8
68	40.2
291	31.5
218	43.4
227	57.0
21	48.2
173	39.5
65	39.7
249	30.1
220	40.6
283	63.7
188	-0.7
167
104	Purdue Fort Wayne	Sum	2	1–1
0–0	105.3
136	98.0
108	.6961
104	62.2
2	54.0
249	19.3
174	18.6
150	18.5
312	17.7
6	40.8
100	44.6
239	58.6
14	55.8
282	45.0
19	34.7
166	40.8
43	48.5
318	66.5
96	-0.6
138
105	Wake Forest	ACC	3	1–2
1–1	105.3
135	98.1
109	.6949
105	54.3
54	54.4
255	19.9
196	19.0
141	21.6
290	29.6
130	41.1
97	42.0
212	56.8
23	52.5
241	32.7
191	39.2
240	31.9
183	30.2
94	70.2
20	-0.8
179
106	Appalachian St.	SC	2	1–1
0–0	101.8
184	94.9
71	.6915
106	57.6
19	52.6
228	20.8
221	22.3
53	20.8
300	20.7
17	20.0
309	29.6
78	62.0
5	51.5
229	32.4
194	36.7
191	32.4
167	30.6
103	65.8
120	-0.6
128
107	St. John's	BE	3	1–2
0–1	97.0
232	90.5
30	.6894
107	42.5
282	45.9
92	17.8
131	24.2
25	34.4
91	41.8
301	17.0
316	32.0
111	45.0
221	45.1
101	20.6
308	32.0
115	17.5
318	29.1
84	65.6
127	-1.0
263
108	Massachusetts	A10	6	3–3
1–1	106.2
126	99.2
123	.6869
108	49.1
142	47.4
125	24.2
295	17.4
194	34.0
98	33.5
203	39.3
121	32.0
111	48.6
128	48.0
166	33.3
171	30.6
94	34.6
133	29.8
89	69.1
30	+0.04
72
109	Western Kentucky
   16 seed, R64	SB	4	4–0
0–0	99.6
207	93.1
48	.6850
109	52.8
68	43.1
46	23.2
283	23.6
32	26.2
236	34.2
216	35.7
162	34.1
140	49.3
117	44.0
77	40.0
52	27.6
56	32.7
162	35.0
199	64.4
167	+0.44
33
110	Toledo	MAC	1	1–0
1–0	124.5
3	116.4
296	.6838
110	59.4
9	50.9
199	18.7
157	21.8
61	37.9
37	33.3
197	41.5
93	32.1
114	62.1
3	41.4
36	37.5
106	41.7
267	45.3
18	45.3
305	69.5
27	+0.17
61
111	Loyola Marymount	WCC	4	3–1
0–0	94.1
254	88.0
21	.6835
111	43.4
270	47.6
129	18.7
157	22.6
46	29.9
180	25.6
63	30.5
230	46.3
252	43.8
241	45.7
122	28.4
245	33.8
149	30.5
215	38.9
261	61.8
238	+0.47
30
112	Boston University	AE	1	0–1
0–0	99.7
206	93.3
52	.6805
112	48.2
166	55.1
263	21.7
248	23.2
39	26.7
229	29.2
124	19.3
310	46.9
257	52.6
64	41.4
36	26.3
267	50.0
308	33.3
152	40.8
285	71.6
11	+0.00
79
113	Oregon St.	P12	3	1–2
1–1	107.8
110	101.1
144	.6783
113	49.4
133	46.6
106	20.5
210	16.9
211	29.0
200	38.7
278	25.9
279	33.9
136	45.4
210	41.4
36	37.9
98	37.9
215	34.9
128	33.3
170	66.5
96	-0.40
111
114	Stephen F. Austin	Slnd	5	3–2
2–0	104.2
150	97.8
107	.6755
114	50.6
110	47.7
132	18.4
151	17.0
204	33.8
102	23.6
36	44.7
64	31.7
102	49.4
112	41.0
33	35.8
133	41.9
270	28.3
250	30.8
110	57.2
311	-0.7
153
115	Albany
   15 seed, R64	AE	3	3–0
0–0	98.8
214	92.8
46	.6720
115	45.8
229	43.5
52	20.0
200	22.3
53	31.2
160	34.7
222	32.2
206	28.8
68	41.3
278	43.5
68	38.5
90	28.9
75	27.3
266	26.0
40	57.3
308	+0.8
16
116	USC Upstate	ASun	2	1–1
0–0	113.2
52	106.4
214	.6711
116	55.4
36	51.8
217	16.8
99	20.0
115	31.7
154	33.8
207	21.6
305	24.1
29	51.3
80	46.7
135	42.9
31	38.5
221	31.5
190	46.4
311	62.5
217	-0.6
137
117	Tennessee	SEC	5	3–2
2–0	109.6
85	103.1
169	.6689
117	45.6
233	48.7
151	18.2
145	18.2
163	42.2
12	31.7
168	35.3
167	30.9
93	46.9
163	48.4
177	29.0
237	32.9
126	37.4
84	31.6
130	63.1
205	+0.15
64
118	Charlotte	A10	5	3–2
2–0	101.8
185	95.9
84	.6656
118	44.9
247	44.9
78	23.2
283	15.2
258	40.2
19	28.5
110	44.2
69	49.3
269	45.9
191	44.0
77	27.7
252	30.8
99	23.7
300	38.2
254	65.6
127	+0.44
34
119	Eastern Washington	BSky	2	1–1
1–1	109.1
92	102.8
165	.6649
119	51.7
89	45.7
91	13.5
24	12.8
306	25.4
251	29.6
130	26.5
272	48.7
266	45.7
196	41.8
44	40.4
51	36.1
180	40.2
47	31.3
120	70.2
20	-0.42
115
120	Akron
   12 seed, R64	MAC	3	2–1
0–1	92.7
270	87.3
19	.6648
120	45.3
239	40.1
8	20.7
217	19.2
134	39.0
30	27.1
79	41.2
95	37.3
170	47.5
149	45.5
114	26.9
261	18.4
6	30.6
210	30.4
100	64.8
148	-0.25
97
121	UCF	CUSA	2	1–1
1–1	108.5
99	102.7
164	.6532
121	47.7
179	45.0
79	20.7
217	15.3
257	37.7
42	32.4
182	39.6
116	44.1
233	42.6
259	47.9
164	35.1
147	26.3
46	51.4
3	34.2
181	63.3
198	-0.08
85
122	BYU	WCC	2	1–1
0–0	107.6
113	101.9
154	.6519
122	50.4
111	49.2
166	17.0
104	14.9
267	28.8
204	22.1
26	33.9
180	37.5
173	50.5
96	45.5
114	33.3
171	37.2
201	26.6
276	35.8
212	74.9
2	-0.9
215
123	Cal St. Bakersfield	ind	2	2–0
0–0	103.8
161	98.4
114	.6490
123	56.5
27	41.7
23	21.3
241	19.2
134	30.0
177	28.4
106	29.3
245	49.5
270	50.0
101	43.8
74	45.2
18	25.0
27	36.2
105	33.0
163	65.1
141	+0.25
52
124	Northwestern St.
   14 seed, R64	Slnd	4	4–0
2–0	112.1
61	106.3
213	.6476
124	50.7
107	46.2
98	16.2
80	17.9
170	34.6
87	31.5
164	39.3
121	33.8
134	55.8
36	43.6
72	27.4
255	34.2
160	34.6
133	34.3
184	65.2
138	+0.5
28
125	Oklahoma
   10 seed, R64	B12	3	1–2
1–1	113.9
42	108.0
233	.6476
125	44.5
256	57.1
287	12.4
11	20.7
92	37.9
37	36.8
253	39.8
114	26.5
46	47.3
150	54.5
266	25.0
282	41.0
262	28.7
241	37.7
248	65.3
136	-1.2
268
Rk	Team	Conf	G	Rec	AdjOE	AdjDE	Barthag	Efg%	EfgD%	TOR	TORD	ORB	DRB	FTR	FTRD	2P%	2P%D	3P%	3P%D	3PR	3PRD	Adj T.	WAB
126	Utah St.	WAC	3	2–1
2–0	109.0
95	103.4
173	.6474
126	56.0
30	46.0
94	21.5
244	14.5
279	34.5
88	23.7
38	47.0
46	31.6
99	59.6
10	45.2
103	33.9
163	31.4
109	41.1
39	40.2
275	64.5
162	-0.8
183
127	Montana
   13 seed, R64	BSky	4	4–0
2–0	98.6
215	93.6
56	.6452
127	53.3
61	42.4
30	19.3
174	19.3
133	24.8
260	29.7
132	36.0
157	32.4
116	55.0
46	44.2
82	33.8
165	25.4
36	39.1
59	30.0
91	62.5
217	+0.33
41
128	Texas Tech	B12	3	1–2
0–1	109.8
82	104.6
189	.6378
128	48.7
156	55.5
272	23.4
287	22.4
51	32.3
139	38.2
272	54.3
17	50.3
272	45.9
191	52.3
240	37.5
106	41.7
267	26.5
277	31.0
114	65.6
127	-0.8
201
129	Ohio	MAC	4	2–2
1–0	98.1
218	93.4
54	.6375
129	43.8
260	50.0
180	17.5
123	21.1
80	28.1
214	27.4
86	27.4
264	50.3
272	42.9
255	53.2
247	30.4
214	27.1
54	36.1
107	25.7
36	64.6
157	-0.44
117
130	Louisiana	SB	2	1–1
0–0	107.4
116	102.5
160	.6302
130	47.9
175	47.4
125	15.0
51	18.0
166	30.0
177	30.2
143	34.5
176	64.3
317	45.0
221	44.6
91	35.9
132	37.5
203	32.8
160	24.5
23	67.0
83	-0.42
113
131	Clemson	ACC	2	0–2
0–1	105.1
139	100.4
136	.6302
131	46.4
215	53.3
238	17.4
119	20.7
92	28.3
210	35.7
241	50.0
33	56.7
304	42.4
263	48.2
173	36.7
120	41.2
264	31.3
193	37.8
249	61.9
233	-1.0
259
132	Green Bay	Horz	3	1–2
0–0	110.6
77	105.8
210	.6249
132	53.0
65	50.6
195	16.9
101	12.7
309	27.5
220	26.3
70	25.6
283	43.3
226	50.8
91	49.5
203	39.1
73	35.4
171	28.0
252	30.6
103	63.4
197	-0.34
104
133	Brown	Ivy	2	1–1
1–1	100.2
201	95.9
86	.6241
133	54.6
49	45.0
79	28.1
314	16.9
211	36.7
54	20.5
16	85.1
1	30.3
86	45.5
203	38.8
16	46.9
8	38.5
221	36.8
93	32.8
159	73.1
8	-0.8
180
134	Colgate	Pat	1	0–1
0–0	107.1
119	102.6
163	.6207
134	52.5
75	60.6
309	14.3
36	15.9
243	22.6
283	12.0
1	5.1
322	40.4
198	59.5
11	62.1
317	23.5
296	38.9
233	28.8
239	38.3
255	61.4
250	-0.6
133
135	Texas St.	WAC	5	3–2
1–1	109.3
90	105.0
195	.6120
135	53.9
57	45.3
84	19.1
171	17.6
182	20.7
301	32.3
176	50.6
31	45.1
242	52.7
63	43.4
67	37.8
100	32.6
122	30.7
208	34.3
184	68.5
39	-0.7
160
136	Northern Iowa	MVC	2	1–1
0–0	101.2
190	97.4
99	.6087
136	54.7
46	49.1
161	19.8
194	17.7
180	16.9
318	22.4
28	33.6
183	32.7
119	47.6
146	46.8
140	43.2
28	36.1
180	41.1
39	31.9
138	67.4
70	-0.6
134
137	Eastern Kentucky	OVC	3	2–1
0–0	105.2
138	101.3
149	.6070
137	48.7
156	49.1
161	17.8
131	20.7
92	27.6
219	29.8
134	59.0
10	31.8
105	46.8
167	56.6
287	33.8
165	23.3
17	49.4
5	34.7
193	71.1
13	-0.7
161
138	North Dakota St.	Sum	4	2–2
0–0	106.7
124	102.9
168	.6024
138	53.3
61	46.4
102	19.8
194	13.2
300	26.2
236	21.8
23	32.3
205	42.9
219	50.8
91	46.9
144	38.8
82	30.3
90	34.4
136	33.7
173	61.3
253	-0.6
129
139	Air Force	MWC	3	1–2
1–1	114.5
37	110.5
254	.5992
139	55.4
36	55.4
271	18.5
153	13.2
300	18.1
313	33.7
205	21.8
304	26.1
42	45.3
211	55.9
283	43.2
28	36.5
189	51.9
2	42.0
295	62.0
231	-0.36
106
140	Belmont
   11 seed, R64	OVC	2	2–0
0–0	103.0
172	99.5
125	.5980
140	51.7
89	59.4
301	17.6
127	33.0
1	30.4
169	35.1
229	37.6
139	19.8
7	59.5
11	58.9
301	25.6
278	40.0
252	36.8
93	47.2
315	65.9
114	+0.31
42
141	George Washington	A10	3	1–2
1–1	109.2
91	105.8
207	.5914
141	47.1
190	61.0
312	22.4
261	20.9
86	50.4
1	28.0
98	40.2
106	45.2
243	50.9
89	59.4
304	15.4
318	42.6
283	13.8
321	34.8
195	65.3
136	-0.7
171
142	Tennessee St.	OVC	3	1–2
0–0	108.0
107	104.6
190	.5914
142	51.3
95	51.4
207	22.5
265	19.4
129	35.8
68	38.5
275	20.6
307	41.8
211	53.0
59	48.4
177	32.5
193	38.3
218	39.7
56	33.0
163	72.1
10	-0.47
119
143	Mount St. Mary's	NEC	3	2–1
0–0	104.5
149	101.2
146	.5914
143	47.1
190	51.1
204	18.0
137	18.5
155	34.3
95	37.5
266	36.6
152	30.1
81	44.6
231	49.3
199	33.8
165	38.1
216	41.3
37	23.9
17	65.8
120	-0.16
90
144	Rider	MAAC	2	1–1
0–0	88.3
295	85.7
12	.5838
144	43.5
266	37.8
5	30.8
321	23.5
34	37.3
48	26.6
74	54.1
18	30.6
89	41.2
281	47.0
146	35.3
143	12.5
2	20.0
312	32.7
153	64.7
154	-0.8
205
145	Liberty
   16 seed, R68	BSth	4	3–1
0–0	114.6
36	111.4
260	.5808
145	52.5
75	48.4
146	17.4
119	9.9
317	24.6
262	26.2
68	42.6
81	40.5
201	45.1
216	46.5
131	46.7
10	34.1
159	29.7
227	41.4
290	63.3
198	+0.37
37
146	Georgia	SEC	3	1–2
1–1	107.9
109	104.9
194	.5795
146	42.6
280	47.2
122	20.4
206	14.9
267	42.5
10	34.5
220	52.3
26	38.7
182	33.7
313	44.9
98	38.6
87	33.8
149	36.8
93	39.9
270	60.5
271	-0.8
185
147	LIU
   16 seed, R68	NEC	4	3–1
0–0	113.2
54	110.1
249	.5780
147	58.2
17	46.8
110	20.3
204	17.2
198	34.7
84	40.2
291	49.3
38	30.8
91	57.0
21	48.0
166	41.0
46	29.7
84	27.9
255	34.2
181	71.0
15	+0.35
39
148	Niagara	MAAC	3	1–2
0–0	105.6
131	103.7
179	.5511
148	44.2
258	56.4
280	12.0
8	24.5
24	29.8
183	37.0
255	31.4
220	36.2
156	47.7
141	50.9
226	26.3
267	45.3
302	41.9
32	32.5
151	67.8
57	-0.7
147
149	Houston	CUSA	5	4–1
2–0	109.0
94	107.1
226	.5503
149	52.0
83	48.3
143	17.3
114	17.3
195	38.0
34	33.9
209	32.4
203	38.5
180	54.1
49	48.7
183	30.1
219	31.7
113	23.9
297	34.6
191	73.2
7	-0.36
105
150	Santa Clara	WCC	2	1–1
0–0	103.8
162	102.1
156	.5476
150	52.1
82	46.2
98	20.1
201	21.7
63	28.8
204	39.2
283	46.3
52	27.4
54	50.0
101	48.1
170	37.1
114	27.8
58	36.8
93	30.8
110	67.1
82	-0.9
234
Rk	Team	Conf	G	Rec	AdjOE	AdjDE	Barthag	Efg%	EfgD%	TOR	TORD	ORB	DRB	FTR	FTRD	2P%	2P%D	3P%	3P%D	3PR	3PRD	Adj T.	WAB
151	Oral Roberts	Slnd	3	1–2
0–1	111.8
65	110.1
248	.5438
151	49.7
127	53.8
243	18.2
145	17.2
198	35.4
72	33.3
197	55.0
16	20.5
9	51.3
80	50.8
223	30.2
217	39.7
249	26.9
270	34.1
178	63.5
195	-1.8
308
152	Marshall	CUSA	2	0–2
0–1	110.0
79	108.5
237	.5405
152	51.8
87	53.9
245	22.4
261	20.1
111	41.8
15	41.2
296	33.9
180	56.9
305	55.4
41	47.5
156	27.6
253	41.9
270	25.9
283	42.2
297	63.6
191	-1.4
279
153	Providence	BE	3	1–2
0–1	97.6
220	96.3
92	.5389
153	38.0
311	42.4
30	13.4
22	17.5
186	35.4
72	37.1
257	25.5
284	33.3
124	41.0
284	41.5
39	20.4
312	29.8
86	28.7
241	26.6
48	61.8
238	-0.8
198
154	Virginia	ACC	4	2–2
1–1	92.9
267	91.8
41	.5343
154	43.8
260	43.5
52	16.3
87	20.2
109	25.5
248	27.7
92	38.1
133	31.9
109	46.3
180	37.4
7	25.4
280	39.3
242	30.0
221	28.2
66	61.1
258	-0.8
186
155	North Dakota	BSky	4	2–2
1–0	101.2
191	100.2
135	.5289
155	49.1
142	44.0
60	16.4
92	17.2
198	26.2
236	31.2
159	37.5
141	32.4
116	45.2
212	44.3
84	38.8
82	28.9
75	29.9
225	34.4
186	67.6
63	-0.6
132
156	Tulane	CUSA	5	2–3
0–2	111.9
64	110.8
256	.5263
156	50.7
107	58.0
295	19.3
174	18.4
159	39.0
30	27.5
88	49.3
38	35.2
151	47.3
150	58.9
301	39.1
73	37.6
210	30.2
219	35.9
213	67.4
70	-1.9
311
157	Dartmouth	Ivy	2	2–0
2–0	106.1
127	105.2
198	.5248
157	59.0
11	42.8
41	20.4
206	19.6
124	21.4
294	32.3
176	59.0
10	46.4
253	56.7
25	37.9
10	43.5
27	35.5
172	27.7
259	32.0
140	62.1
229	+0.10
67
158	Vermont	AE	4	2–2
0–0	104.2
151	103.4
175	.5212
158	48.8
151	52.2
223	18.9
165	21.0
83	40.6
18	23.4
34	36.0
157	39.0
187	49.4
112	45.7
122	31.7
202	42.4
282	28.0
252	36.3
223	60.7
269	-0.8
188
159	Middle Tennessee
   11 seed, R68	SB	3	1–2
0–0	101.6
187	100.9
140	.5206
159	46.1
223	47.0
116	17.0
104	15.5
251	29.9
180	28.4
106	43.2
75	51.0
279	46.6
172	38.4
13	29.7
227	42.3
280	23.9
297	34.4
186	60.5
271	-0.8
193
160	East Carolina	CUSA	4	3–1
2–0	116.2
31	115.5
293	.5192
160	57.3
20	54.5
257	18.0
137	18.3
160	24.2
266	38.0
271	51.2
28	34.6
144	47.7
141	50.6
219	45.7
16	44.6
297	45.9
13	23.9
17	68.1
47	-0.7
155
161	Cal St. Northridge	BW	1	1–0
1–0	113.6
46	113.0
278	.5129
161	55.1
41	49.2
166	11.4
6	18.5
155	23.5
273	45.0
312	45.8
58	24.2
30	50.0
101	52.1
236	40.7
48	27.8
58	45.8
14	27.3
58	66.4
101	+0.06
71
162	Charleston	SC	4	2–2
0–0	107.3
117	106.9
222	.5119
162	48.2
166	51.1
204	18.1
142	13.9
292	28.2
212	30.2
143	53.3
21	29.1
73	45.6
200	51.6
231	36.1
129	33.3
129	31.0
199	30.0
91	64.7
154	-0.38
108
163	Norfolk St.	MEAC	3	1–2
1–0	86.4
305	86.1
14	.5111
163	39.3
303	43.8
58	22.6
270	25.4
17	21.6
290	30.3
146	51.3
27	45.6
247	33.0
315	46.8
140	35.4
142	24.5
25	31.2
196	30.6
103	71.1
13	-0.9
237
164	Harvard
   14 seed, R32	Ivy	2	2–0
2–0	103.5
167	103.1
171	.5098
164	55.7
34	42.6
36	14.6
42	17.3
195	17.0
317	34.8
224	59.5
8	26.7
49	49.1
122	44.9
98	46.2
13	25.0
27	32.9
159	31.7
132	55.6
315	+0.10
67
165	Miami OH	MAC	3	1–2
0–1	94.4
250	94.2
61	.5055
165	46.0
224	42.2
26	24.0
293	18.5
155	25.3
253	30.1
139	40.1
108	35.1
150	41.9
271	44.1
80	35.3
143	26.2
45	37.2
87	39.6
267	62.7
214	-1.2
270
166	Illinois Chicago	Horz	2	1–1
0–0	108.1
106	107.9
232	.5047
166	54.2
55	47.0
116	17.5
123	13.0
304	23.4
275	27.8
96	53.7
19	34.8
145	46.0
188	38.6
14	46.9
8	40.0
252	33.7
149	39.1
262	65.7
124	-0.8
194
167	Western Michigan	MAC	4	3–1
1–0	109.3
88	109.2
241	.5036
167	51.8
87	51.4
207	18.7
157	18.3
160	34.5
88	32.3
176	48.2
42	24.8
31	51.5
74	45.0
100	34.9
150	41.5
266	32.0
181	36.9
237	63.0
209	-0.49
121
168	UAB	CUSA	4	1–3
0–2	97.4
224	97.5
101	.4980
168	46.5
210	51.4
207	20.9
227	21.6
66	26.2
236	32.4
182	30.1
238	43.2
223	46.9
163	42.4
50	30.5
213	44.4
295	35.8
111	36.8
236	70.3
19	-1.5
290
169	Texas	B12	4	2–2
1–0	101.8
183	102.1
155	.4942
169	43.5
266	45.1
81	18.7
157	15.6
248	39.4
27	35.8
243	45.8
58	44.0
232	41.5
276	45.6
119	31.9
199	29.5
81	31.9
183	34.7
193	62.4
220	-0.17
91
170	Central Michigan	MAC	2	0–2
0–1	109.7
84	110.0
246	.4917
170	51.7
89	54.1
253	16.2
80	20.1
111	29.4
190	39.3
284	26.1
278	31.8
105	46.3
180	52.1
236	39.6
63	38.5
221	41.7
34	35.5
208	61.1
258	-1.5
286
171	UC Irvine	BW	6	4–2
1–1	100.9
194	101.3
150	.4893
171	46.5
210	44.1
62	14.2
34	15.4
254	31.2
160	33.2
196	31.8
212	40.0
195	50.7
93	42.4
50	26.5
265	33.0
128	37.9
78	25.1
31	66.8
88	-0.8
214
172	Minnesota
   11 seed, R32	B10	3	0–3
0–2	102.0
179	102.6
161	.4844
172	46.7
202	46.9
115	23.0
278	13.5
298	37.1
52	32.7
188	32.7
195	33.8
134	44.3
237	45.7
122	34.0
159	32.7
124	35.3
119	34.4
186	60.0
283	-1.5
287
173	Kentucky	SEC	4	1–3
1–1	104.8
145	105.5
203	.4824
173	43.8
260	49.0
159	17.6
127	15.4
254	36.6
56	27.5
88	35.2
169	35.0
147	47.6
146	43.7
73	23.9
293	40.3
256	31.9
183	31.5
126	61.5
248	-0.5
124
174	Tulsa	CUSA	5	2–3
1–1	105.6
130	106.6
218	.4732
174	50.0
115	54.5
257	17.6
127	15.5
251	27.2
225	24.7
50	43.0
77	28.2
64	46.9
163	49.7
206	37.1
114	42.2
279	35.7
112	35.1
201	68.7
35	-1.0
264
175	Connecticut	BE	2	1–1
1–1	93.7
257	94.7
67	.4712
175	39.0
305	45.3
84	17.1
109	14.8
270	33.3
112	31.4
162	30.5
230	21.2
11	43.0
253	46.3
129	20.5
309	28.9
75	33.1
156	32.2
144	63.1
205	-0.41
112
Rk	Team	Conf	G	Rec	AdjOE	AdjDE	Barthag	Efg%	EfgD%	TOR	TORD	ORB	DRB	FTR	FTRD	2P%	2P%D	3P%	3P%D	3PR	3PRD	Adj T.	WAB
176	North Carolina A&T
   16 seed, R64	MEAC	6	5–1
0–1	93.4
261	94.4
62	.4698
176	50.7
107	45.3
84	22.9
277	23.4
36	26.7
229	29.3
127	44.3
67	36.4
157	50.3
100	41.9
46	34.3
154	33.9
152	35.1
123	37.3
240	66.4
101	-0.47
118
177	Northern Kentucky	ASun	1	0–1
0–0	101.2
192	102.3
159	.4688
177	50.9
102	57.7
293	20.8
221	20.8
90	21.9
288	35.5
235	25.0
288	40.4
198	62.1
3	53.6
255	25.9
274	41.7
267	48.2
6	46.2
310	66.5
96	-0.7
150
178	Nevada	MWC	3	0–3
0–2	111.4
68	112.7
272	.4666
178	54.2
55	55.1
263	19.6
189	15.1
260	29.2
196	34.4
218	41.6
92	57.0
306	54.7
47	59.4
304	35.6
137	30.8
99	38.3
71	32.9
160	68.7
35	-1.7
299
179	South Dakota	Sum	1	0–1
0–0	93.0
266	94.2
60	.4626
179	40.8
295	50.0
180	18.2
145	19.8
120	21.2
298	20.0
13	36.7
151	51.2
284	41.2
281	46.7
135	26.7
264	38.5
221	30.6
210	30.2
94	69.0
31	-0.9
220
180	Northwestern	B10	3	0–3
0–2	106.9
121	108.3
236	.4624
180	45.5
236	54.8
260	16.8
99	19.0
141	23.0
279	37.1
257	31.8
212	53.1
293	45.1
216	50.5
218	30.6
212	43.2
288	46.8
9	30.3
98	61.6
246	-1.4
284
181	Georgia Southern	SC	2	1–1
0–0	99.1
212	100.4
137	.4611
181	40.3
300	52.4
225	17.4
119	16.6
222	30.2
172	21.0
18	42.7
80	30.1
81	41.5
276	54.5
266	23.8
294	33.3
129	20.4
311	46.6
313	64.5
162	-0.5
123
182	Buffalo	MAC	4	2–2
0–1	105.1
140	106.6
219	.4575
182	51.4
94	48.7
151	19.1
171	17.9
170	32.8
128	36.2
248	33.6
183	32.8
121	51.9
69	48.7
183	33.7
169	32.4
120	40.5
45	31.0
114	63.8
183	-1.4
282
183	Southeast Missouri St.	OVC	2	1–1
0–0	104.0
158	105.6
205	.4561
183	50.8
106	48.1
140	15.8
69	15.8
246	26.5
234	25.4
60	26.9
267	54.7
297	57.1
18	51.6
231	26.2
272	28.6
69	35.3
119	39.6
267	73.0
9	-0.7
162
184	Fordham	A10	2	1–1
1–1	97.1
231	98.7
117	.4507
184	49.2
138	49.1
161	22.0
252	19.8
120	34.8
82	31.9
170	18.5
314	45.9
249	51.2
84	54.4
264	29.7
227	26.8
51	31.1
197	37.6
246	67.6
63	-0.30
102
185	DePaul	BE	3	0–3
0–2	107.4
115	109.3
243	.4506
185	46.0
224	60.2
305	20.9
227	21.4
73	28.0
216	45.8
314	38.4
131	28.1
63	48.0
133	60.5
311	28.3
247	39.5
245	35.1
123	25.7
36	66.4
101	-1.3
273
186	Troy	SB	2	1–1
0–0	104.9
144	106.8
221	.4493
186	48.0
171	49.5
170	11.4
6	17.1
202	22.1
287	30.8
153	33.3
187	45.9
249	43.2
249	56.6
287	40.0
52	22.9
15	28.5
248	31.5
126	62.9
211	-0.7
172
187	Chicago St.	GWC	4	3–1
1–0	103.6
166	105.5
204	.4489
187	43.5
266	47.6
129	13.1
18	26.7
10	33.1
121	33.6
204	41.4
94	76.2
322	41.9
271	38.0
11	31.2
206	43.3
290	32.5
166	35.7
211	65.9
114	+0.08
70
188	UT Arlington	WAC	6	2–4
0–2	103.4
169	105.4
202	.4457
188	50.1
113	55.3
267	18.7
157	22.2
56	31.9
150	30.7
152	28.8
252	61.5
314	46.3
180	54.0
260	38.7
85	38.3
218	32.6
164	37.8
249	68.5
39	-1.3
274
189	Columbia	Ivy	2	0–2
0–2	104.1
152	106.5
216	.4364
189	41.8
287	57.4
289	18.5
153	21.2
76	39.4
27	22.0
25	37.1
148	58.1
310	36.4
308	58.0
298	35.5
140	37.5
203	32.0
181	32.4
150	55.2
316	-1.5
288
190	UMBC	AE	2	1–1
0–0	112.5
59	115.0
289	.4356
190	60.5
5	52.9
231	26.1
307	19.2
134	30.2
172	36.1
244	41.1
97	45.2
243	46.4
176	54.8
271	53.8
2	33.3
129	41.1
39	40.4
278	68.1
47	-0.7
164
191	UC Santa Barbara	BW	3	2–1
2–0	93.7
258	95.8
83	.4352
191	48.4
162	41.8
24	20.8
221	16.5
226	34.7
84	29.8
134	38.5
129	39.0
187	47.3
150	37.6
8	33.3
171	34.0
157	40.4
46	31.4
121	63.2
202	-0.7
163
192	Texas A&M	SEC	4	1–3
0–2	96.5
236	98.8
118	.4344
192	44.6
253	48.8
154	24.4
297	20.5
102	32.8
128	33.9
209	40.1
108	44.8
240	40.8
285	48.8
186	36.4
125	32.4
120	27.2
268	36.5
231	61.9
233	-1.6
291
193	North Florida	ASun	1	0–1
0–0	100.5
200	102.8
166	.4331
193	50.0
115	42.4
30	28.1
314	14.8
270	35.3
76	46.5
316	25.5
284	33.3
124	45.2
212	41.5
39	37.5
106	30.8
99	43.6
26	19.7
6	64.4
167	-0.7
158
194	California
   12 seed, R32	P12	2	0–2
0–1	111.3
69	114.1
285	.4288
194	48.3
165	56.7
284	19.5
182	11.3
313	35.4
72	19.7
12	27.6
262	51.0
279	48.8
125	47.1
147	31.3
204	50.0
308	27.6
263	34.6
191	63.6
191	-1.4
276
195	Morgan St.	MEAC	5	4–1
1–0	101.6
188	104.1
185	.4282
195	49.8
123	44.4
70	21.3
241	19.8
120	39.8
22	31.1
158	37.6
139	40.8
203	55.3
43	43.1
61	24.4
289	31.6
112	29.4
231	29.6
87	63.9
180	-0.7
169
196	Stetson	ASun	2	1–1
0–0	86.9
301	89.2
25	.4256
196	44.6
253	37.7
4	22.4
261	14.5
279	24.2
266	28.4
106	46.5
50	43.2
223	53.2
56	42.0
47	20.5
309	18.9
7	38.6
66	31.4
121	67.9
53	-0.7
149
197	Prairie View A&M	SWAC	3	2–1
0–0	94.8
247	97.7
105	.4141
197	45.9
227	41.2
15	22.7
272	21.2
76	37.9
37	30.1
139	46.5
50	39.4
192	47.8
138	42.4
50	27.3
257	25.5
37	27.7
259	28.5
72	66.4
101	-0.8
191
198	Quinnipiac	NEC	1	0–1
0–0	112.7
58	116.4
297	.4072
198	45.6
233	57.4
289	12.9
16	10.0
316	50.0
2	27.3
80	45.6
61	74.1
321	40.0
289	55.9
283	46.2
13	40.0
252	19.1
315	37.0
238	66.4
101	-0.8
190
199	Wagner	NEC	2	1–1
0–0	91.5
274	94.6
66	.4037
199	42.8
277	50.0
180	16.7
97	25.4
17	41.5
16	33.8
207	31.0
225	50.9
276	45.6
200	47.8
163	23.8
294	35.9
176	29.0
235	36.1
217	70.6
17	-0.9
233
200	Youngstown St.	Horz	2	1–1
0–0	105.0
142	108.8
238	.3998
200	54.6
49	54.0
249	13.2
19	16.6
222	22.4
286	18.3
7	32.5
202	37.2
168	47.0
162	47.1
147	42.6
34	50.0
308	45.0
21	24.8
26	71.6
11	-0.7
176
Rk	Team	Conf	G	Rec	AdjOE	AdjDE	Barthag	Efg%	EfgD%	TOR	TORD	ORB	DRB	FTR	FTRD	2P%	2P%D	3P%	3P%D	3PR	3PRD	Adj T.	WAB
201	Bryant	NEC	2	0–2
0–0	105.3
137	109.5
244	.3887
201	52.7
72	50.5
190	21.1
234	14.3
283	32.3
139	29.0
118	29.1
249	43.1
221	48.1
132	47.7
160	42.4
35	36.4
185	30.0
221	40.4
278	67.0
83	-0.9
248
202	William & Mary	CAA	1	0–1
0–0	111.9
63	116.4
298	.3877
202	58.3
16	55.3
267	22.6
270	16.1
238	20.0
305	43.8
309	57.1
14	31.6
99	60.9
7	53.8
256	36.8
117	38.9
233	45.2
20	31.6
130	63.7
188	-0.9
218
203	Sam Houston St.	Slnd	5	2–3
0–2	96.6
235	100.6
138	.3848
203	48.8
151	46.5
104	19.7
191	19.1
137	29.2
196	32.9
192	32.1
208	47.8
263	42.6
259	48.8
186	40.0
52	27.8
58	35.7
112	32.2
144	58.1
301	-1.7
298
204	Savannah St.	MEAC	4	2–2
1–0	95.1
245	99.1
122	.3838
204	52.4
78	44.6
73	19.5
182	24.7
22	33.3
112	34.1
212	28.4
258	36.6
162	53.9
51	44.7
94	32.9
188	29.5
81	33.2
154	30.2
94	60.4
274	-0.9
224
205	Mississippi St.	SEC	4	2–2
1–1	93.5
260	97.5
102	.3829
205	48.4
162	48.5
149	23.0
278	20.9
86	29.7
186	28.5
110	46.3
52	28.2
64	44.7
227	54.9
273	37.9
98	25.6
41	30.6
210	38.5
258	69.2
28	-1.2
271
206	Wyoming	MWC	4	2–2
0–1	105.6
132	110.1
250	.3815
206	56.8
24	55.1
263	18.2
145	16.2
233	22.9
280	37.8
269	42.4
86	41.0
204	55.5
40	54.8
271	39.2
69	37.3
202	40.2
47	28.8
80	60.1
282	-0.9
246
207	Lehigh	Pat	3	1–2
0–0	108.5
100	113.2
280	.3790
207	54.8
45	55.7
274	16.9
101	17.5
186	21.3
297	29.8
134	41.8
90	27.7
57	56.6
27	56.4
286	34.0
159	36.2
184	32.2
171	36.5
231	64.3
171	-0.7
168
208	UC Riverside	BW	2	0–2
0–2	93.9
256	98.1
111	.3769
208	43.1
275	51.5
211	14.0
31	18.9
146	24.3
264	27.4
86	26.6
271	32.0
111	44.4
232	47.1
147	27.0
260	40.6
260	33.9
146	32.0
140	64.7
154	-1.6
292
209	Fairfield	MAAC	4	2–2
0–0	88.3
294	92.4
44	.3735
209	41.5
290	40.3
9	20.4
206	21.2
76	29.9
180	32.3
176	32.7
195	52.9
291	44.4
232	39.6
22	23.4
298	28.6
69	32.2
171	22.0
10	62.2
228	-0.6
139
210	Southeastern Louisiana	Slnd	4	3–1
2–0	110.0
80	115.1
291	.3730
210	53.7
59	48.9
156	13.2
19	15.4
254	26.7
229	27.7
92	34.3
178	41.7
209	46.7
169	45.2
103	44.9
21	40.4
257	33.9
146	23.9
17	67.3
74	-0.6
130
211	Pepperdine	WCC	1	0–1
0–0	90.2
286	94.4
63	.3721
211	47.9
175	47.1
118	27.6
313	26.0
12	31.0
162	38.2
272	35.4
166	43.1
221	50.0
101	45.5
114	28.6
240	33.3
129	29.2
232	35.3
203	67.4
70	-0.9
215
212	SMU	CUSA	3	1–2
1–1	99.4
211	104.1
183	.3711
212	43.4
270	51.6
214	19.9
196	21.5
69	36.8
53	32.0
173	41.9
89	35.5
154	44.3
237	47.3
152	25.0
282	38.7
230	12.5
322	40.0
271	62.9
211	-1.4
278
213	UMKC	Sum	1	0–1
0–0	102.3
178	107.2
227	.3688
213	45.0
242	59.8
304	11.3
4	22.5
48	14.3
320	20.0
13	40.0
111	65.9
318	40.0
289	56.7
291	35.0
149	45.5
303	40.0
50	26.8
53	67.5
68	-0.7
151
214	Indiana St.	MVC	3	1–2
0–0	87.1
299	91.3
35	.3682
214	37.7
312	47.4
125	21.0
231	18.8
149	25.3
253	32.3
176	31.5
218	30.1
81	40.0
289	43.5
68	21.7
304	37.5
203	31.5
190	30.8
110	60.0
283	-0.01
81
215	Delaware	CAA	2	1–1
0–0	90.3
285	94.7
69	.3655
215	41.1
293	41.2
15	24.2
295	15.1
260	35.7
71	22.5
29	48.5
41	31.6
99	43.1
252	38.6
14	24.1
292	32.3
118	28.7
241	27.2
57	67.6
63	-0.8
199
216	Auburn	SEC	3	0–3
0–2	100.8
196	105.8
209	.3648
216	49.1
142	48.8
154	19.0
168	16.2
233	17.8
316	29.1
121	27.2
266	55.7
300	53.2
56	43.9
76	28.1
248	39.6
247	37.0
89	31.7
132	70.8
16	-2.4
317
217	Detroit Mercy	Horz	2	0–2
0–0	102.0
180	107.1
225	.3638
217	40.3
300	59.3
300	17.3
114	32.2
2	29.4
190	50.0
320	43.7
72	42.9
219	45.9
191	55.7
281	17.2
316	47.6
307	28.2
251	23.1
14	64.9
144	-0.7
176
218	Charleston Southern	BSth	4	2–2
0–0	96.4
237	101.5
151	.3543
218	43.4
270	49.1
161	12.6
12	16.3
231	31.3
158	22.1
26	34.8
173	33.5
126	35.8
311	51.9
234	35.5
140	30.1
89	43.9
25	41.5
292	67.6
63	-0.8
203
219	Gardner Webb	BSth	3	1–2
0–0	95.3
243	100.7
139	.3485
219	48.4
162	50.7
197	20.7
217	20.7
92	34.1
97	24.7
50	36.5
153	37.3
170	48.0
133	42.6
55	32.8
189	44.9
299	37.2
87	32.7
153	64.6
157	-0.9
236
220	San Francisco	WCC	2	1–1
0–0	97.4
223	103.1
170	.3439
220	52.8
68	46.2
98	19.5
182	17.2
198	27.5
220	26.4
72	37.7
138	24.8
31	47.3
150	51.4
227	39.2
69	25.5
37	48.1
7	40.2
275	67.2
79	-0.9
217
221	Western Carolina	SC	2	1–1
0–0	99.5
209	105.3
201	.3424
221	49.2
138	50.5
190	16.2
80	22.9
42	35.8
68	34.8
224	28.6
255	41.5
208	49.4
112	47.4
153	32.6
192	39.3
242	34.1
142	26.4
44	68.9
32	-0.8
184
222	UTSA	WAC	4	2–2
0–1	99.9
204	105.8
208	.3403
222	46.3
217	45.9
92	18.8
164	14.8
270	30.8
165	32.6
186	28.8
252	24.0
28	49.6
110	50.4
216	27.4
255	26.5
48	38.4
69	42.1
296	62.0
231	-1.2
267
223	Western Illinois	Sum	3	1–2
0–0	97.2
229	103.2
172	.3324
223	49.3
136	53.9
245	16.1
78	18.9
146	19.3
310	25.7
64	35.8
160	31.9
109	48.4
129	48.5
180	34.1
155	45.0
300	32.1
176	28.4
69	58.6
298	-0.6
140
224	Penn	Ivy	3	1–2
1–2	97.2
228	103.4
174	.3295
224	47.8
177	52.0
219	22.0
252	23.9
28	23.7
271	37.8
269	31.8
212	51.0
279	44.7
227	48.5
180	37.2
113	39.6
247	27.4
265	32.2
144	69.7
25	-1.4
281
225	Arkansas St.	SB	2	1–1
0–0	85.6
307	91.1
33	.3278
225	42.7
279	42.4
30	22.5
265	16.7
218	30.6
167	19.2
10	53.4
20	33.0
122	49.2
119	35.0
4	22.7
301	40.6
260	42.7
29	28.6
74	67.6
63	-0.8
187
Rk	Team	Conf	G	Rec	AdjOE	AdjDE	Barthag	Efg%	EfgD%	TOR	TORD	ORB	DRB	FTR	FTRD	2P%	2P%D	3P%	3P%D	3PR	3PRD	Adj T.	WAB
226	UT Rio Grande Valley	GWC	2	1–1
1–0	100.5
199	107.0
224	.3260
226	54.9
43	42.4
30	22.8
275	17.3
195	25.5
248	27.7
92	76.5
3	54.5
294	41.3
278	39.1
18	48.6
3	33.3
129	43.2
27	30.3
98	62.3
225	-0.9
227
227	Siena	MAAC	2	1–1
0–0	97.1
230	103.5
177	.3240
227	56.8
24	44.0
60	26.3
309	15.0
263	33.9
101	31.0
155	41.7
91	37.9
176	45.7
196	44.6
91	57.7
1	28.6
69	27.1
269	36.2
219	63.6
191	-0.7
165
228	Bradley	MVC	2	1–1
0–0	104.0
156	110.9
257	.3232
228	46.7
202	53.9
245	14.9
48	14.9
267	32.9
124	25.0
54	30.6
228	27.8
59	45.1
216	53.5
252	33.3
171	36.4
185	32.2
171	38.3
255	66.7
91	-0.8
181
229	Long Beach St.	BW	5	2–3
1–1	103.4
168	110.3
252	.3223
229	46.8
199	59.4
301	20.5
210	15.9
243	40.0
20	28.9
117	25.3
287	31.8
105	47.6
146	50.8
223	29.8
225	50.0
308	28.4
249	35.4
207	64.5
162	-1.2
269
230	Loyola MD	MAAC	2	1–1
0–0	95.5
241	102.2
157	.3135
230	46.9
198	44.2
63	22.3
258	20.7
92	32.1
143	34.8
224	41.2
95	36.5
160	37.1
306	46.3
129	42.9
31	27.0
53	36.1
107	35.6
209	64.3
171	-0.8
202
231	Northern Illinois	MAC	2	0–2
0–1	93.2
263	99.9
132	.3118
231	42.8
277	51.3
206	19.5
182	19.5
127	35.4
72	24.5
46	37.8
137	57.3
308	39.6
298	56.0
285	31.0
207	28.0
63	46.7
10	33.3
170	53.3
321	-1.7
297
232	Central Arkansas	Slnd	2	1–1
1–0	105.4
134	113.0
276	.3112
232	50.0
115	54.2
254	17.1
109	20.7
92	34.2
96	37.3
261	24.2
296	36.4
157	47.3
150	49.4
200	37.8
100	43.2
288	28.9
237	31.4
121	67.3
74	-0.8
195
233	St. Bonaventure	A10	2	0–2
0–2	104.7
147	112.3
268	.3099
233	52.8
68	60.3
306	21.9
251	21.9
60	28.1
214	39.6
286	26.4
274	25.2
34	51.8
70	61.6
314	36.0
130	38.2
217	47.2
8	31.8
135	62.4
220	-1.4
277
234	Hofstra	CAA	1	0–1
0–0	82.6
313	88.6
22	.3091
234	41.0
294	44.4
70	17.5
123	23.4
36	26.1
242	25.0
54	26.2
276	71.1
320	36.4
308	42.4
50	35.3
143	33.3
129	27.9
255	26.7
50	66.8
88	-0.8
208
235	West Virginia	B12	3	0–3
0–2	106.7
123	114.5
288	.3079
235	55.7
34	61.3
313	18.7
157	23.3
38	25.5
248	38.4
274	24.7
292	48.0
264	53.9
51	45.4
112	39.1
73	60.4
322	38.6
66	35.3
203	63.7
188	-1.8
307
236	USC	P12	3	0–3
0–2	95.7
240	102.9
167	.3030
236	40.8
295	43.6
57	14.1
32	12.0
311	26.7
229	37.2
260	21.2
306	33.7
132	43.9
240	38.3
12	21.3
306	36.1
180	26.3
279	33.7
173	66.7
91	-1.7
303
237	Texas A&M Corpus Chris	Slnd	2	0–2
0–2	102.0
181	109.7
245	.3015
237	45.3
239	49.5
170	16.4
92	13.7
295	26.2
236	40.0
288	28.1
259	33.7
132	37.0
307	45.1
101	47.8
5	39.4
244	24.0
296	31.7
132	54.0
318	-1.1
266
238	Princeton	Ivy	3	1–2
1–2	105.9
128	113.9
284	.3011
238	51.9
84	58.3
297	15.6
62	22.3
53	23.2
277	28.0
98	38.0
135	70.1
319	47.9
136	54.0
260	38.7
85	45.0
300	39.2
58	31.5
126	64.5
162	-1.5
285
239	VMI	BSth	2	1–1
0–0	104.0
157	112.0
267	.2985
239	46.5
210	46.6
106	12.6
12	11.9
312	26.2
236	36.1
244	34.9
171	31.8
105	52.5
66	41.5
39	24.5
288	39.5
245	38.0
75	28.8
80	68.0
52	-0.8
204
240	Drexel	CAA	1	0–1
0–0	88.7
290	95.8
82	.2917
240	41.8
287	42.6
36	27.4
312	21.0
83	37.5
43	27.6
90	32.7
195	46.8
256	43.3
247	46.7
135	26.3
267	23.5
19	38.8
64	36.2
219	61.0
261	-0.8
182
241	Eastern Michigan	MAC	4	2–2
0–1	97.4
225	105.3
200	.2914
241	47.7
179	49.5
170	21.0
231	20.6
100	32.8
128	31.9
170	33.3
187	47.5
261	43.5
245	50.0
209	37.7
102	32.6
122	31.8
186	48.6
319	58.5
299	-1.7
294
242	Louisiana Tech	WAC	4	1–3
0–2	98.9
213	107.0
223	.2884
242	42.2
285	55.9
275	19.4
180	23.9
28	38.7
32	42.2
302	26.5
272	37.9
176	42.6
259	52.7
243	27.6
253	42.6
283	31.0
199	28.9
82	68.4
45	-1.8
309
243	Bowling Green	MAC	2	1–1
1–0	101.7
186	110.2
251	.2828
243	48.6
158	52.1
220	15.9
70	20.9
86	33.8
102	32.2
175	25.7
282	37.1
167	50.0
101	46.7
135	30.3
216	40.5
259	30.3
218	38.1
253	60.2
277	-0.9
222
244	Montana St.	BSky	3	2–1
2–0	100.7
197	109.3
242	.2811
244	51.2
98	52.9
231	14.9
48	22.6
46	21.4
294	26.5
73	33.1
191	48.9
267	46.4
176	49.4
200	41.2
44	38.3
218	31.3
193	43.2
300	62.3
225	-0.9
223
245	Southern
   16 seed, R64	SWAC	2	2–0
0–0	86.6
302	94.0
57	.2807
245	43.2
274	41.6
22	18.4
151	24.9
20	25.4
251	31.9
170	51.0
29	31.7
102	37.9
304	42.9
58	36.7
120	25.8
43	31.3
193	30.7
107	61.8
238	+0.04
74
246	Northern Colorado	BSky	3	2–1
1–0	93.6
259	101.8
153	.2767
246	48.6
158	46.8
110	19.4
180	16.8
215	29.3
193	25.2
58	45.9
56	21.6
12	53.0
59	48.4
177	26.1
273	28.6
69	31.5
190	28.7
76	63.1
205	-0.7
152
247	Saint Peter's	MAAC	1	0–1
0–0	90.3
284	98.2
113	.2767
247	45.7
231	42.9
42	21.1
234	22.9
42	20.7
301	48.5
319	19.1
311	44.9
241	43.6
244	45.5
114	37.5
106	25.0
27	17.0
319	32.7
153	60.6
270	-0.8
205
248	Cal Poly	BW	5	3–2
2–0	97.6
222	106.8
220	.2627
248	47.1
190	54.9
261	16.0
73	18.5
155	31.4
157	24.2
41	25.4
286	28.2
64	43.2
249	56.6
287	37.7
102	34.8
167	29.6
229	38.0
251	57.5
305	-0.6
135
249	Nicholls St.	Slnd	3	1–2
1–1	102.9
173	113.2
279	.2514
249	50.0
115	50.6
195	15.6
62	20.8
90	36.5
57	34.7
222	38.5
129	28.8
68	52.2
68	48.9
190	29.4
233	37.5
203	27.3
266	22.6
11	64.9
144	-1.9
315
250	Elon	SC	3	1–2
0–0	86.3
306	94.9
70	.2508
250	42.4
283	45.5
89	18.9
165	12.6
310	23.5
273	21.7
21	32.9
193	30.1
81	38.9
299	40.5
32	32.3
196	36.7
191	36.5
101	34.1
178	67.2
79	-0.7
174
Rk	Team	Conf	G	Rec	AdjOE	AdjDE	Barthag	Efg%	EfgD%	TOR	TORD	ORB	DRB	FTR	FTRD	2P%	2P%D	3P%	3P%D	3PR	3PRD	Adj T.	WAB
251	Idaho	WAC	2	1–1
1–0	108.5
101	119.4
306	.2488
251	52.6
73	60.9
311	20.9
227	20.1
111	29.8
183	37.7
268	35.1
170	38.5
180	55.1
45	61.6
314	33.3
171	39.1
238	49.5
4	24.0
20	58.2
300	-0.6
145
252	South Alabama	SB	2	0–2
0–0	96.7
234	106.5
217	.2477
252	43.5
266	49.5
170	22.4
261	15.0
263	40.0
20	28.8
116	44.4
66	47.7
262	45.5
203	47.6
158	25.8
275	37.0
198	28.7
241	24.8
26	67.3
74	-0.8
209
253	South Carolina	SEC	3	1–2
1–1	104.1
154	115.1
290	.2403
253	45.4
237	55.2
266	20.8
221	21.3
74	36.1
63	28.1
102	31.6
215	57.6
309	45.5
203	53.3
251	30.1
219	38.9
233	42.0
31	37.5
245	67.7
60	-1.4
283
254	Virginia Tech	ACC	2	0–2
0–1	102.5
176	113.4
281	.2391
254	49.6
129	62.7
318	16.2
80	18.3
160	22.9
280	27.3
80	31.6
215	61.8
315	53.1
58	61.4
313	27.8
250	43.8
292	30.8
205	31.4
121	68.3
46	-1.1
265
255	Chattanooga	SC	1	0–1
0–0	110.8
73	122.6
315	.2383
255	54.5
52	62.7
318	13.9
29	13.9
292	23.3
276	22.9
30	52.7
23	56.4
302	60.0
9	58.1
299	30.0
221	45.8
304	36.4
104	43.6
301	65.8
120	-0.9
250
256	Delaware St.	MEAC	4	2–2
0–1	108.5
98	120.3
308	.2337
256	53.2
63	49.5
170	21.8
250	22.5
48	36.3
61	42.3
303	42.6
81	31.7
102	51.1
87	48.1
170	38.0
97	35.5
172	35.1
123	28.4
69	63.0
209	-1.8
305
257	North Carolina Central	MEAC	2	1–1
1–0	87.7
298	98.2
112	.2144
257	36.8
315	41.4
20	20.2
202	19.4
129	33.7
108	25.0
54	42.1
88	54.5
294	32.4
316	44.4
88	30.0
221	22.2
13	35.1
123	27.3
58	64.3
171	-0.8
200
258	UC Davis	BW	3	0–3
0–2	101.5
189	113.7
283	.2128
258	52.6
73	48.5
149	17.8
131	13.7
295	20.2
304	43.8
309	32.7
195	18.5
3	45.5
203	45.3
109	43.6
26	36.8
193	35.3
119	33.2
168	67.0
83	-2.7
321
259	Coppin St.	MEAC	2	1–1
1–0	94.3
252	106.2
212	.2037
259	49.1
142	49.6
176	21.1
234	15.6
248	26.1
242	32.9
192	39.5
118	36.5
160	45.7
196	55.4
278	36.4
125	25.6
41	38.6
66	34.1
178	73.6
5	-0.9
243
260	Duquesne	A10	2	0–2
0–2	99.4
210	112.0
266	.2033
260	52.3
80	59.2
299	22.5
265	19.1
137	23.6
272	35.7
241	40.5
102	28.8
68	40.6
286	59.5
307	47.6
6	39.2
240	37.8
80	40.8
285	68.5
39	-1.3
275
261	Winthrop	BSth	1	0–1
0–0	80.5
316	91.2
34	.1928
261	36.0
317	35.0
1	13.6
26	17.0
204	11.1
321	35.1
229	28.0
261	42.0
212	54.5
48	26.9
1	14.3
320	29.2
79	56.0
1	48.0
316	57.3
308	-0.8
211
262	Florida Atlantic	SB	1	0–1
0–0	104.8
146	118.9
303	.1893
262	56.1
29	50.0
180	15.6
62	7.1
320	24.1
268	29.7
132	36.8
150	44.4
238	59.1
13	52.2
238	30.8
209	29.4
80	22.8
305	27.0
56	67.9
53	-0.9
249
263	Seattle	WAC	3	0–3
0–1	94.4
249	107.2
228	.1881
263	46.7
202	55.3
267	23.1
281	17.7
180	38.0
34	24.2
41	40.4
103	36.6
162	44.7
227	54.6
269	34.9
150	37.5
203	25.9
283	39.8
269	63.8
183	-2.7
322
264	South Carolina St.	MEAC	2	1–1
1–0	98.4
217	111.8
264	.1861
264	44.2
258	47.9
137	19.5
182	17.8
176	44.4
9	39.7
287	20.5
308	44.3
237	45.6
200	55.4
278	27.3
257	21.9
12	29.5
230	33.0
163	58.0
302	-0.9
221
265	Cal St. Fullerton	BW	3	0–3
0–2	99.7
205	113.4
282	.1858
265	50.0
115	54.0
249	19.3
174	20.5
102	27.3
223	45.9
315	38.6
126	39.1
189	49.5
111	53.2
247	34.0
159	37.5
203	33.6
151	26.5
45	60.8
267	-2.5
318
266	Bethune Cookman	MEAC	4	2–2
0–1	97.7
219	111.4
261	.1799
266	47.4
185	48.2
141	16.2
80	18.6
150	33.8
102	25.9
66	38.6
126	47.3
260	49.4
112	47.4
153	28.6
240	33.3
129	30.9
202	32.1
143	67.9
53	-1.7
296
267	High Point	BSth	2	0–2
0–0	91.0
278	104.1
184	.1741
267	38.7
306	51.5
211	13.0
17	21.7
63	31.3
158	24.6
48	47.1
44	41.7
209	40.0
289	53.5
252	23.5
296	31.3
108	28.6
245	31.1
118	69.2
28	-0.9
247
268	UNC Greensboro	SC	2	1–1
0–0	97.2
227	111.6
263	.1695
268	48.0
171	52.9
231	11.3
4	16.2
233	26.7
229	16.9
5	37.3
143	52.9
291	40.0
289	50.7
221	41.3
43	37.8
212	36.5
101	35.6
209	69.8
24	-0.8
213
269	Morehead St.	OVC	2	1–1
0–0	97.4
226	112.4
269	.1606
269	46.6
209	52.5
227	23.3
285	20.4
105	48.7
4	27.3
80	56.0
15	59.8
312	49.4
112	47.9
164	25.8
275	41.9
270	26.7
275	30.4
100	68.5
39	-0.8
212
270	Hartford	AE	2	0–2
0–0	93.3
262	108.1
234	.1555
270	44.6
253	61.8
314	23.8
292	27.0
9	33.3
112	30.4
149	32.4
203	50.6
274	56.1
32	52.6
242	20.0
313	53.6
317	44.1
24	32.9
160	61.9
233	-1.0
256
271	Hampton	MEAC	2	0–2
0–1	92.9
268	107.9
231	.1516
271	41.7
289	46.8
110	21.5
244	20.7
92	39.5
23	37.1
257	36.0
157	38.9
185	42.0
269	40.3
29	26.9
261	41.9
270	22.8
305	28.7
76	68.6
38	-1.9
310
272	Northern Arizona	BSky	3	0–3
0–2	91.2
276	106.4
215	.1441
272	47.5
184	53.6
242	21.5
244	15.6
248	24.3
264	24.2
41	31.3
222	39.2
190	46.2
184	54.9
273	33.3
171	34.0
157	33.8
148	31.9
138	66.5
96	-2.3
316
273	Northeastern	CAA	3	1–2
0–0	91.8
273	107.5
229	.1412
273	44.9
247	55.9
275	22.3
258	25.4
17	29.0
200	35.5
235	42.5
83	33.1
123	42.1
267	60.0
308	33.3
171	30.0
88	34.9
128	27.6
61	64.6
157	-0.6
141
274	Cornell	Ivy	2	0–2
0–2	96.0
239	112.6
271	.1380
274	43.6
265	57.4
289	18.6
155	14.6
278	27.4
222	16.7
4	35.6
164	60.2
313	46.4
176	49.2
198	25.0
282	52.0
315	31.7
188	28.4
69	63.1
205	-1.5
288
275	Tennessee Martin	OVC	1	0–1
0–0	92.6
271	108.9
239	.1343
275	48.8
151	44.7
74	24.6
299	23.1
40	19.4
309	55.3
322	81.0
2	63.2
316	43.3
247	54.5
266	41.7
40	7.7
1	28.6
245	22.8
12	65.4
131	-0.9
242
Rk	Team	Conf	G	Rec	AdjOE	AdjDE	Barthag	Efg%	EfgD%	TOR	TORD	ORB	DRB	FTR	FTRD	2P%	2P%D	3P%	3P%D	3PR	3PRD	Adj T.	WAB
276	Oakland	Sum	2	0–2
0–0	103.7
165	122.0
313	.1340
276	47.3
186	67.9
321	14.3
36	17.5
186	22.5
285	24.5
46	39.8
114	48.2
265	46.9
163	54.4
264	31.9
199	54.5
319	36.7
98	49.1
320	75.3
1	-0.9
239
277	Hawaii	BW	2	0–2
0–1	95.4
242	112.5
270	.1294
277	43.8
260	50.9
199	17.8
131	14.2
285	36.1
63	24.6
48	24.8
291	52.3
289	46.2
184	47.7
160	25.0
282	37.0
198	27.9
255	41.4
290	67.5
68	-1.7
295
278	New Hampshire	AE	1	0–1
0–0	83.9
310	99.4
124	.1251
278	38.4
309	46.0
94	23.1
281	10.7
314	18.8
311	38.7
278	32.6
201	50.0
271	31.0
318	41.5
39	35.7
135	44.4
295	32.6
164	18.0
3	59.7
286	-0.8
196
279	Marist	MAAC	1	0–1
0–0	92.8
269	110.4
253	.1199
279	42.4
283	53.8
243	19.5
182	22.5
48	33.3
112	41.4
298	28.8
252	42.3
216	42.1
267	45.2
103	28.6
240	60.0
321	35.6
115	19.2
5	68.7
35	-1.0
254
280	Rhode Island	A10	2	0–2
0–2	93.2
264	111.2
258	.1159
280	40.4
298	60.3
306	14.1
32	18.0
166	24.7
261	31.6
166	24.6
293	47.1
259	42.5
262	55.6
280	24.4
289	43.8
292	36.0
110	47.1
314	63.2
202	-1.2
272
281	Southern Illinois	MVC	1	0–1
0–0	93.1
265	111.2
259	.1149
281	54.7
46	52.3
224	28.8
317	21.6
66	32.0
146	41.7
300	23.3
298	51.2
284	55.9
33	64.3
320	33.3
171	20.0
8	20.9
309	34.9
198	60.2
277	-0.9
229
282	IU Indy	Sum	1	0–1
0–0	96.9
233	115.9
295	.1124
282	52.4
78	52.9
231	19.6
189	5.9
321	20.0
305	37.0
255	19.0
313	29.4
75	57.1
18	57.1
295	28.6
240	22.2
13	33.3
152	17.6
1	52.6
322	-0.7
173
283	Portland	WCC	1	0–1
0–0	86.5
304	104.0
182	.1081
283	47.6
182	51.9
218	29.4
320	17.0
204	20.7
301	21.9
24	52.4
25	30.8
91	53.8
53	47.4
153	25.0
282	42.9
285	38.1
72	26.9
54	65.7
124	-0.9
234
284	Rice	CUSA	3	0–3
0–2	92.5
272	111.5
262	.1046
284	46.5
210	56.6
283	14.5
40	20.3
107	22.7
282	35.4
231	19.1
311	45.6
247	46.7
169	56.6
287	30.9
208	37.8
212	43.1
28	28.5
72	65.2
138	-2.5
319
285	Jackson St.	SWAC	2	1–1
0–0	102.7
175	123.9
318	.1034
285	46.7
202	50.9
199	16.7
97	17.5
186	32.9
124	34.8
224	50.5
32	50.9
276	49.2
119	59.2
303	29.2
235	20.0
8	44.9
22	28.3
67	64.8
148	-1.0
253
286	Navy	Pat	1	0–1
0–0	82.8
312	100.1
134	.1006
286	33.7
318	40.9
12	18.1
142	18.1
164	28.6
207	42.3
303	30.6
228	54.5
294	33.3
314	50.0
209	23.1
299	14.3
3	26.5
277	31.8
135	57.5
305	-0.42
114
287	Eastern Illinois	OVC	1	0–1
0–0	101.9
182	123.3
316	.1006
287	52.9
67	61.8
314	16.0
73	12.8
306	17.9
315	28.6
112	25.0
288	25.5
35	50.0
101	62.9
318	38.9
79	40.0
252	34.6
133	36.4
225	60.2
277	-0.9
231
288	Ball St.	MAC	2	1–1
1–0	95.2
244	115.3
292	.1000
288	46.8
199	49.5
170	23.7
290	22.0
59	37.9
37	42.4
305	52.7
23	38.8
183	48.2
130	46.8
140	29.7
227	36.1
180	39.8
55	36.7
235	60.9
263	-0.8
207
289	McNeese St.	Slnd	4	2–2
1–1	100.5
198	121.9
312	.0980
289	48.8
151	50.0
180	14.6
42	13.4
299	33.8
102	36.2
248	30.5
230	37.4
172	45.9
191	48.0
166	38.3
93	36.8
193	24.7
291	28.0
62	62.4
220	-1.7
302
290	Longwood	BSth	1	0–1
0–0	107.3
118	130.3
322	.0974
290	56.0
30	53.3
238	15.6
62	5.7
322	37.5
43	18.9
9	43.1
76	49.2
268	56.4
30	55.0
275	36.8
117	33.3
129	32.8
160	34.4
186	65.2
138	-0.9
251
291	Southern Utah	BSky	3	0–3
0–2	85.3
308	103.9
181	.0933
291	38.1
310	51.0
203	15.6
62	17.6
182	26.9
227	25.0
54	23.8
297	51.0
279	38.7
300	49.0
195	24.6
287	36.4
185	33.0
158	36.4
225	64.8
148	-2.7
320
292	Portland St.	BSky	2	0–2
0–2	97.6
221	119.2
305	.0917
292	47.3
186	56.3
279	14.8
47	17.9
170	21.6
290	45.3
313	27.4
264	23.5
25	46.0
188	54.1
262	34.6
152	41.2
264	23.0
303	28.6
74	67.7
60	-1.4
280
293	Sacramento St.	BSky	2	0–2
0–2	90.5
283	110.7
255	.0900
293	40.6
297	56.7
284	20.5
210	20.5
102	30.9
163	28.0
98	39.6
116	38.9
185	40.0
289	51.9
234	27.8
250	42.1
276	37.5
83	42.2
297	59.3
292	-1.7
293
294	Furman	SC	2	1–1
0–0	89.3
289	109.2
240	.0899
294	47.8
177	54.9
261	21.6
247	15.0
263	24.6
262	15.8
2	41.1
97	20.6
10	45.9
191	58.3
300	34.5
153	33.3
129	32.2
171	41.2
288	61.5
248	-0.9
226
295	Alabama St.	SWAC	1	0–1
0–0	90.7
282	113.0
275	.0738
295	42.9
276	41.3
18	19.3
174	16.1
238	35.0
80	40.0
288	35.7
162	51.9
287	51.2
84	45.2
103	13.3
321	23.8
20	26.8
273	40.4
278	59.7
286	-1.0
257
296	Florida A&M	MEAC	2	0–2
0–1	94.1
253	117.7
301	.0709
296	48.5
160	57.5
292	26.7
311	27.5
7	32.8
128	47.5
318	40.2
106	47.0
258	45.1
216	55.1
276	38.5
90	41.9
270	26.8
273	31.0
114	64.2
174	-1.7
301
297	St. Francis NY	NEC	1	0–1
0–0	89.8
288	112.7
274	.0680
297	42.6
280	53.2
237	26.5
310	14.0
289	32.4
135	38.5
275	53.2
22	22.2
16	44.7
227	53.1
246	22.2
303	35.5
172	19.1
315	49.2
321	65.4
131	-0.6
143
298	Houston Christian	GWC	4	2–2
0–1	88.7
291	112.7
273	.0596
298	46.0
224	49.3
168	25.5
303	21.1
80	33.1
121	32.8
191	46.3
52	37.8
175	41.1
283	53.0
245	38.3
93	25.9
44	29.9
225	26.1
41	64.4
167	-1.8
304
299	Utah Valley	GWC	2	0–2
0–0	90.7
281	115.6
294	.0578
299	46.2
219	55.6
273	21.0
231	22.4
51	21.5
293	31.4
162	42.5
83	28.2
64	50.7
93	45.5
114	24.2
291	50.0
308	31.1
197	34.2
181	62.3
225	-1.9
314
300	Samford	SC	1	0–1
0–0	88.2
296	113.0
277	.0550
300	46.7
202	47.7
132	9.5
1	15.1
260	10.3
322	27.6
90	31.1
224	44.2
234	50.0
101	40.0
26	28.6
240	38.9
233	46.7
10	41.9
293	53.7
319	-1.0
262
Rk	Team	Conf	G	Rec	AdjOE	AdjDE	Barthag	Efg%	EfgD%	TOR	TORD	ORB	DRB	FTR	FTRD	2P%	2P%D	3P%	3P%D	3PR	3PRD	Adj T.	WAB
301	NJIT	GWC	2	0–2
0–1	90.8
280	116.5
299	.0535
301	48.9
150	52.1
220	25.1
301	21.3
74	26.8
228	25.9
66	46.2
55	55.3
299	51.5
74	45.2
103	28.0
249	43.8
292	26.9
270	34.0
177	65.4
131	-1.9
313
302	The Citadel	SC	1	0–1
0–0	93.9
255	121.0
310	.0516
302	49.2
138	57.3
288	22.5
265	16.0
241	39.5
23	41.2
296	15.3
319	43.6
228	45.5
203	60.0
308	40.0
52	35.0
168	25.4
289	36.4
225	61.8
238	-0.9
244
303	Campbell	BSth	1	0–1
0–0	91.4
275	118.4
302	.0484
303	44.7
250	53.3
238	19.0
168	19.0
141	28.2
212	32.0
173	22.8
300	56.5
303	42.9
255	51.5
229	33.3
171	38.5
221	26.3
279	28.3
67	66.1
111	-0.9
230
304	East Tennessee St.	ASun	1	0–1
0–0	72.8
320	94.7
68	.0460
304	28.8
322	54.4
255	12.0
8	23.9
28	24.0
269	21.7
21	42.4
86	51.1
283	30.6
319	63.0
319	17.4
315	27.8
58	39.0
60	40.0
271	64.1
179	-0.9
238
305	Grambling St.	SWAC	1	0–1
0–0	74.6
319	97.8
106	.0429
305	38.7
306	44.2
63	23.0
278	19.9
118	26.3
235	33.3
197	30.2
236	51.9
287	28.6
321	47.2
151	38.9
79	25.0
27	34.0
145	30.8
110	65.0
142	-1.0
261
306	Little Rock	SB	1	0–1
0–0	74.8
318	98.1
110	.0423
306	33.7
318	58.2
296	29.3
319	29.3
4	32.5
134	23.3
32	61.2
6	38.8
183	38.7
300	52.2
238	16.7
317	42.3
280	36.7
98	53.1
322	68.1
47	-0.9
225
307	Maryland Eastern Shore	MEAC	2	0–2
0–1	96.3
238	127.0
320	.0396
307	39.9
302	58.4
298	24.0
293	18.0
166	34.4
91	32.7
188	29.3
245	21.8
13	40.0
289	61.3
312	26.3
267	35.9
176	19.2
314	38.6
259	60.9
263	-1.7
300
308	North Texas	SB	1	0–1
0–0	84.5
309	111.9
265	.0382
308	42.2
285	47.8
135	21.4
243	10.7
314	30.8
165	34.1
212	47.1
44	16.2
1	37.8
305	48.9
190	35.7
135	30.4
91	27.5
264	33.8
176	61.3
253	-0.9
241
309	Idaho St.	BSky	2	1–1
1–1	94.3
251	125.6
319	.0356
309	48.1
169	62.1
316	12.8
15	15.8
246	38.4
33	26.2
68	33.1
191	38.3
178	47.3
150	53.8
256	33.3
171	50.0
308	30.0
221	39.3
264	65.7
124	-1.0
255
310	Jacksonville	ASun	1	0–1
0–0	90.2
287	120.1
307	.0355
310	46.4
215	57.0
286	24.7
300	17.0
204	37.8
41	38.7
278	32.1
208	26.3
44	47.2
158	56.8
293	30.0
221	38.5
221	35.7
112	22.8
12	64.6
157	-0.9
228
311	Louisiana Monroe	SB	1	0–1
0–0	86.9
300	116.6
300	.0331
311	48.2
166	69.8
322	22.7
272	30.2
3	33.3
112	29.2
124	23.2
299	27.1
52	46.2
184	65.4
321	35.3
143	50.0
308	30.4
216	45.8
307	66.2
109	-0.8
209
312	Alabama A&M	SWAC	2	1–1
0–0	82.0
315	110.0
247	.0329
312	45.6
233	44.7
74	22.7
272	18.9
146	30.1
175	24.3
45	45.1
63	44.2
234	47.8
138	31.8
2	27.3
257	44.7
298	32.4
167	36.5
231	67.3
74	-0.9
219
313	Alcorn St.	SWAC	1	0–1
0–0	75.8
317	101.7
152	.0327
313	36.9
314	42.2
26	23.7
290	27.7
6	34.0
98	41.0
295	29.2
247	46.6
255	38.2
303	39.5
20	20.0
313	33.3
129	15.4
320	25.9
38	74.7
3	-1.0
260
314	Holy Cross	Pat	1	0–1
0–0	88.6
293	120.5
309	.0282
314	40.4
298	64.8
320	14.9
48	13.2
300	25.0
257	21.4
19	34.6
175	16.7
2	31.6
317	50.0
209	42.9
31	53.8
318	26.9
270	48.1
317	60.5
271	-0.8
178
315	Binghamton	AE	1	0–1
0–0	90.8
279	123.6
317	.0281
315	46.7
202	60.8
310	26.2
308	8.7
319	21.4
294	29.0
118	17.8
315	39.2
190	44.4
232	59.4
304	33.3
171	42.1
276	40.0
50	37.3
240	58.7
297	-0.6
136
316	Central Connecticut	NEC	1	0–1
0–0	83.8
311	114.2
286	.0278
316	29.7
321	42.3
29	17.1
109	14.0
289	34.0
98	50.0
320	37.3
143	23.9
26	27.8
322	39.6
22	21.7
304	33.3
129	39.0
60	25.4
35	63.2
202	-0.8
189
317	Lipscomb	ASun	1	0–1
0–0	88.6
292	121.7
311	.0254
317	38.5
308	60.4
308	30.8
321	16.2
233	46.3
5	40.0
288	40.4
103	58.3
311	29.7
320	65.4
321	40.0
52	36.4
185	28.8
239	45.8
307	64.8
148	-0.6
146
318	Howard	MEAC	1	0–1
0–0	91.0
277	128.4
321	.0188
318	45.2
241	57.8
294	21.1
234	16.3
231	33.3
112	33.3
197	32.7
195	41.2
205	44.4
232	57.6
297	31.3
204	38.9
233	30.8
205	35.3
203	66.7
91	-1.0
258
319	Lamar	Slnd	2	0–2
0–2	86.6
303	122.3
314	.0184
319	47.7
179	55.9
275	22.8
275	14.7
275	22.6
283	27.9
97	39.3
121	35.4
152	44.8
225	57.5
296	40.0
52	35.0
168	18.7
317	31.5
126	73.7
4	-1.8
306
320	San Jose St.	WAC	2	0–2
0–1	82.4
314	119.1
304	.0142
320	37.7
312	62.6
317	17.2
112	18.6
150	31.8
152	23.5
35	34.7
174	29.0
72	41.9
271	62.0
316	20.5
309	42.9
285	37.3
85	26.2
42	64.8
148	-1.9
312
321	American	Pat	1	0–1
0–0	72.6
321	105.3
199	.0137
321	31.8
320	53.9
245	13.5
24	15.2
258	25.6
247	26.7
75	29.1
249	29.4
75	36.4
308	40.0
26	9.1
322	56.3
320	20.0
312	31.4
121	57.3
308	-0.7
166
322	Wofford	SC	1	0–1
0–0	69.9
322	103.5
176	.0108
322	36.8
315	41.1
14	16.4
92	14.7
275	20.0
305	36.4
250	17.0
316	33.9
136	45.5
203	39.5
20	15.0
319	30.8
99	37.7
82	23.2
15	64.9
144	-0.9
252