Rk	Team	Conf	G	Rec	AdjOE	AdjDE	Barthag	EFG%	EFGD%	TOR	TORD	ORB	DRB	FTR	FTRD	2P%	2P%D	3P%	3P%D	3PR	3PRD	Adj T.	WAB
1	SMU
   6 seed, R64	Amer	5	5–0
2–0	136.4
1	98.4
92	.9771
1	65.1
1	43.1
24	15.3
90	15.9
218	27.1
188	33.3
268	47.5
35	32.0
127	61.0
6	42.7
42	47.5
7	29.1
62	39.6
118	46.0
310	66.6
231	+1.6
8
2	Michigan
   7 seed, Sweet Sixteen	B10	6	5–1
1–1	129.7
4	93.7
40	.9767
2	60.5
9	49.7
148	14.4
59	21.4
41	23.3
270	31.8
236	28.5
239	23.7
39	63.5
3	49.6
178	37.9
85	33.3
117	44.9
41	26.9
27	64.4
288	+2.5
2
3	Villanova
   1 seed, R32	BE	4	4–0
1–0	121.3
18	88.3
13	.9746
3	58.5
15	47.2
92	15.8
109	24.1
17	27.0
191	28.3
159	42.7
69	22.7
34	59.5
13	47.1
123	38.1
81	31.6
96	45.5
32	35.2
138	64.4
288	+1.9
5
4	Wichita St.
   10 seed, R32	MVC	3	3–0
0–0	117.5
30	86.2
7	.9726
4	46.4
244	40.4
12	15.8
109	18.7
118	36.2
40	27.4
135	62.0
5	31.6
116	37.9
314	42.9
44	44.0
24	24.7
23	30.1
269	42.7
277	69.5
127	+0.9
20
5	Iowa St.
   5 seed, R32	B12	4	3–1
0–1	129.1
5	94.8
55	.9722
5	59.8
11	48.5
128	15.5
100	14.4
273	22.1
290	34.6
290	34.8
155	28.7
81	55.7
34	46.9
119	43.4
28	34.5
157	43.0
58	32.2
81	69.0
136	+1.9
6
6	Gonzaga
   1 seed, Finals	WCC	3	3–0
0–0	117.5
31	86.9
9	.9698
6	57.3
24	41.9
15	14.9
74	13.9
286	20.3
306	18.8
18	41.4
82	19.6
16	57.1
24	35.7
7	38.7
74	37.7
234	19.7
335	29.6
52	72.8
37	+1.0
16
7	North Carolina
   1 seed, CHAMPS	ACC	3	2–1
1–0	129.0
6	95.7
62	.9689
7	52.0
106	50.3
168	14.3
54	16.2
208	38.7
17	25.3
93	28.8
233	56.1
319	53.5
66	46.0
98	32.1
203	38.6
250	28.3
289	36.3
160	71.7
59	+1.0
18
8	Kansas St.
   11 seed, R64	B12	5	4–1
2–0	118.4
24	89.8
21	.9603
8	55.6
46	48.1
114	18.8
220	19.1
104	24.6
244	32.9
261	48.8
32	34.3
165	57.1
24	44.5
68	35.2
134	35.5
176	36.4
162	41.5
261	64.8
282	+1.5
9
9	Grand Canyon	WAC	1	1–0
1–0	97.2
251	73.8
1	.9599
9	35.6
330	31.3
1	18.6
215	22.9
27	29.3
137	23.3
57	63.5
4	33.9
156	23.5
335	29.4
2	38.9
70	22.7
11	34.6
196	39.3
231	71.2
76	+0.5
34
10	Vermont
   13 seed, R64	AE	3	3–0
0–0	110.8
81	84.3
4	.9590
10	57.5
22	35.3
2	12.2
20	19.9
79	27.3
181	25.5
98	30.0
217	26.1
58	54.6
56	41.3
23	42.3
35	13.6
1	32.5
240	28.8
41	62.2
322	+0.23
50
11	Arizona
   2 seed, Sweet Sixteen	P12	4	4–0
1–0	121.9
14	92.9
36	.9578
11	57.1
27	45.4
61	14.8
71	13.1
300	30.2
121	18.6
17	54.3
12	44.3
261	54.8
53	47.4
131	41.1
45	28.4
51	33.3
220	41.3
260	69.3
133	+2.1
3
12	Duke
   2 seed, R32	ACC	5	4–1
0–1	127.8
8	97.7
83	.9564
12	55.6
46	47.7
108	13.6
40	13.0
303	23.8
259	35.4
303	48.4
33	31.4
114	55.1
48	52.4
229	37.8
88	24.8
24	32.7
236	30.8
59	69.7
119	+2.7
1
13	Notre Dame
   5 seed, R32	ACC	5	3–2
1–1	123.1
12	94.3
46	.9554
13	52.0
106	52.3
212	11.6
15	20.7
56	25.8
217	32.1
244	25.5
265	22.5
33	53.7
63	49.7
180	33.1
194	38.5
245	40.6
100	32.0
74	66.3
240	+1.2
15
14	Rhode Island
   11 seed, R32	A10	5	5–0
2–0	116.7
37	89.4
19	.9551
14	53.8
66	41.9
15	17.8
181	16.3
203	31.4
102	28.9
179	35.7
145	33.8
153	55.6
35	42.2
33	33.3
181	27.5
43	33.2
225	28.2
32	64.5
286	+1.6
7
15	Kentucky
   2 seed, Elite Eight	SEC	4	4–0
1–0	118.7
23	91.5
28	.9524
15	50.7
134	43.9
34	15.9
112	17.0
171	30.7
113	29.6
197	52.5
15	39.4
216	50.0
129	46.1
102	34.8
144	25.8
30	31.5
256	28.6
36	70.6
92	+2.0
4
16	Cincinnati
   6 seed, R32	Amer	5	4–1
2–0	118.9
22	91.8
29	.9511
16	44.9
272	46.4
75	12.0
18	17.5
156	38.6
19	25.3
93	37.9
119	34.3
165	45.9
227	44.3
65	28.7
266	33.3
117	36.9
153	37.1
180	64.3
293	+1.2
14
17	Wisconsin
   8 seed, Sweet Sixteen	B10	5	3–2
1–1	109.7
96	85.3
6	.9477
17	52.0
106	47.2
92	17.3
160	20.5
63	30.6
114	27.2
130	22.8
291	20.0
18	46.0
226	42.5
38	41.1
45	37.4
222	38.1
134	34.3
115	63.0
313	+0.44
38
18	Seton Hall
   9 seed, R64	BE	3	2–1
1–0	113.2
54	88.0
12	.9476
18	50.0
148	48.1
114	20.4
272	15.7
225	37.5
26	24.3
71	28.9
232	33.8
153	47.1
195	45.6
90	38.3
80	34.3
148	28.3
289	43.8
293	64.9
281	+1.2
13
19	Virginia
   5 seed, R32	ACC	3	2–1
1–0	116.3
38	90.8
25	.9450
19	52.1
104	48.9
134	14.2
50	18.1
141	31.3
105	22.1
38	19.6
314	41.2
235	41.9
287	54.3
264	46.0
15	28.8
59	37.5
143	48.5
321	60.7
329	+0.35
42
20	Vanderbilt
   9 seed, R64	SEC	4	3–1
1–0	108.3
115	84.8
5	.9432
20	47.1
222	44.8
46	14.9
74	17.5
156	20.0
311	23.1
48	34.4
161	20.5
19	46.1
223	47.1
123	32.1
203	26.1
32	48.7
20	28.9
46	66.7
228	+1.4
10
21	Saint Mary's
   7 seed, R32	WCC	3	2–1
0–0	118.2
26	93.1
37	.9396
21	59.3
12	43.5
29	17.3
160	14.7
261	26.4
202	23.6
64	16.8
330	24.9
48	52.0
96	41.5
25	46.4
13	33.3
117	41.3
88	23.1
4	61.7
324	+0.28
46
22	Marquette
   10 seed, R64	BE	3	2–1
2–0	130.6
2	103.1
159	.9381
22	62.2
4	53.5
239	15.5
100	18.2
137	20.2
308	30.3
211	30.7
210	32.1
131	52.6
86	52.5
233	49.4
2	37.1
214	44.9
41	33.7
107	72.5
41	+0.6
25
23	Kansas
   1 seed, Elite Eight	B12	2	1–1
1–0	121.7
16	96.3
69	.9360
23	58.5
15	52.2
208	19.3
237	15.3
237	30.2
121	28.9
179	37.6
124	26.9
63	60.6
9	52.4
229	37.3
96	34.6
158	43.6
53	38.8
227	74.1
19	+0.36
41
24	Purdue
   4 seed, Sweet Sixteen	B10	2	1–1
1–0	110.9
78	89.4
18	.9229
24	50.4
142	47.5
103	16.8
141	15.3
237	23.5
268	27.8
141	27.8
247	27.5
69	51.9
98	55.3
283	31.6
213	22.7
11	33.0
230	36.7
174	68.6
156	+0.43
40
25	West Virginia
   4 seed, Sweet Sixteen	B12	4	3–1
1–0	108.5
111	87.8
10	.9200
25	47.7
205	48.4
124	18.2
197	19.3
91	35.5
46	25.0
79	32.9
187	32.0
127	42.2
283	47.8
140	38.6
76	33.0
114	35.0
191	39.6
238	68.1
175	+1.2
12
Rk	Team	Conf	G	Rec	AdjOE	AdjDE	Barthag	Efg%	EfgD%	TOR	TORD	ORB	DRB	FTR	FTRD	2P%	2P%D	3P%	3P%D	3PR	3PRD	Adj T.	WAB
26	Florida
   4 seed, Elite Eight	SEC	3	1–2
1–1	110.6
84	89.6
20	.9181
26	49.7
158	47.3
97	16.6
130	13.8
290	22.7
281	18.2
15	28.1
242	39.6
222	48.7
163	45.2
81	34.4
160	33.8
134	34.3
200	38.5
216	68.8
147	-0.31
100
27	Louisville
   2 seed, R32	ACC	3	1–2
1–1	117.4
32	95.3
58	.9174
27	50.6
137	50.9
180	15.9
112	12.1
311	35.0
55	25.5
98	35.6
148	45.7
271	52.9
77	49.1
167	30.5
238	35.8
186	32.8
232	38.7
223	68.6
156	+0.03
67
28	Syracuse	ACC	3	2–1
1–0	123.8
10	101.4
137	.9085
28	61.7
5	50.6
173	20.0
256	18.0
142	24.1
258	28.3
159	42.0
76	17.3
10	54.8
53	55.1
278	47.0
9	29.2
63	44.0
48	40.2
244	68.7
150	-0.19
90
29	Alabama	SEC	6	3–3
1–1	108.8
104	89.2
16	.9072
29	50.2
147	44.7
45	20.5
276	16.9
174	29.7
129	27.2
130	34.5
159	35.9
184	49.3
148	45.5
87	34.6
154	28.6
53	33.2
225	31.9
71	64.3
293	+0.5
31
30	Baylor
   3 seed, Sweet Sixteen	B12	2	1–1
1–0	124.8
9	102.4
151	.9072
30	52.2
101	50.9
180	22.5
309	17.6
153	52.2
1	30.8
218	27.0
257	32.4
133	46.2
221	50.7
197	43.2
30	34.3
148	32.2
246	32.4
83	63.6
305	+0.12
59
31	Oregon
   3 seed, Final Four	P12	4	3–1
1–0	118.3
25	97.3
78	.9043
31	53.0
83	46.9
82	11.5
14	16.3
203	25.9
214	25.2
89	40.3
94	28.4
78	54.1
59	45.4
86	34.1
163	33.0
114	36.8
158	38.4
215	68.9
142	+0.44
37
32	Nevada
   12 seed, R64	MWC	5	5–0
2–0	118.2
27	98.2
89	.8938
32	53.5
74	47.0
87	13.2
33	13.5
294	27.8
172	22.6
44	43.1
65	31.5
115	52.9
77	44.7
73	36.2
117	33.9
137	42.8
64	37.7
197	71.6
63	+1.2
11
33	Michigan St.
   9 seed, R32	B10	4	1–3
0–2	113.1
61	94.5
51	.8869
33	48.5
187	45.6
67	18.8
220	13.3
297	34.6
59	23.9
67	27.8
247	32.6
135	46.6
204	42.1
30	34.0
169	34.6
158	41.4
85	35.8
145	63.3
308	-1.0
246
34	Florida St.
   3 seed, R32	ACC	3	2–1
1–0	108.6
107	90.8
26	.8861
34	48.0
196	52.3
212	18.2
197	18.2
137	36.5
34	15.5
6	31.3
205	37.0
197	52.7
83	43.5
53	24.0
311	42.0
289	27.9
299	44.8
301	69.8
117	+0.6
26
35	UCLA
   3 seed, Sweet Sixteen	P12	4	3–1
2–0	110.5
86	92.5
33	.8852
35	51.3
121	48.8
133	14.3
54	18.0
142	24.5
247	28.1
151	29.1
226	31.7
118	50.6
121	46.8
114	35.1
136	34.7
162	37.2
150	38.2
204	74.9
18	+0.30
44
36	Gardner Webb	BSth	2	1–1
0–0	108.2
119	90.6
24	.8848
36	49.6
162	35.7
3	16.9
147	16.9
174	34.8
57	27.8
141	32.6
191	42.9
247	41.6
295	36.1
8	42.9
31	23.3
15	35.5
186	34.1
110	72.1
48	-0.6
130
37	Illinois St.	MVC	4	3–1
0–0	116.1
40	97.6
82	.8807
37	50.4
142	44.8
46	14.1
46	15.3
237	33.6
74	34.4
286	22.9
290	29.7
91	43.6
259	39.9
18	40.0
55	36.8
206	41.7
76	31.8
70	64.8
282	+0.13
56
38	FIU	CUSA	2	1–1
1–1	112.5
64	94.6
52	.8798
38	53.6
71	42.2
19	18.2
197	14.3
279	27.9
169	32.9
261	18.9
320	30.4
104	56.3
31	47.9
144	32.5
197	21.4
7	36.0
173	36.5
168	65.8
255	-0.11
81
39	Northwestern
   8 seed, R32	B10	5	3–2
1–1	116.9
35	98.8
99	.8741
39	54.6
55	52.4
217	19.0
228	16.4
196	31.4
102	27.9
144	26.9
258	30.1
99	55.9
33	50.3
192	34.6
154	37.1
214	31.2
261	39.5
234	64.4
288	+0.6
30
40	Towson	CAA	2	1–1
0–0	110.1
88	93.2
38	.8722
40	49.5
166	43.6
31	17.9
185	22.5
32	40.3
13	26.9
119	52.8
14	57.4
321	47.4
190	43.4
52	36.7
106	29.3
65	28.3
289	43.6
289	67.1
214	-0.6
134
41	Virginia Tech
   9 seed, R64	ACC	3	1–2
0–1	121.8
15	103.3
162	.8694
41	55.3
50	52.2
208	15.1
82	14.1
281	25.3
229	34.9
296	45.3
47	42.5
244	57.9
19	51.6
213	34.7
148	35.6
179	44.1
47	32.6
84	67.9
178	-0.35
105
42	Arkansas
   8 seed, R32	SEC	5	3–2
1–1	111.6
73	94.8
54	.8678
42	47.9
201	45.2
57	15.5
100	18.6
125	26.5
199	33.9
279	29.8
219	34.2
162	49.1
153	45.2
81	29.9
248	30.2
77	28.5
285	38.2
204	70.1
105	+0.9
19
43	UCF	Amer	4	3–1
1–0	112.3
68	95.3
59	.8677
43	56.7
32	44.8
46	17.5
171	17.5
156	26.3
207	34.6
290	34.4
161	21.7
30	43.6
259	45.3
84	48.9
3	29.3
65	44.0
48	38.3
212	65.1
274	+0.14
55
44	Jacksonville St.
   15 seed, R64	OVC	3	3–0
0–0	110.6
83	94.3
45	.8626
44	57.7
19	40.1
11	19.3
237	16.4
196	35.4
49	32.8
259	26.8
259	19.2
15	54.7
55	43.3
50	41.3
44	24.0
17	42.3
71	43.6
289	58.8
335	+0.6
28
45	Minnesota
   5 seed, R64	B10	4	2–2
1–1	110.0
89	93.9
41	.8612
45	47.4
211	47.6
106	17.7
177	16.9
174	33.1
81	34.0
282	33.9
168	28.5
80	48.6
165	46.8
114	28.8
262	32.6
111	22.3
331	37.4
190	71.1
80	+0.28
47
46	Wake Forest
   11 seed, R68	ACC	5	3–2
2–0	130.4
3	111.4
263	.8602
46	57.7
19	57.1
292	14.7
68	15.0
250	27.3
181	30.1
206	60.7
6	46.9
278	55.3
42	60.1
317	40.7
49	34.3
148	41.5
82	35.2
138	71.6
63	+1.0
17
47	Utah	P12	4	2–2
2–0	113.2
55	97.2
77	.8519
47	53.8
66	44.3
39	18.4
208	16.6
188	27.3
181	27.7
140	27.6
251	36.4
187	55.6
35	43.7
54	33.7
175	30.4
81	36.9
153	31.4
64	67.3
203	-0.15
84
48	Mississippi	SEC	5	3–2
1–1	113.9
51	97.9
85	.8502
48	47.7
205	48.4
124	18.5
211	16.8
180	36.5
34	27.9
144	43.4
59	29.8
95	44.7
247	42.9
44	35.5
131	37.0
208	35.2
189	43.3
285	71.9
52	-0.21
93
49	Providence
   11 seed, R68	BE	3	1–2
1–0	109.4
98	94.5
49	.8441
49	52.8
88	44.8
46	21.2
290	15.5
231	28.3
162	31.1
225	50.6
22	52.0
308	53.4
69	49.5
176	34.5
157	24.2
19	34.8
192	35.8
145	67.7
190	+0.03
66
50	Santa Clara	WCC	2	1–1
0–0	121.5
17	105.0
184	.8439
50	50.0
148	56.6
284	12.0
18	20.2
70	20.8
298	25.9
104	29.1
226	46.9
278	41.7
289	62.5
326	42.2
37	26.9
38	38.5
131	26.5
21	65.3
272	+0.19
52
Rk	Team	Conf	G	Rec	AdjOE	AdjDE	Barthag	Efg%	EfgD%	TOR	TORD	ORB	DRB	FTR	FTRD	2P%	2P%D	3P%	3P%D	3PR	3PRD	Adj T.	WAB
51	Indiana	B10	4	2–2
1–0	120.8
19	104.5
178	.8418
51	57.8
17	56.3
281	20.3
269	13.6
292	26.0
212	24.6
75	29.6
221	26.7
61	52.1
94	51.3
207	45.2
20	43.2
295	36.5
160	36.7
174	70.5
96	+0.7
22
52	TCU	B12	6	3–3
0–2	116.0
41	100.4
122	.8411
52	52.9
85	52.6
220	16.7
137	16.4
196	29.5
135	25.0
79	30.4
214	39.5
218	50.0
129	50.5
193	39.4
67	37.4
222	31.2
261	37.4
190	67.4
202	-0.06
75
53	Princeton
   12 seed, R64	Ivy	4	4–0
2–0	114.4
46	99.2
103	.8375
53	52.3
100	46.8
80	9.8
6	19.3
91	27.3
181	28.6
168	24.2
279	25.0
50	51.0
112	43.1
47	36.1
119	34.4
154	39.8
111	43.1
280	62.5
318	+0.6
24
54	USC
   11 seed, R32	P12	5	4–1
2–0	115.1
45	99.9
114	.8368
54	52.4
98	52.2
208	13.4
35	20.5
63	31.5
99	29.3
188	38.3
115	25.9
56	52.6
86	51.4
209	34.7
148	35.6
179	33.8
217	36.3
160	65.5
264	+0.04
65
55	Albany	AE	3	2–1
0–0	107.7
121	94.1
42	.8251
55	54.2
60	43.6
31	19.4
243	16.3
203	29.2
138	22.1
38	38.5
112	39.5
218	52.0
96	46.0
98	38.9
70	26.3
34	34.6
196	36.3
160	66.9
223	-0.22
96
56	Clemson	ACC	5	3–2
2–0	112.4
66	98.5
94	.8205
56	49.2
173	51.7
196	15.2
84	17.6
153	32.3
93	28.8
176	29.5
222	25.3
54	48.6
165	52.7
236	33.7
175	33.3
117	29.9
272	35.8
145	65.9
251	+0.33
43
57	Creighton
   6 seed, R64	BE	4	2–2
0–1	105.8
145	92.8
35	.8191
57	53.4
75	55.4
270	20.2
264	21.9
36	23.1
275	25.0
79	24.9
273	32.9
141	55.3
42	54.8
272	33.7
175	37.5
224	39.5
121	43.2
284	73.0
30	+0.6
27
58	Illinois	B10	4	2–2
1–1	108.7
106	95.8
63	.8103
58	51.1
125	51.1
188	16.5
127	16.8
180	25.8
217	22.3
41	23.6
285	22.9
36	46.5
209	53.2
246	39.1
68	31.6
96	38.0
135	36.2
156	67.6
196	-0.5
124
59	Colorado St.	MWC	5	3–2
0–1	113.1
60	99.8
111	.8084
59	50.5
140	48.0
112	11.1
13	14.8
258	24.3
250	26.9
119	29.2
225	30.2
101	50.3
128	51.8
218	33.8
172	28.9
60	44.6
44	44.9
302	69.8
117	-0.46
118
60	Bucknell
   13 seed, R64	Pat	3	3–0
0–0	106.6
137	94.1
43	.8075
60	53.3
79	40.6
14	14.9
74	16.3
203	22.0
292	29.9
201	26.4
261	33.7
149	55.2
45	42.3
34	33.3
181	24.0
17	36.3
163	26.7
25	71.2
76	+0.24
49
61	Iona
   14 seed, R64	MAAC	3	3–0
0–0	120.1
21	106.0
197	.8074
61	53.4
75	46.6
79	14.2
50	21.3
45	27.3
181	45.5
330	38.6
111	34.0
158	49.1
153	43.8
55	40.0
55	34.9
165	39.8
111	33.0
90	68.5
159	+0.7
23
62	Maryland
   6 seed, R64	B10	2	1–1
1–0	111.7
72	98.7
98	.8052
62	51.5
119	51.9
201	16.9
147	19.3
91	23.8
259	33.3
268	32.0
194	28.0
73	51.6
102	46.5
108	34.1
163	41.7
283	39.8
111	33.6
104	64.1
297	-0.06
77
63	Oklahoma St.
   10 seed, R64	B12	2	0–2
0–1	123.8
11	109.6
237	.8027
63	47.3
217	63.7
328	8.9
3	17.2
167	33.7
73	30.5
214	22.3
295	37.6
203	44.9
242	59.7
314	33.9
170	46.7
318	39.9
109	38.5
216	71.6
63	-0.7
158
64	Middle Tennessee
   12 seed, R32	CUSA	5	5–0
2–0	113.1
58	100.2
119	.8006
64	57.0
31	44.0
35	13.5
37	19.2
99	29.8
128	24.9
78	41.4
82	36.6
192	58.0
18	44.6
69	36.3
116	28.6
53	28.1
296	32.0
74	68.7
150	+0.47
36
65	Xavier
   11 seed, Elite Eight	BE	5	3–2
1–1	114.1
49	101.1
130	.7997
65	54.7
54	54.8
259	19.0
228	18.7
118	33.3
78	26.3
112	36.7
133	31.2
111	55.4
40	52.0
221	35.8
124	39.8
264	39.6
118	36.4
165	65.9
251	+0.12
57
66	Davidson	A10	4	2–2
0–1	113.1
59	100.3
121	.7983
66	53.0
83	54.8
259	17.6
175	15.4
234	20.8
298	26.2
109	31.8
199	23.7
39	53.8
61	49.4
175	34.7
148	44.2
302	45.2
37	32.0
74	66.9
223	-0.03
72
67	Iowa	B10	4	3–1
2–0	113.9
50	101.3
134	.7946
67	55.9
43	54.1
246	20.6
277	18.8
114	32.1
95	28.8
176	20.8
312	29.0
84	49.4
143	52.9
241	44.9
21	37.5
224	36.3
163	36.5
168	71.6
63	+0.5
35
68	Evansville	MVC	2	1–1
0–0	116.8
36	103.9
172	.7922
68	47.5
209	48.3
123	15.3
90	15.3
237	35.6
44	25.0
79	49.6
27	35.5
180	47.4
190	44.0
58	31.8
212	37.0
208	18.5
336	38.0
200	72.7
38	-0.33
102
69	Miami FL
   8 seed, R64	ACC	3	1–2
0–1	106.0
144	94.6
53	.7879
69	47.6
208	52.6
220	19.8
249	16.5
193	25.0
235	27.6
139	32.0
194	31.2
111	43.0
273	55.7
289	36.1
119	31.6
96	41.5
82	37.0
176	59.1
334	+0.09
62
70	Utah Valley	WAC	4	3–1
1–0	93.5
289	83.7
3	.7815
70	45.4
259	37.5
5	23.9
322	16.7
185	29.9
127	16.7
9	38.4
114	30.6
106	50.8
117	39.6
17	26.5
292	22.5
10	49.4
14	35.9
150	68.4
164	-0.5
123
71	Akron	MAC	5	4–1
1–0	111.3
75	99.7
110	.7809
71	52.5
94	47.0
87	17.3
160	17.0
171	30.2
121	31.2
228	35.0
154	32.0
127	53.0
75	47.0
121	34.5
157	31.3
90	41.4
85	34.2
113	65.8
255	-0.17
88
72	East Tennessee St.
   13 seed, R64	SC	3	3–0
0–0	111.9
70	100.4
123	.7775
72	53.8
66	45.4
61	16.1
117	12.7
307	25.3
229	29.7
198	49.1
30	27.4
67	47.8
184	42.4
36	45.7
17	33.8
134	28.9
284	36.6
171	71.0
83	+0.6
29
73	Auburn	SEC	3	1–2
1–1	122.9
13	110.3
247	.7769
73	57.2
25	50.0
156	18.8
220	13.3
297	31.1
108	28.2
156	46.2
39	39.5
218	53.7
63	37.4
11	41.0
47	41.5
282	45.1
40	50.8
328	70.0
109	-1.1
263
74	UNC Wilmington
   12 seed, R64	CAA	3	3–0
0–0	128.4
7	115.3
294	.7767
74	63.3
2	60.2
317	14.3
54	16.7
185	32.2
94	22.5
42	53.0
13	38.6
211	60.0
11	63.2
327	45.5
19	36.7
203	39.8
111	36.1
154	71.5
69	+0.5
32
75	St. Bonaventure	A10	3	2–1
1–0	102.4
188	92.1
30	.7720
75	41.3
310	48.4
124	16.6
130	25.4
8	29.0
143	34.6
290	40.1
96	41.9
239	43.2
270	53.2
246	23.8
312	25.5
29	25.1
324	31.9
71	66.4
235	-0.17
87
Rk	Team	Conf	G	Rec	AdjOE	AdjDE	Barthag	Efg%	EfgD%	TOR	TORD	ORB	DRB	FTR	FTRD	2P%	2P%D	3P%	3P%D	3PR	3PRD	Adj T.	WAB
76	Troy
   15 seed, R64	SB	6	6–0
2–0	110.9
79	99.8
112	.7717
76	52.6
93	44.4
41	13.2
33	18.8
114	22.9
278	30.8
218	52.3
16	29.7
91	53.5
66	45.5
87	34.1
163	28.3
50	39.7
117	37.4
190	67.2
209	+0.8
21
77	New Mexico	MWC	2	1–1
1–0	98.3
234	88.4
14	.7714
77	41.6
308	39.6
8	16.5
127	17.2
167	25.3
229	24.4
72	52.3
16	49.5
293	41.5
296	39.4
16	28.0
277	26.7
37	23.4
328	40.5
249	71.4
70	-0.45
116
78	Boise St.	MWC	3	2–1
1–0	117.3
34	105.5
193	.7704
78	60.7
8	53.6
241	18.5
211	18.5
127	20.2
308	31.1
225	28.6
238	46.7
276	55.1
48	52.4
229	45.7
17	37.1
214	41.7
76	37.1
180	71.8
56	-0.42
113
79	San Diego St.	MWC	5	3–2
1–1	96.2
263	86.8
8	.7667
79	41.9
306	42.1
18	17.8
181	19.0
107	33.0
82	19.9
25	45.9
41	43.3
251	41.7
289	41.4
24	28.1
273	28.9
60	33.9
210	35.7
144	65.9
251	-0.8
181
80	Colorado	P12	5	3–2
2–0	117.8
29	106.6
201	.7604
80	50.7
134	52.4
217	13.1
31	15.2
245	30.2
121	27.1
128	33.7
173	41.0
231	49.7
140	46.1
102	34.7
148	43.0
294	41.2
89	34.3
115	67.2
209	+0.27
48
81	Butler
   4 seed, Sweet Sixteen	BE	2	0–2
0–1	106.8
134	97.0
73	.7528
81	46.5
241	54.3
250	15.3
90	25.0
11	23.8
259	34.0
282	35.6
148	42.6
245	52.5
89	54.1
260	25.0
300	36.4
198	39.6
118	35.1
131	62.8
317	-1.1
262
82	Richmond	A10	5	4–1
2–0	118.1
28	107.3
212	.7507
82	57.1
27	53.2
235	14.1
46	20.9
52	18.9
320	33.8
277	24.5
277	19.0
14	52.8
80	55.8
291	42.1
39	31.9
102	41.8
74	33.1
94	64.3
293	-0.03
71
83	VCU
   10 seed, R64	A10	5	3–2
1–1	107.6
124	97.8
84	.7496
83	46.3
249	49.3
142	12.8
26	18.0
142	33.5
77	22.0
37	32.4
192	39.9
224	47.6
187	47.9
144	28.0
277	35.0
168	23.4
328	29.9
55	67.2
209	-0.16
85
84	Belmont	OVC	2	1–1
0–0	115.5
43	105.6
195	.7377
84	51.7
117	50.9
180	12.9
27	12.9
306	24.6
244	27.4
135	19.0
318	21.4
28	57.4
22	50.0
181	31.9
210	35.7
183	59.5
4	25.0
12	64.5
286	-0.9
225
85	Texas Tech	B12	3	1–2
1–1	100.5
211	92.1
31	.7317
85	44.5
277	47.1
91	18.2
197	16.1
212	24.2
255	19.1
21	26.6
260	31.8
121	44.7
247	53.8
253	29.4
254	24.6
21	33.1
228	39.6
238	63.3
308	-0.7
159
86	Wofford	SC	2	1–1
0–0	113.1
57	103.8
168	.7271
86	56.5
36	55.7
275	15.4
94	20.6
59	21.3
295	23.2
52	34.3
163	34.9
173	53.1
73	55.1
278	40.9
48	37.8
236	40.7
98	34.9
126	69.9
113	-0.6
128
87	Nebraska Omaha	Sum	3	2–1
0–0	107.0
130	98.5
93	.7219
87	54.0
61	48.1
114	15.7
108	22.0
34	28.7
149	31.9
239	35.3
151	36.5
188	55.4
40	50.5
193	34.7
148	30.0
72	40.1
105	44.2
298	73.0
30	-0.6
132
88	UT Arlington	SB	5	3–2
1–1	109.9
90	101.5
139	.7152
88	51.8
113	48.7
131	16.7
137	19.2
99	32.5
90	32.6
254	24.8
274	33.8
153	51.3
108	47.5
136	35.1
136	33.6
132	41.0
92	40.8
256	70.9
85	-1.3
271
89	Fresno St.	MWC	4	2–2
1–0	97.7
246	90.4
23	.7113
89	48.5
187	47.9
111	20.1
259	20.8
54	22.4
286	30.7
217	28.8
233	51.9
305	48.0
178	44.2
61	32.9
195	36.5
200	34.5
198	34.9
126	70.5
96	-0.26
98
90	Cal St. Bakersfield	WAC	4	2–2
0–1	94.9
277	87.8
11	.7089
90	38.6
324	40.5
13	19.1
232	23.0
26	25.7
222	31.5
232	44.9
51	64.3
329	37.1
318	33.8
4	28.0
277	34.1
142	30.6
266	38.5
216	68.3
170	-1.4
278
91	Missouri St.	MVC	2	1–1
0–0	113.9
52	105.7
196	.7025
91	45.8
255	46.1
71	20.8
280	13.1
300	38.6
19	28.4
162	43.4
59	37.4
201	46.8
201	43.3
50	29.5
251	33.3
117	41.5
82	41.7
263	67.1
214	-0.10
79
92	UC Irvine	BW	6	4–2
2–0	104.8
154	97.4
79	.7000
92	49.7
158	43.3
26	20.2
264	16.6
188	35.0
55	30.6
216	23.6
285	27.5
69	46.2
221	37.2
10	37.3
96	37.8
236	35.9
178	31.4
64	65.5
264	-0.6
129
93	Monmouth	MAAC	3	1–2
0–0	110.6
82	102.9
156	.6966
93	53.9
63	48.0
112	15.4
94	19.8
80	24.3
250	39.7
324	25.3
270	29.2
86	53.0
75	44.8
74	36.7
106	37.3
219	40.7
98	29.2
49	74.1
19	-0.7
163
94	East Carolina	Amer	4	2–2
1–1	103.8
165	96.6
72	.6951
94	49.3
172	47.6
106	19.5
246	19.5
86	26.9
193	33.1
267	37.1
127	35.0
174	40.5
302	45.0
76	40.0
55	34.9
165	45.2
37	35.5
141	72.3
45	-0.14
83
95	New Mexico St.
   14 seed, R64	WAC	4	4–0
1–0	106.6
138	99.3
105	.6931
95	56.1
39	43.3
26	22.8
312	19.6
83	37.8
23	28.5
166	69.7
2	29.7
91	59.5
13	47.3
130	34.1
163	23.0
13	41.4
85	31.0
61	68.6
156	+0.5
33
96	George Washington	A10	5	4–1
2–0	109.6
97	102.3
150	.6872
96	53.9
63	52.9
231	18.2
197	18.2
137	27.9
169	25.6
100	29.1
226	24.5
45	52.7
83	55.8
291	37.4
95	32.4
110	36.9
153	40.5
249	66.4
235	-0.05
74
97	Texas St.	SB	5	3–2
1–1	108.3
114	101.2
132	.6858
97	56.2
37	45.9
70	19.0
228	19.0
107	28.7
149	37.5
310	41.6
79	27.9
72	53.2
72	48.7
161	41.8
41	27.2
41	31.6
255	35.5
141	62.5
318	-0.9
238
98	Mississippi St.	SEC	3	2–1
1–0	103.6
169	97.0
75	.6798
98	52.4
98	45.8
69	16.8
141	18.7
118	29.2
138	25.9
104	16.9
329	40.4
227	55.2
45	50.5
193	31.3
219	24.6
21	33.9
210	34.3
115	67.9
178	-0.31
99
99	Oklahoma	B12	2	1–1
1–0	111.0
76	104.0
174	.6783
99	46.0
253	56.6
284	13.0
29	10.7
324	26.4
202	25.4
96	39.8
98	20.5
19	49.4
143	51.7
216	25.0
300	45.7
311	28.3
289	28.7
40	67.0
219	-0.06
76
100	Texas	B12	4	1–3
0–2	100.5
212	94.3
47	.6744
100	44.2
281	48.2
118	17.4
167	17.8
147	28.3
162	35.3
302	26.2
262	29.1
85	47.9
181	44.3
65	25.3
299	38.5
245	36.9
153	29.1
47	65.8
255	-0.5
126
Rk	Team	Conf	G	Rec	AdjOE	AdjDE	Barthag	Efg%	EfgD%	TOR	TORD	ORB	DRB	FTR	FTRD	2P%	2P%D	3P%	3P%D	3PR	3PRD	Adj T.	WAB
101	Mercer	SC	1	0–1
0–0	110.5
85	103.7
167	.6740
101	42.6
294	50.0
156	10.6
10	10.6
326	24.3
250	24.2
70	23.0
289	51.9
305	36.8
321	51.2
206	34.8
144	30.8
86	37.7
140	24.1
5	64.1
297	-0.6
142
102	Arizona St.	P12	3	1–2
0–1	111.4
74	104.6
179	.6739
102	48.8
185	50.8
177	14.3
54	10.5
329	16.7
326	34.2
285	33.1
185	33.7
149	42.9
274	52.8
240	37.8
88	31.4
94	43.0
58	36.3
160	68.0
177	-0.48
120
103	Loyola MD	Pat	2	1–1
0–0	94.2
284	88.5
15	.6737
103	46.9
228	44.2
37	22.8
312	21.3
45	31.0
109	17.9
13	34.8
155	37.5
202	43.4
264	50.7
197	37.9
85	21.6
8	25.9
319	35.6
143	69.2
134	-0.8
180
104	Milwaukee	Horz	4	3–1
0–0	98.1
237	92.3
32	.6672
104	48.1
195	43.4
28	16.8
141	20.1
74	27.6
177	31.7
234	33.3
178	31.0
109	49.3
148	42.0
28	30.6
235	30.5
83	34.3
200	38.5
216	60.6
330	-0.37
108
105	Georgia Tech	ACC	3	1–2
0–1	98.0
239	92.6
34	.6569
105	46.9
228	51.2
192	15.5
100	20.3
67	25.0
235	24.8
77	28.0
243	34.3
165	49.2
152	46.0
98	28.1
273	39.4
259	32.6
238	39.8
243	70.1
105	-0.9
241
106	N.C. State	ACC	2	0–2
0–1	108.6
110	103.0
158	.6472
106	49.5
166	50.0
156	17.4
167	12.1
311	26.9
193	35.8
304	30.6
212	25.4
55	48.7
163	47.8
140	34.3
162	36.8
206	31.5
256	29.2
49	67.9
178	-0.8
192
107	North Florida	ASun	2	1–1
0–0	109.9
94	104.4
177	.6418
107	55.7
45	52.3
212	25.1
330	15.4
234	32.8
84	35.1
299	46.2
39	29.5
89	46.4
212	53.6
251	44.0
24	33.3
117	47.2
24	34.9
126	69.5
127	-0.34
104
108	Yale	Ivy	4	3–1
2–0	112.8
63	107.4
214	.6373
108	52.8
88	47.0
87	14.4
59	14.4
273	31.4
102	33.3
268	34.8
155	20.9
24	55.1
48	47.9
144	32.5
197	30.7
85	36.1
168	44.9
302	66.7
228	-0.22
95
109	Toledo	MAC	4	2–2
1–0	102.4
187	97.5
80	.6372
109	51.8
113	48.9
134	16.6
130	14.0
282	22.7
281	19.7
24	22.5
294	20.6
21	52.1
94	51.9
219	34.1
163	28.6
53	37.4
145	33.0
90	65.8
255	-0.36
106
110	Northern Kentucky
   15 seed, R64	Horz	3	3–0
0–0	105.2
151	100.3
120	.6349
110	55.9
43	47.8
110	14.7
68	16.6
188	24.2
255	25.9
104	31.2
206	23.0
37	55.2
45	45.7
93	37.8
88	34.3
148	43.5
54	36.6
171	68.5
159	+0.29
45
111	DePaul	BE	2	0–2
0–1	105.8
146	101.0
129	.6291
111	44.2
281	53.7
243	21.7
295	15.0
250	36.5
34	38.4
318	37.2
126	33.1
144	46.7
203	60.3
318	26.3
294	30.2
77	33.6
219	43.8
293	67.8
187	-1.0
259
112	Louisiana Tech	CUSA	3	2–1
1–0	110.3
87	105.3
190	.6289
112	51.9
112	51.7
196	15.0
80	15.0
250	35.1
54	21.6
34	38.3
115	21.0
26	50.4
126	43.1
47	36.4
110	41.8
285	36.1
168	43.6
289	67.5
198	-0.7
161
113	Texas A&M Corpus Chris	Slnd	5	3–2
1–1	106.7
135	102.0
143	.6268
113	53.4
75	48.2
118	18.2
197	21.2
49	26.8
195	34.6
290	33.2
184	50.4
297	53.8
61	49.1
167	35.1
136	31.1
87	33.2
225	37.1
180	69.6
122	-1.6
298
114	Winthrop
   13 seed, R64	BSth	3	3–0
0–0	103.2
174	98.7
97	.6252
114	53.7
69	44.2
37	16.4
123	16.4
196	26.4
202	26.2
109	44.9
51	29.4
88	47.9
181	46.3
105	40.2
54	27.0
40	46.6
27	37.6
195	71.7
59	+0.15
54
115	Florida Gulf Coast
   14 seed, R64	ASun	2	2–0
0–0	107.9
120	103.3
161	.6240
115	54.3
58	44.5
44	15.6
105	19.5
86	35.5
46	34.7
294	27.4
253	30.9
108	58.1
17	44.3
65	29.0
261	30.0
72	26.5
310	36.4
165	62.9
315	+0.08
63
116	Siena	MAAC	3	2–1
0–0	115.3
44	110.3
249	.6240
116	52.5
94	52.5
219	21.1
288	16.5
193	45.4
4	28.2
156	49.4
28	33.1
144	51.7
100	53.0
243	35.9
122	34.4
154	35.6
184	35.4
140	67.5
198	-0.6
141
117	Marshall	CUSA	6	4–2
1–1	113.2
56	108.5
227	.6190
117	53.3
79	50.2
166	14.1
46	15.2
245	26.1
210	33.9
279	32.7
190	25.0
50	52.3
91	50.2
191	36.4
110	33.6
132	44.9
41	26.9
27	76.4
10	-0.8
196
118	South Dakota St.
   16 seed, R64	Sum	3	3–0
0–0	108.2
118	103.9
171	.6147
118	51.7
117	50.3
168	19.4
243	14.7
261	36.7
31	25.0
79	40.5
91	30.2
101	56.5
30	48.4
153	29.2
257	36.2
195	37.6
142	31.9
71	68.3
170	+0.43
39
119	Buffalo	MAC	2	1–1
1–0	101.0
204	97.0
74	.6146
119	47.8
202	39.7
10	18.2
197	16.1
212	28.9
147	32.6
254	42.2
75	65.2
330	44.6
250	40.0
19	35.7
126	25.9
31	36.2
167	24.1
5	70.2
102	-0.8
177
120	Connecticut	Amer	5	2–3
0–2	106.1
143	102.0
142	.6135
120	45.6
257	45.5
65	19.2
234	15.6
227	28.0
167	30.2
208	50.8
20	39.4
216	41.7
289	40.9
22	35.7
126	35.1
169	33.3
220	38.7
223	68.8
147	-1.2
268
121	Ohio	MAC	3	2–1
1–0	98.2
236	94.4
48	.6111
121	47.4
211	48.5
128	16.6
130	19.1
104	24.8
243	21.1
30	28.0
243	31.9
125	50.0
129	45.7
93	28.6
267	34.8
163	36.0
173	42.3
272	68.4
164	-0.6
127
122	Houston	Amer	4	1–3
1–1	103.2
173	99.4
106	.6068
122	46.4
244	49.5
146	15.6
105	19.0
107	28.0
167	25.2
89	20.9
311	42.0
242	42.9
274	48.4
153	35.9
122	34.2
146	32.6
238	38.5
216	68.4
164	-0.6
146
123	Samford	SC	4	3–1
0–0	104.5
158	100.9
128	.6000
123	52.0
106	44.9
52	17.3
160	15.5
231	30.1
126	32.1
244	39.6
99	26.7
61	53.6
65	42.1
30	32.4
199	32.2
107	32.9
231	45.1
305	68.8
147	-0.32
101
124	Campbell	BSth	4	3–1
0–0	109.9
92	106.3
198	.5946
124	55.3
50	46.3
72	16.3
122	11.9
314	24.2
255	28.9
179	29.8
219	33.7
149	55.5
39	46.8
114	36.8
102	30.4
81	47.1
25	42.0
268	67.0
219	-0.36
107
125	William & Mary	CAA	2	1–1
0–0	115.6
42	111.8
270	.5937
125	57.7
19	57.1
292	12.7
24	10.6
326	19.4
317	20.9
28	37.6
124	37.8
205	61.0
6	54.7
271	36.2
117	40.0
266	49.6
12	46.2
311	70.2
102	-0.38
111
Rk	Team	Conf	G	Rec	AdjOE	AdjDE	Barthag	Efg%	EfgD%	TOR	TORD	ORB	DRB	FTR	FTRD	2P%	2P%D	3P%	3P%D	3PR	3PRD	Adj T.	WAB
126	Boston College	ACC	3	0–3
0–2	107.2
128	103.9
170	.5889
126	50.0
148	58.2
302	17.5
171	15.6
227	25.7
222	29.0
184	21.7
301	45.9
274	46.3
217	59.4
311	38.1
81	37.5
224	34.2
203	37.6
195	70.5
96	-0.9
231
127	North Dakota
   15 seed, R64	BSky	5	4–1
1–1	99.2
223	96.2
67	.5876
127	54.0
61	47.4
101	18.9
226	20.5
63	22.6
284	25.8
103	37.7
122	39.2
214	51.3
108	46.6
110	40.0
55	32.6
111	31.1
263	33.0
90	71.8
56	-0.6
135
128	Colgate	Pat	1	0–1
0–0	108.5
112	105.3
189	.5854
128	53.6
71	54.9
262	21.6
293	14.4
273	30.6
114	14.3
4	35.7
145	51.0
300	48.6
165	50.0
181	42.1
39	42.1
290	33.9
210	37.3
188	67.9
178	-0.6
153
129	Charleston	CAA	4	2–2
0–0	107.1
129	104.2
176	.5768
129	50.5
140	50.0
156	17.2
159	14.9
254	28.4
159	31.5
232	36.2
141	36.6
192	53.4
69	48.9
164	30.6
235	34.4
154	39.0
126	39.6
238	66.2
241	-0.24
97
130	Tennessee	SEC	3	1–2
1–1	100.2
215	97.6
81	.5753
130	42.1
302	51.0
186	14.2
50	17.7
150	27.1
188	19.4
22	34.3
163	47.7
282	36.4
323	45.0
76	33.8
172	45.0
306	39.9
109	26.5
21	67.7
190	-1.0
256
131	Dayton
   7 seed, R64	A10	3	1–2
1–1	111.8
71	109.1
233	.5703
131	55.1
52	52.6
220	15.9
112	15.9
218	25.3
229	29.5
194	41.3
85	37.1
199	51.4
105	51.0
205	41.4
43	36.6
201	34.7
193	40.6
253	69.9
113	-1.0
253
132	Texas A&M	SEC	2	0–2
0–1	100.6
208	98.2
88	.5690
132	40.3
318	49.6
147	18.2
197	9.9
330	31.6
97	29.2
186	27.8
247	24.8
46	43.4
264	48.4
153	21.9
319	34.0
139	29.6
274	45.3
308	59.7
333	-0.7
171
133	Pittsburgh	ACC	3	1–2
0–1	107.4
125	104.9
183	.5689
133	44.4
280	49.7
148	20.2
264	12.0
313	20.8
298	28.8
176	33.3
178	22.0
31	47.2
193	42.3
34	27.8
281	41.9
287	50.0
11	35.8
145	67.3
203	-0.00
70
134	Navy	Pat	2	1–1
0–0	95.3
270	93.2
39	.5638
134	35.6
330	44.9
52	21.5
291	23.9
18	50.0
2	26.9
119	45.9
41	45.5
268	43.2
270	52.7
236	13.5
335	21.2
6	33.3
220	37.5
194	63.1
310	-0.43
114
135	North Carolina Central
   16 seed, R68	MEAC	5	3–2
0–1	100.9
206	98.7
96	.5635
135	46.6
237	42.2
19	10.9
11	20.7
56	32.8
84	28.5
166	36.6
134	29.3
87	48.1
175	44.6
69	29.1
260	25.3
28	33.3
220	35.0
130	68.2
173	-0.9
218
136	Kent St.
   14 seed, R64	MAC	5	4–1
0–1	103.9
161	101.6
141	.5634
136	48.2
192	50.2
166	13.8
42	17.0
171	35.3
52	28.2
156	40.7
89	31.0
109	47.7
186	46.2
104	32.7
196	37.7
234	35.4
187	38.0
200	66.1
244	-0.04
73
137	UNC Greensboro	SC	4	2–2
0–0	109.4
100	107.1
209	.5597
137	50.8
132	55.1
267	15.3
90	18.5
127	37.6
25	30.1
206	23.8
283	32.3
132	54.2
58	50.0
181	30.5
238	42.7
291	40.4
103	36.3
160	66.5
232	-0.37
109
138	Georgia	SEC	5	2–3
1–1	102.0
194	99.9
115	.5592
138	42.6
294	51.0
186	15.8
109	14.9
254	29.0
143	26.8
118	35.6
148	31.8
121	41.2
298	49.2
169	30.9
231	35.9
189	27.7
301	39.5
234	66.1
244	+0.10
61
139	Saint Peter's	MAAC	2	1–1
0–0	99.1
225	97.2
76	.5548
139	51.5
119	50.0
156	19.8
249	18.3
133	23.6
267	29.5
194	27.5
252	31.7
118	51.4
105	56.4
297	34.4
160	28.6
53	31.4
258	47.1
315	61.4
325	-0.6
155
140	Georgetown	BE	2	0–2
0–1	98.4
231	96.6
71	.5526
140	45.8
255	47.4
101	23.3
317	10.6
326	25.4
226	25.3
93	44.3
56	53.9
314	50.0
129	48.6
158	25.0
300	30.2
77	34.0
207	37.4
190	70.5
96	-1.0
255
141	Oakland	Horz	2	1–1
0–0	102.9
182	101.2
131	.5497
141	49.2
173	46.5
77	16.5
127	13.8
290	33.8
72	30.2
208	31.7
200	13.9
6	50.6
121	42.6
39	31.1
223	38.9
253	35.7
180	25.0
12	71.7
59	-0.9
242
142	Idaho	BSky	5	4–1
2–0	108.6
109	106.7
204	.5488
142	54.3
58	49.8
155	18.1
190	17.5
156	31.9
96	23.4
62	42.4
73	39.3
215	48.4
171	44.6
69	41.8
41	38.1
241	40.9
95	41.9
266	66.4
235	-0.6
131
143	Harvard	Ivy	3	0–3
0–2	111.0
77	109.2
234	.5480
143	50.6
137	52.0
203	16.1
117	11.1
319	28.4
159	23.8
66	22.2
296	34.3
165	49.0
155	54.0
258	35.0
140	32.2
107	44.4
45	34.3
115	68.7
150	-1.9
321
144	UTSA	CUSA	4	2–2
1–1	106.9
131	105.2
188	.5462
144	45.0
270	49.3
142	14.7
68	14.3
279	35.3
52	29.8
199	42.5
72	33.0
143	41.3
297	44.2
61	34.6
154	41.9
287	34.2
203	27.3
30	66.5
232	-1.2
267
145	Rutgers	B10	3	2–1
1–0	105.5
147	104.0
173	.5428
145	46.7
234	52.3
212	18.1
190	17.1
170	32.7
86	27.4
135	26.2
262	37.0
197	42.3
282	51.7
216	36.8
102	35.4
175	33.9
210	42.2
271	63.8
300	+0.19
51
146	Cal St. Fullerton	BW	4	3–1
2–0	101.3
200	100.2
118	.5328
146	49.6
162	47.2
92	16.6
130	19.5
86	28.6
151	28.4
162	36.4
138	28.3
77	50.7
119	53.9
256	31.6
213	20.6
4	34.2
203	29.2
49	65.7
261	-0.7
164
147	Saint Louis	A10	4	2–2
1–1	97.2
252	96.1
65	.5323
147	49.5
166	44.9
52	20.8
280	15.3
237	27.3
181	25.4
96	25.5
265	34.7
171	48.8
158	45.1
79	33.7
175	29.8
71	39.2
125	43.5
286	63.6
305	-1.1
261
148	Northwestern St.	Slnd	2	2–0
2–0	109.4
99	108.3
225	.5282
148	60.8
7	47.3
97	21.5
291	12.5
309	26.7
197	28.4
162	38.7
109	30.2
101	54.5
57	47.6
138	46.7
11	31.1
87	40.5
101	34.9
126	71.6
63	+0.16
53
149	New Orleans
   16 seed, R68	Slnd	5	3–2
1–1	103.9
164	102.9
157	.5268
149	50.4
142	48.9
134	22.0
301	23.2
24	38.7
17	32.5
253	43.2
64	34.0
158	56.2
32	47.4
131	22.9
317	34.0
139	26.5
310	40.5
249	63.7
302	-0.6
137
150	South Dakota	Sum	3	1–2
0–0	100.9
205	100.0
116	.5266
150	47.0
224	51.1
188	14.4
59	20.3
67	25.9
214	31.9
239	36.6
134	29.8
95	46.6
204	50.8
203	32.1
203	34.3
148	28.5
285	37.2
185	70.1
105	-0.8
195
Rk	Team	Conf	G	Rec	AdjOE	AdjDE	Barthag	Efg%	EfgD%	TOR	TORD	ORB	DRB	FTR	FTRD	2P%	2P%D	3P%	3P%D	3PR	3PRD	Adj T.	WAB
151	UTEP	CUSA	4	2–2
1–1	103.1
178	102.1
145	.5262
151	50.7
134	47.0
87	18.1
190	13.0
303	19.7
315	25.2
89	50.0
25	44.8
264	51.1
110	41.7
26	33.3
181	38.0
239	30.9
265	34.3
115	69.6
122	-1.2
264
152	South Carolina
   7 seed, Final Four	SEC	2	0–2
0–1	99.2
224	98.5
95	.5194
152	42.0
305	52.0
203	15.5
100	22.2
33	24.4
249	33.3
268	41.6
79	50.5
298	42.4
280	47.8
140	27.7
283	40.6
278	41.6
80	31.7
69	67.3
203	-1.0
257
153	St. John's	BE	3	1–2
0–1	112.4
65	111.7
269	.5184
153	45.6
257	60.7
320	15.2
84	16.2
208	26.4
202	33.0
264	39.4
101	50.3
296	47.8
184	60.6
321	27.7
283	40.6
278	36.1
168	37.0
176	74.0
21	-0.45
117
154	Louisiana	SB	4	3–1
2–0	114.2
48	114.0
283	.5041
154	51.3
121	55.4
270	17.1
156	19.5
86	35.4
49	31.3
229	50.2
24	40.9
230	53.5
66	55.0
274	31.3
219	37.5
224	34.0
207	31.0
61	73.0
30	-0.38
110
155	Boston University	Pat	2	1–1
0–0	95.9
267	96.0
64	.4953
155	48.0
196	45.4
61	22.6
310	22.0
34	27.3
181	27.8
141	36.6
134	45.8
273	51.4
105	40.5
21	28.6
267	36.6
201	39.8
111	34.2
113	70.8
86	-0.8
201
156	James Madison	CAA	2	1–1
0–0	102.1
193	102.3
149	.4925
156	50.0
148	45.2
57	18.3
206	16.8
180	26.5
199	29.3
188	40.4
92	38.3
207	48.6
165	49.3
171	35.1
136	25.0
25	33.9
210	34.8
123	69.0
136	-0.7
156
157	Tulane	Amer	3	1–2
1–1	103.2
175	103.5
165	.4924
157	48.2
192	50.0
156	20.2
264	19.3
91	28.6
151	32.4
249	40.4
92	50.6
299	48.5
169	49.5
176	31.9
210	33.9
137	41.6
80	35.1
131	70.6
92	-1.3
274
158	Stony Brook	AE	2	1–1
0–0	96.1
266	96.5
70	.4880
158	47.4
211	39.6
8	20.1
259	20.9
52	26.1
210	33.8
277	50.5
23	57.4
321	51.0
112	35.2
6	29.2
257	33.3
117	49.5
13	29.7
53	67.8
187	-0.8
208
159	Montana	BSky	3	2–1
2–0	116.2
39	116.8
305	.4852
159	52.8
88	54.7
254	10.9
11	15.3
237	36.3
38	26.2
109	27.3
254	45.6
270	45.8
228	55.0
274	48.1
4	36.2
195	26.8
308	29.7
53	68.4
164	-0.6
133
160	Weber St.	BSky	5	3–2
1–1	109.8
95	110.4
251	.4838
160	57.1
27	49.7
148	15.2
84	14.6
267	22.3
287	30.9
221	57.9
9	31.6
116	53.3
71	47.8
140	42.6
33	36.7
203	36.3
163	25.7
18	67.2
209	-1.5
292
161	Loyola Marymount	WCC	1	0–1
0–0	114.3
47	115.0
290	.4825
161	56.2
37	57.0
289	21.6
293	20.2
70	34.2
67	33.3
268	21.5
306	78.0
333	58.8
16	52.9
241	35.5
131	43.8
299	47.7
23	32.0
74	66.4
235	-0.7
157
162	Ball St.	MAC	4	2–2
1–0	101.8
195	102.5
153	.4805
162	53.2
81	52.8
228	15.9
112	15.9
218	17.7
322	21.8
35	34.0
167	26.5
60	46.5
209	52.1
224	39.7
65	36.0
191	51.5
8	34.5
121	73.7
25	-0.49
122
163	California	P12	6	2–4
0–2	97.6
249	98.3
90	.4794
163	40.9
314	51.1
188	17.3
160	17.3
163	29.2
138	23.3
57	45.1
48	41.9
239	36.0
325	45.8
96	33.6
180	40.4
276	34.0
207	36.2
156	67.5
198	-0.6
144
164	Oregon St.	P12	2	0–2
0–1	102.8
184	103.6
166	.4768
164	43.9
284	52.6
220	18.9
226	15.9
218	28.9
147	31.8
236	27.2
256	35.1
175	37.1
318	52.2
226	36.4
110	35.6
179	38.6
130	39.5
234	67.9
178	-1.0
254
165	Duquesne	A10	3	0–3
0–2	100.6
210	101.4
138	.4747
165	48.4
190	46.9
82	19.2
234	15.1
249	25.0
235	28.7
172	42.6
71	27.4
67	49.5
142	48.8
162	31.0
227	28.0
48	37.4
145	28.6
36	67.1
214	-2.5
330
166	Utah St.	MWC	3	1–2
0–1	103.1
177	104.1
175	.4723
166	53.6
71	49.1
140	14.9
74	15.8
223	16.3
328	23.2
52	33.1
185	34.1
161	45.0
240	48.6
158	46.6
12	33.3
117	34.3
200	37.1
180	67.9
178	-1.3
273
167	Delaware	CAA	2	1–1
0–0	113.0
62	114.2
286	.4701
167	62.3
3	58.1
301	16.2
120	11.0
320	22.2
289	26.5
116	43.4
59	48.6
288	63.2
5	50.0
181	40.0
55	46.7
318	28.3
289	40.5
249	67.1
214	-0.44
115
168	Washington	P12	3	0–3
0–2	99.6
220	100.7
126	.4696
168	50.0
148	56.7
286	24.8
328	14.0
282	31.3
105	25.0
79	28.0
243	36.5
188	52.8
80	56.2
295	30.0
243	38.6
250	35.7
180	32.0
74	69.0
136	-1.2
265
169	Ohio St.	B10	2	0–2
0–1	109.9
93	111.2
261	.4661
169	56.1
39	55.4
270	17.3
160	18.0
142	25.0
235	33.3
268	46.7
36	34.2
162	50.0
129	51.4
209	43.9
26	41.3
281	38.3
133	38.3
212	70.2
102	-1.4
285
170	Purdue Fort Wayne	Sum	2	1–1
0–0	108.6
108	109.9
242	.4649
170	56.1
39	53.4
237	15.4
94	14.0
282	26.0
212	24.4
72	22.0
298	20.9
24	60.3
10	47.9
144	33.3
181	39.7
261	40.9
95	47.0
314	70.6
92	-0.9
211
171	Western Kentucky	CUSA	3	2–1
2–0	98.0
238	99.2
104	.4647
171	47.3
217	46.5
77	16.8
141	15.3
237	28.6
151	23.0
47	39.6
99	26.0
57	48.8
158	43.0
46	29.2
257	34.8
163	28.4
287	38.2
204	65.4
268	-0.8
199
172	Long Beach St.	BW	3	2–1
1–0	106.2
141	107.6
217	.4637
172	50.6
137	49.7
148	21.0
285	17.5
156	37.3
27	30.3
211	28.7
237	31.8
121	48.4
171	43.8
55	37.5
92	42.9
292	27.6
303	28.8
41	67.6
196	-0.6
150
173	Washington St.	P12	3	0–3
0–2	102.1
190	103.4
163	.4637
173	49.2
173	53.9
245	18.3
206	13.4
295	26.2
209	32.3
246	15.7
333	31.7
118	47.5
189	54.0
258	35.0
140	35.8
186	33.7
218	37.2
185	65.4
268	-1.3
270
174	Central Michigan	MAC	2	0–2
0–1	117.3
33	119.0
313	.4582
174	52.7
92	57.1
292	13.4
35	11.6
317	23.5
268	40.7
325	22.1
297	36.5
188	42.1
286	49.0
165	42.5
34	48.1
324	49.0
16	35.1
131	77.1
8	-1.4
284
175	Missouri	SEC	3	1–2
0–1	109.9
91	111.7
268	.4541
175	50.8
132	56.0
278	12.4
21	16.1
212	24.3
250	32.4
249	38.5
112	66.5
331	38.3
312	52.6
234	40.6
51	40.3
275	55.5
5	43.1
280	65.1
274	-0.8
183
Rk	Team	Conf	G	Rec	AdjOE	AdjDE	Barthag	Efg%	EfgD%	TOR	TORD	ORB	DRB	FTR	FTRD	2P%	2P%D	3P%	3P%D	3PR	3PRD	Adj T.	WAB
176	Penn St.	B10	3	1–2
0–1	103.0
180	104.7
182	.4523
176	44.7
275	50.5
171	17.5
171	15.6
227	29.1
142	35.0
298	31.7
200	23.7
39	43.7
257	42.0
28	31.1
223	44.8
305	33.9
210	33.8
108	67.1
214	-0.6
139
177	Youngstown St.	Horz	3	2–1
0–0	112.1
69	114.0
284	.4509
177	52.5
94	49.7
148	15.0
80	11.7
316	29.6
132	28.0
147	21.6
303	24.1
43	46.9
198	48.8
162	44.6
22	34.3
148	28.1
296	35.9
150	70.6
92	-0.47
119
178	Saint Francis	NEC	4	3–1
0–0	105.4
149	107.4
215	.4440
178	59.3
12	45.5
65	20.4
272	13.4
295	25.8
217	32.7
258	25.5
265	19.6
16	54.1
59	45.3
84	45.8
16	30.5
83	35.9
178	38.2
204	72.3
45	-0.7
162
179	Stanford	P12	3	0–3
0–2	110.9
80	113.2
276	.4405
179	52.2
101	60.7
320	16.1
117	14.7
261	30.8
112	32.3
246	24.6
275	32.8
139	50.0
129	55.5
285	37.3
96	46.3
316	36.6
159	37.9
199	64.6
284	-1.7
302
180	Elon	CAA	1	0–1
0–0	94.2
283	96.3
68	.4371
180	46.8
232	50.0
156	10.3
8	8.8
332	16.7
326	18.4
16	19.0
318	36.2
186	44.8
244	53.8
253	32.4
199	31.3
90	54.0
6	55.2
334	65.4
268	-0.8
190
181	Mount St. Mary's
   16 seed, R64	NEC	4	4–0
0–0	101.6
197	103.9
169	.4370
181	54.6
55	51.1
188	21.9
298	22.6
29	25.8
217	29.8
199	36.1
142	32.0
127	52.9
77	54.2
263	38.5
78	27.8
46	36.1
168	24.3
9	68.7
150	+0.12
58
182	Portland	WCC	2	1–1
0–0	102.3
189	104.6
180	.4359
182	46.4
244	56.8
288	16.6
130	21.6
40	24.6
244	37.7
313	33.7
173	16.2
8	42.7
277	58.8
308	39.1
68	36.7
203	23.5
327	54.1
332	66.8
225	-0.20
92
183	UNLV	MWC	3	1–2
1–1	88.0
321	90.2
22	.4313
183	41.1
312	44.4
41	17.8
181	20.2
70	22.3
287	23.9
67	35.7
145	28.8
82	43.2
270	40.3
20	24.6
307	35.8
186	33.9
210	29.9
55	70.0
109	-1.2
266
184	Little Rock	SB	3	1–2
1–1	97.0
256	99.5
107	.4267
184	51.1
125	46.9
82	27.1
333	18.6
125	32.9
83	23.3
57	37.1
127	73.6
332	49.4
143	50.7
197	35.8
124	27.8
46	37.9
137	41.9
266	60.9
327	-1.3
276
185	Lehigh	Pat	3	2–1
0–0	102.8
183	105.6
194	.4241
185	50.0
148	50.0
156	16.0
116	16.4
196	18.5
321	29.4
191	39.2
104	23.2
38	48.8
158	46.7
113	35.0
140	37.5
224	33.1
228	34.8
123	70.8
86	-0.22
94
186	Massachusetts	A10	4	1–3
0–2	97.9
243	100.5
125	.4239
186	47.8
202	48.2
118	22.1
302	16.8
180	33.6
74	28.9
179	27.8
247	31.2
111	54.9
52	43.1
47	23.5
314	39.7
261	36.3
163	30.8
59	65.0
280	-1.9
318
187	Northern Illinois	MAC	2	0–2
0–1	106.6
139	109.8
238	.4154
187	46.9
228	57.3
296	19.7
247	14.8
258	38.5
21	21.9
36	59.8
8	51.4
303	43.4
264	52.3
228	37.9
85	43.2
295	25.9
319	40.4
246	69.6
122	-1.4
286
188	Temple	Amer	2	1–1
1–0	108.2
117	111.6
266	.4134
188	48.0
196	53.1
234	16.4
123	23.9
18	34.6
59	37.7
313	18.1
326	28.1
75	42.5
279	51.4
209	37.0
100	37.5
224	42.5
66	35.1
131	67.3
203	-0.7
170
189	Georgia St.	SB	4	2–2
1–0	95.1
273	98.1
87	.4129
189	49.5
166	48.5
128	22.1
302	16.3
203	30.2
121	22.2
40	45.0
50	46.8
277	46.9
198	55.1
278	36.4
110	26.9
38	34.7
193	45.0
304	72.4
44	-0.5
125
190	South Florida	Amer	3	0–3
0–2	92.7
299	95.6
61	.4107
190	45.0
270	47.3
97	26.5
331	18.4
131	31.6
97	26.4
115	18.3
324	36.7
195	46.3
217	36.3
9	28.1
273	46.4
317	31.7
254	33.1
94	72.9
34	-2.1
323
191	LSU	SEC	3	1–2
1–1	107.7
122	111.2
262	.4087
191	46.5
241	55.4
270	17.4
167	16.9
174	25.5
225	28.7
172	45.6
45	28.0
73	52.2
93	55.0
274	23.2
315	37.3
219	32.7
236	40.3
245	71.8
56	-1.0
258
192	Wright St.	Horz	1	0–1
0–0	106.8
133	110.6
254	.4023
192	52.5
94	59.1
308	19.3
237	11.0
320	27.0
191	15.2
5	31.7
200	52.7
312	51.7
100	65.5
331	35.5
131	34.6
158	51.7
7	47.3
316	72.6
40	-0.8
197
193	Penn	Ivy	3	1–2
1–1	103.2
176	107.0
207	.3962
193	49.5
166	52.8
228	13.5
37	17.3
163	25.2
234	23.3
57	17.4
327	26.1
58	50.9
116	49.6
178	31.6
213	39.3
257	40.0
106	34.7
122	69.1
135	-1.5
295
194	Canisius	MAAC	3	1–2
0–0	103.8
166	108.0
222	.3869
194	52.0
106	54.7
254	19.7
247	18.7
118	32.7
86	28.7
172	19.3
315	34.8
172	55.3
42	64.8
330	30.6
235	22.0
9	35.2
189	31.6
67	68.4
164	-0.6
152
195	Bradley	MVC	2	1–1
0–0	85.8
325	89.4
17	.3838
195	44.9
272	38.8
7	21.1
288	19.1
104	19.4
317	34.4
286	38.0
118	55.8
318	46.1
223	39.3
15	28.1
273	25.0
25	29.6
274	30.0
57	72.2
47	-0.17
86
196	San Francisco	WCC	2	0–2
0–0	99.0
227	103.2
160	.3837
196	45.2
261	55.0
265	20.0
256	19.3
91	30.5
118	15.9
7	32.0
194	40.5
228	55.6
35	47.2
128	20.8
326	46.2
314	42.4
67	35.1
131	75.5
13	-0.8
186
197	Robert Morris	NEC	2	1–1
0–0	98.3
235	102.4
152	.3825
197	48.2
192	52.7
225	19.8
249	22.6
29	23.8
259	29.4
191	36.6
134	32.7
136	43.4
264	55.4
284	38.9
70	30.0
72	32.1
248	26.5
21	72.1
48	-0.6
147
198	Northern Iowa	MVC	1	0–1
0–0	97.0
254	101.2
133	.3809
198	39.3
321	46.9
82	7.6
1	25.8
7	20.5
304	48.4
334	36.1
142	62.5
326	45.5
232	46.9
119	21.4
322	31.3
90	45.9
30	33.3
99	67.9
178	-0.8
179
199	UC Davis
   16 seed, R64	BW	6	5–1
1–1	91.2
307	95.2
57	.3775
199	42.5
298	44.1
36	19.3
237	18.8
114	32.5
90	27.2
130	37.8
121	16.9
9	42.9
274	42.6
39	27.7
283	31.1
87	27.7
301	36.5
168	67.3
203	-0.20
91
200	Sacred Heart	NEC	1	0–1
0–0	104.7
156	109.4
235	.3767
200	55.5
48	59.1
308	22.2
304	23.6
22	28.1
165	25.0
79	36.4
138	32.7
136	63.4
4	50.0
181	21.4
322	47.8
323	25.5
321	41.8
264	73.3
28	-0.8
188
Rk	Team	Conf	G	Rec	AdjOE	AdjDE	Barthag	Efg%	EfgD%	TOR	TORD	ORB	DRB	FTR	FTRD	2P%	2P%D	3P%	3P%D	3PR	3PRD	Adj T.	WAB
201	Tennessee Tech	OVC	1	0–1
0–0	94.6
280	99.1
101	.3693
201	45.9
254	37.1
4	15.4
94	8.3
334	23.3
270	31.7
234	63.9
3	31.8
121	39.4
309	34.4
5	35.7
126	29.2
63	45.9
30	28.2
32	66.8
225	-0.9
221
202	Western Michigan	MAC	3	2–1
1–0	93.7
288	98.4
91	.3642
202	51.1
125	46.3
72	17.6
175	13.9
286	27.4
180	19.5
23	36.4
138	24.9
48	47.9
181	45.5
87	38.6
76	31.6
96	32.4
241	41.8
264	68.4
164	-0.8
185
203	Pacific	WCC	2	1–1
0–0	108.9
101	114.5
287	.3609
203	46.6
237	58.0
298	12.4
21	14.6
267	23.0
276	29.5
194	33.6
175	42.9
247	41.9
287	55.0
274	42.3
35	43.8
299	21.8
333	28.6
36	67.3
203	-0.07
78
204	Eastern Michigan	MAC	3	1–2
0–1	97.1
253	102.2
146	.3588
204	45.1
264	49.4
145	17.7
177	19.2
99	31.5
99	35.2
300	32.0
194	47.8
284	46.8
201	50.0
181	27.1
287	32.1
105	27.9
299	32.9
88	67.5
198	-1.5
294
205	Cornell	Ivy	2	1–1
1–1	107.3
127	112.9
274	.3575
205	59.2
14	56.3
281	20.3
269	14.7
261	20.7
302	28.4
162	45.6
45	22.8
35	60.7
8	55.8
291	38.1
81	38.0
239	40.8
97	39.4
232	69.7
119	-0.6
136
206	Morehead St.	OVC	1	0–1
0–0	102.5
186	107.9
221	.3566
206	49.2
173	52.9
231	9.1
5	21.2
49	22.9
278	30.0
203	25.0
271	45.1
266	56.8
27	31.0
3	18.8
330	54.5
334	26.7
309	43.1
280	65.5
264	-0.9
221
207	Tulsa	Amer	4	1–3
0–2	104.2
160	109.9
241	.3518
207	46.6
237	56.2
279	21.7
295	15.4
234	34.3
65	28.0
147	50.7
21	43.3
251	46.6
204	53.4
250	31.0
227	40.5
277	42.4
67	38.7
223	67.8
187	-1.1
260
208	Fordham	A10	3	0–3
0–2	94.7
279	100.0
117	.3500
208	50.0
148	50.7
176	16.7
137	23.6
22	14.3
333	37.2
309	21.7
301	51.3
302	44.7
247	52.0
221	37.0
100	32.0
103	48.8
18	32.9
88	65.8
255	-2.3
326
209	Illinois Chicago	Horz	2	1–1
0–0	101.4
199	107.1
210	.3459
209	49.1
180	43.0
23	16.8
141	11.9
314	26.4
202	31.9
239	43.8
58	23.9
42	45.6
231	44.2
61	36.4
110	26.3
34	39.3
123	26.8
26	71.2
76	-0.8
191
210	UC Santa Barbara	BW	2	1–1
1–1	89.1
318	94.2
44	.3447
210	45.2
261	43.5
29	16.4
123	16.4
196	25.4
226	22.7
45	27.9
246	9.5
1	46.1
223	48.1
151	28.6
267	26.6
36	26.9
307	55.2
334	62.2
322	-0.7
169
211	Charlotte	CUSA	3	1–2
1–1	103.9
162	110.1
243	.3403
211	53.7
69	50.9
180	15.2
84	13.3
297	15.2
332	22.5
42	41.1
86	44.2
260	43.6
259	47.9
144	46.8
10	38.2
244	38.0
135	32.0
74	71.6
63	-1.4
280
212	BYU	WCC	3	1–2
0–0	108.9
102	115.4
297	.3394
212	47.4
211	61.9
326	20.6
277	14.6
267	34.2
67	26.3
112	45.1
48	21.2
27	45.5
232	63.2
327	33.8
172	40.2
273	37.1
151	45.1
305	75.0
16	-0.11
80
213	La Salle	A10	3	1–2
1–1	97.6
248	103.5
164	.3391
213	47.8
202	50.6
173	21.9
298	19.0
107	24.3
250	20.4
27	39.2
104	32.5
134	48.9
157	45.0
76	30.9
231	37.5
224	43.0
58	50.0
325	71.3
72	-1.4
283
214	Rice	CUSA	5	3–2
1–1	104.8
153	111.2
260	.3382
214	52.0
106	49.7
148	18.6
215	14.7
261	26.8
195	23.9
67	39.3
102	35.8
183	46.3
217	53.7
252	40.0
55	28.4
51	41.7
76	36.1
154	75.5
13	-1.4
277
215	North Texas	CUSA	2	0–2
0–2	103.9
163	110.4
250	.3324
215	57.2
25	55.0
265	14.1
46	17.4
162	19.4
317	33.3
268	22.7
292	36.6
192	57.5
20	55.6
287	37.8
88	36.0
191	34.1
206	38.2
204	73.8
23	-1.5
293
216	UMBC	AE	2	1–1
0–0	108.5
113	115.3
296	.3312
216	53.2
81	58.7
304	16.2
120	21.8
37	25.0
235	31.8
236	18.4
322	20.7
22	55.0
51	60.3
318	33.3
181	37.9
238	36.0
173	47.9
317	71.9
52	-0.8
176
217	Appalachian St.	SB	2	1–1
1–0	104.4
159	111.0
256	.3309
217	47.3
217	56.2
279	16.8
141	8.8
332	30.6
114	13.7
3	46.4
38	43.4
253	53.1
73	55.1
278	26.1
295	38.6
250	41.8
74	38.9
230	68.2
173	-0.7
173
218	George Mason	A10	5	2–3
1–1	96.7
260	102.8
155	.3292
218	42.1
302	49.0
138	18.5
211	13.6
292	28.3
162	22.9
46	35.3
151	27.3
65	45.0
240	49.3
171	22.7
318	32.2
107	26.2
315	28.6
36	68.3
170	-0.8
187
219	Miami OH	MAC	2	0–2
0–1	89.6
314	95.5
60	.3261
219	44.5
277	46.3
72	17.0
155	21.4
41	15.8
331	35.2
300	29.1
226	43.5
257	48.1
175	47.1
123	24.2
310	30.0
72	30.0
270	37.0
176	66.7
228	-1.3
272
220	Wyoming	MWC	3	2–1
1–0	103.4
171	110.2
245	.3249
220	59.9
10	52.1
206	20.3
269	18.9
112	20.5
304	25.7
101	33.3
178	38.3
207	52.7
83	47.7
139	46.4
13	40.0
266	42.6
65	35.9
150	70.8
86	-0.8
206
221	Lamar	Slnd	4	3–1
2–0	107.4
126	114.6
288	.3223
221	54.9
53	54.1
246	20.7
279	23.2
24	34.4
63	31.3
229	45.8
43	44.0
259	50.8
117	59.7
314	40.7
49	29.3
65	39.8
111	35.9
150	69.7
119	-0.7
172
222	Incarnate Word	Slnd	2	1–1
1–1	108.3
116	115.5
298	.3222
222	61.6
6	57.0
289	24.3
324	15.7
225	21.4
294	30.8
218	43.4
59	13.3
5	57.4
22	57.3
300	44.4
23	37.5
224	45.5
32	25.0
12	71.1
80	-0.6
138
223	Tennessee St.	OVC	1	0–1
0–0	90.0
313	96.1
66	.3210
223	47.3
217	42.5
21	33.2
336	16.0
217	40.5
11	19.0
20	50.0
25	56.7
320	52.8
80	37.5
12	25.0
300	32.1
105	35.7
180	46.7
313	71.9
52	-0.9
230
224	IU Indy	Sum	2	1–1
0–0	93.4
292	99.8
113	.3164
224	47.0
224	50.4
170	17.1
156	18.4
131	22.0
292	23.2
52	38.1
117	39.5
218	49.3
148	54.3
264	29.4
254	29.5
69	43.2
56	38.6
221	70.7
89	-0.7
166
225	Coastal Carolina	SB	4	2–2
0–1	95.5
269	102.2
147	.3138
225	50.0
148	44.3
39	18.7
218	17.6
153	24.5
247	30.9
221	30.7
210	33.7
149	48.4
171	50.7
197	35.2
134	24.3
20	37.3
148	45.1
305	72.1
48	-1.4
287
Rk	Team	Conf	G	Rec	AdjOE	AdjDE	Barthag	Efg%	EfgD%	TOR	TORD	ORB	DRB	FTR	FTRD	2P%	2P%D	3P%	3P%D	3PR	3PRD	Adj T.	WAB
226	UMKC	WAC	4	3–1
1–0	99.7
219	106.8
206	.3112
226	51.1
125	51.7
196	22.3
306	19.8
80	28.1
165	27.0
122	51.3
19	51.5
304	44.2
252	52.7
236	42.2
37	33.3
117	36.1
168	37.3
188	73.0
30	-0.6
140
227	Northern Colorado	BSky	2	2–0
2–0	106.8
132	114.6
289	.3083
227	57.8
17	56.5
283	18.4
208	20.6
59	36.1
41	27.0
122	34.5
159	36.1
185	66.7
2	62.2
323	29.8
249	29.4
68	40.5
101	31.5
66	67.0
219	+0.07
64
228	Southern Illinois	MVC	2	1–1
0–0	85.1
327	91.3
27	.3079
228	40.5
316	41.9
15	18.1
190	21.2
49	23.7
265	34.9
296	21.6
303	12.2
3	38.5
311	27.9
1	30.3
240	37.1
214	29.7
273	50.4
326	66.4
235	-0.18
89
229	Eastern Washington	BSky	5	2–3
1–1	108.8
103	116.9
306	.3065
229	56.7
32	52.7
225	16.9
147	10.8
323	22.9
278	25.7
101	30.5
213	39.9
224	57.1
24	49.0
165	37.5
92	40.2
273	45.4
35	33.1
94	67.7
190	-1.7
305
230	Southeastern Louisiana	Slnd	2	1–1
1–0	94.3
282	101.3
135	.3052
230	45.2
261	52.1
206	26.5
331	26.5
3	36.8
30	34.5
289	41.0
87	47.4
281	48.4
171	59.6
312	26.8
289	27.5
43	39.0
126	41.2
259	68.9
142	-0.7
160
231	Texas Southern
   16 seed, R64	SWAC	5	5–0
2–0	97.8
245	105.1
186	.3045
231	52.2
101	42.5
21	17.9
185	18.7
118	27.5
179	36.4
306	49.1
30	27.3
65	51.6
102	42.6
39	35.6
130	28.0
48	31.9
250	24.6
11	70.0
109	+0.11
60
232	Northern Arizona	BSky	3	1–2
1–1	99.4
221	106.8
205	.3042
232	50.3
146	54.7
254	19.8
249	18.3
133	33.6
74	18.1
14	42.9
68	38.0
206	49.0
155	53.8
253	34.8
144	37.3
219	39.3
123	42.4
273	69.0
136	-1.8
309
233	Murray St.	OVC	3	2–1
0–0	100.3
213	107.9
220	.3011
233	44.9
272	51.5
194	16.7
137	14.9
254	34.4
63	23.6
64	32.8
188	41.3
237	36.1
324	51.9
219	39.7
65	33.8
134	37.4
145	39.5
234	66.0
247	-0.7
165
234	Stephen F. Austin	Slnd	5	2–3
1–1	97.5
250	105.0
185	.2992
234	47.5
209	48.2
118	24.4
325	18.3
133	37.7
24	30.9
221	42.4
73	32.7
136	50.6
121	47.2
128	27.2
286	33.1
116	31.8
253	42.0
268	65.1
274	-1.7
303
235	Air Force	MWC	4	1–3
0–2	94.9
276	102.3
148	.2985
235	42.5
298	54.4
252	18.5
211	18.9
112	20.3
306	27.3
133	44.4
53	29.8
95	45.2
239	55.5
285	26.1
295	35.6
179	44.4
45	51.8
330	68.5
159	-1.7
306
236	Sacramento St.	BSky	4	2–2
1–1	102.1
191	110.2
246	.2944
236	50.9
129	52.9
231	18.8
220	16.9
174	34.1
69	28.9
179	45.8
43	35.6
181	51.9
98	56.6
298	32.1
203	31.5
95	26.2
315	39.6
238	66.0
247	-1.4
279
237	Louisiana Monroe	SB	4	1–3
0–2	100.7
207	108.8
230	.2922
237	46.3
249	52.3
212	21.8
297	17.8
147	34.1
69	38.6
321	19.3
315	35.2
177	45.8
228	47.0
121	31.4
218	45.5
308	37.7
140	25.1
16	63.8
300	-2.3
325
238	Tennessee Martin	OVC	2	1–1
0–0	100.3
214	108.4
226	.2893
238	49.0
183	50.0
156	22.9
315	23.7
21	41.5
9	44.8
329	33.3
178	29.6
90	48.5
169	48.2
152	33.3
181	34.6
158	37.1
151	48.1
319	63.0
313	-0.7
167
239	UAB	CUSA	4	2–2
1–1	98.3
233	106.5
200	.2863
239	47.4
211	48.4
124	16.9
147	15.8
223	32.6
89	27.0
122	26.0
264	28.4
78	48.1
175	46.0
98	30.7
234	34.9
165	31.9
250	38.2
204	64.3
293	-1.6
297
240	Montana St.	BSky	3	1–2
1–1	100.6
209	109.1
231	.2832
240	53.9
63	50.8
177	18.1
190	15.5
231	26.5
199	26.3
112	32.1
193	44.7
263	51.0
112	45.6
90	38.4
79	39.2
256	45.3
36	39.4
232	67.7
190	-1.7
304
241	The Citadel	SC	2	1–1
0–0	101.7
196	110.3
248	.2825
241	50.4
142	47.2
92	21.0
285	19.6
83	27.8
172	45.7
331	23.1
288	18.9
13	37.9
314	45.9
97	43.6
27	32.8
113	45.5
32	40.6
253	72.7
38	-0.8
175
242	Brown	Ivy	2	1–1
1–1	108.8
105	118.2
311	.2775
242	52.8
88	61.3
325	17.9
185	19.3
91	36.0
42	17.2
10	31.7
200	43.4
253	46.4
212	62.3
325	40.4
53	40.0
266	45.2
37	42.5
275	71.0
83	-0.9
227
243	Grambling St.	SWAC	4	3–1
2–0	103.4
172	112.3
273	.2772
243	51.8
113	49.7
148	15.1
82	24.9
12	29.5
135	34.8
295	43.0
66	48.0
285	50.6
121	44.6
69	37.3
96	39.7
261	22.9
330	34.3
115	67.0
219	-0.9
212
244	Marist	MAAC	1	0–1
0–0	102.6
185	111.6
264	.2771
244	51.8
113	53.4
237	23.8
319	19.3
91	43.8
6	38.2
317	40.0
97	32.8
139	72.7
1	45.2
81	13.6
334	50.0
326	40.0
106	27.6
31	66.0
247	-0.9
216
245	Niagara	MAAC	2	1–1
0–0	93.2
294	101.3
136	.2761
245	37.9
327	51.7
196	14.5
65	21.7
38	40.6
10	26.1
108	30.2
215	29.8
95	40.2
303	45.6
90	21.4
322	39.6
260	28.2
295	43.8
293	71.4
70	-0.6
149
246	Seattle	WAC	2	0–2
0–1	86.8
324	94.5
50	.2738
246	44.6
276	46.8
80	19.3
237	25.2
10	16.2
329	27.0
122	13.4
335	54.7
316	43.3
268	64.1
329	31.1
223	23.2
14	40.2
104	58.9
336	63.1
310	-1.5
291
247	Arkansas St.	SB	3	0–3
0–2	104.8
155	114.1
285	.2734
247	46.7
234	52.7
225	17.8
181	18.3
133	41.9
8	30.0
203	39.2
104	43.6
258	46.6
204	50.0
181	31.3
219	38.1
241	26.5
310	38.2
204	65.6
263	-2.5
328
248	UNC Asheville	BSth	1	0–1
0–0	112.4
67	122.4
323	.2726
248	54.4
57	66.3
332	11.8
17	19.2
99	21.2
296	16.0
8	36.8
131	26.9
63	59.4
15	58.1
303	32.0
208	52.4
331	43.9
50	40.4
246	70.4
100	-0.9
233
249	Loyola Chicago	MVC	1	0–1
0–0	73.0
336	79.7
2	.2665
249	36.4
328	45.2
57	28.7
335	20.1
74	27.9
169	11.1
1	27.3
254	28.8
82	22.7
336	42.1
30	30.3
240	35.7
183	60.0
3	26.9
27	72.5
41	-0.8
210
250	Nebraska	B10	3	0–3
0–2	101.0
203	110.6
253	.2617
250	41.2
311	61.9
326	18.7
218	18.7
118	36.3
38	29.9
201	21.6
303	38.7
212	41.7
289	59.6
312	26.7
290	44.1
301	29.4
278	35.1
131	69.4
132	-1.4
282
Rk	Team	Conf	G	Rec	AdjOE	AdjDE	Barthag	Efg%	EfgD%	TOR	TORD	ORB	DRB	FTR	FTRD	2P%	2P%D	3P%	3P%D	3PR	3PRD	Adj T.	WAB
251	South Alabama	SB	3	1–2
1–1	101.1
202	110.6
255	.2615
251	49.7
158	58.7
304	18.8
220	26.0
6	28.4
159	30.2
208	43.3
63	43.4
253	50.6
121	44.2
61	32.4
199	58.3
335	43.3
55	33.6
104	67.2
209	-1.7
307
252	Wagner	NEC	2	1–1
0–0	106.7
136	116.7
304	.2614
252	49.6
162	52.2
208	20.1
259	17.7
150	48.7
3	39.1
323	18.4
322	30.4
104	43.8
254	49.3
171	40.0
55	38.5
245	36.0
173	34.8
123	60.9
327	-0.9
219
253	UT Rio Grande Valley	WAC	2	0–2
0–1	96.1
264	105.4
192	.2568
253	47.0
224	50.8
177	15.4
94	19.5
86	20.0
311	37.6
312	40.7
89	63.6
328	49.4
143	50.6
196	28.8
262	34.1
142	38.5
131	34.1
110	78.4
5	-1.4
288
254	Furman	SC	1	0–1
0–0	93.0
297	102.1
144	.2545
254	39.4
320	45.3
60	13.9
44	12.3
310	39.1
15	27.5
138	24.2
279	60.4
324	30.8
334	44.1
60	30.0
243	31.6
96	60.6
2	35.8
145	64.6
284	-0.8
202
255	Western Illinois	Sum	1	0–1
0–0	89.2
316	98.0
86	.2525
255	42.9
291	44.4
41	20.2
264	13.9
286	27.1
188	20.0
26	18.6
321	44.4
262	33.3
331	46.8
114	40.0
55	25.0
25	35.7
180	25.4
17	67.9
178	-0.8
207
256	Old Dominion	CUSA	3	1–2
1–1	97.8
244	107.6
219	.2497
256	42.6
294	49.0
138	14.4
59	15.0
250	33.3
78	24.5
74	19.1
317	37.7
204	39.9
307	51.6
213	35.0
140	30.2
77	21.9
332	40.9
257	60.2
332	-1.5
290
257	Pepperdine	WCC	1	0–1
0–0	120.6
20	133.0
334	.2452
257	56.6
34	60.0
315	10.1
7	11.5
318	28.6
151	28.1
151	37.7
122	38.3
207	48.8
158	53.3
248	50.0
1	53.3
332	29.5
277	25.0
12	71.3
72	-0.9
229
258	Dartmouth	Ivy	2	1–1
1–1	103.0
179	113.9
282	.2382
258	50.9
129	52.8
228	21.9
298	7.5
335	25.8
217	30.0
203	21.3
308	10.6
2	44.4
251	54.8
272	40.0
55	33.3
117	41.7
76	40.4
246	69.6
122	-0.11
82
259	Fairfield	MAAC	2	0–2
0–0	97.0
257	107.3
213	.2367
259	51.2
124	55.8
276	20.1
259	20.1
74	27.8
172	29.2
186	21.9
299	46.0
275	51.5
104	60.0
316	33.9
170	33.3
117	48.4
21	42.5
275	72.9
34	-0.7
174
260	Hawaii	BW	3	0–3
0–2	98.8
228	109.4
236	.2357
260	49.4
171	56.7
286	18.8
220	21.3
45	30.9
111	32.6
254	24.6
275	34.5
170	46.4
212	58.6
306	36.5
108	35.2
170	36.0
173	32.7
85	66.1
244	-2.5
329
261	Alcorn St.	SWAC	5	2–3
0–2	91.0
309	100.8
127	.2342
261	46.4
244	45.7
68	20.4
272	16.1
212	36.4
37	28.1
151	33.8
172	33.1
144	47.2
193	46.4
107	29.5
251	29.5
69	29.1
279	35.1
131	66.8
225	-2.5
331
262	Jacksonville	ASun	1	0–1
0–0	98.0
241	108.6
229	.2340
262	48.5
187	58.9
306	14.9
74	19.0
107	23.7
265	17.6
12	18.2
325	12.9
4	52.6
86	52.6
234	28.6
267	45.8
312	42.4
67	38.7
223	71.7
59	+0.00
69
263	Chicago St.	WAC	2	0–2
0–1	96.9
258	107.6
218	.2306
263	45.3
260	54.9
262	18.1
190	21.7
38	30.4
119	28.6
168	37.1
127	49.5
293	49.4
143	58.6
306	24.3
309	33.3
117	31.9
250	43.7
292	68.1
175	-1.6
301
264	Norfolk St.	MEAC	4	2–2
0–0	97.7
247	108.5
228	.2299
264	49.6
162	48.9
134	22.4
307	14.8
258	35.5
46	25.2
89	39.3
102	30.7
107	45.4
238	42.7
42	38.9
70	39.8
264	32.1
248	37.0
176	68.9
142	-0.8
193
265	Sam Houston St.	Slnd	5	3–2
1–1	94.1
285	104.6
181	.2277
265	45.1
264	48.7
131	14.9
74	20.8
54	31.5
99	28.0
147	31.4
204	44.9
265	45.8
228	49.2
169	29.3
256	31.3
90	37.9
137	24.3
9	67.7
190	-1.6
296
266	LIU	NEC	1	0–1
0–0	102.1
192	113.5
279	.2276
266	50.0
148	48.2
118	17.3
160	17.3
163	27.8
172	21.1
30	19.7
313	33.3
148	51.1
110	42.4
36	31.3
219	37.5
224	26.2
315	42.1
270	68.7
150	-1.0
247
267	Kennesaw St.	ASun	1	0–1
0–0	99.9
217	111.1
258	.2267
267	49.1
180	57.0
289	19.0
228	20.6
59	29.0
143	37.0
307	22.6
293	17.5
11	43.6
259	66.7
333	42.9
31	20.0
3	26.4
313	26.3
19	65.5
264	-0.6
143
268	Charleston Southern	BSth	1	0–1
0–0	104.6
157	116.6
303	.2237
268	49.1
180	63.9
329	15.6
105	16.9
174	17.1
324	29.4
191	56.1
10	41.0
231	55.6
35	58.1
303	16.7
333	46.7
318	21.1
334	49.2
324	74.0
21	-0.6
145
269	Fairleigh Dickinson	NEC	1	0–1
0–0	106.4
140	118.7
312	.2206
269	43.5
288	52.6
220	14.2
50	20.5
63	44.7
5	45.7
331	33.9
168	27.6
71	48.8
158	54.1
260	21.1
325	33.3
117	30.6
266	36.2
156	68.5
159	-0.9
214
270	Liberty	BSth	2	1–1
0–0	98.4
232	109.8
239	.2197
270	52.9
85	54.2
249	13.1
31	26.3
4	13.3
334	23.5
63	21.4
307	45.2
267	51.0
112	47.9
144	36.5
108	41.7
283	50.5
10	42.9
278	62.5
318	-1.0
245
271	Hofstra	CAA	1	0–1
0–0	113.4
53	126.7
328	.2191
271	57.4
23	61.1
323	10.5
9	16.5
193	17.1
324	25.0
79	37.0
130	40.7
229	44.8
244	58.5
305	48.0
5	46.2
314	46.3
28	24.1
5	69.6
122	-0.9
237
272	Holy Cross	Pat	1	0–1
0–0	84.7
328	94.8
56	.2146
272	38.4
325	38.0
6	24.7
327	30.4
1	29.0
143	58.8
336	30.2
215	45.7
271	40.9
301	52.0
221	23.8
312	14.3
2	48.8
18	45.7
309	55.8
336	-0.8
198
273	Prairie View A&M	SWAC	3	2–1
2–0	105.2
150	118.0
310	.2117
273	53.4
75	49.3
142	17.4
167	20.6
59	29.7
129	38.5
319	34.2
166	47.0
280	47.1
195	48.6
158	40.5
52	34.1
142	46.0
29	29.1
47	63.5
307	-0.9
234
274	Southeast Missouri St.	OVC	2	1–1
0–0	95.1
274	106.7
202	.2110
274	40.7
315	55.1
267	14.8
71	25.4
8	19.5
316	33.9
279	34.7
158	35.2
177	35.3
327	55.7
289	32.0
208	36.2
195	42.4
67	43.5
286	69.0
136	-0.6
154
275	Houston Christian	Slnd	4	2–2
2–0	106.2
142	119.1
314	.2106
275	50.0
148	54.1
246	13.5
37	16.7
185	34.7
58	26.5
116	38.9
107	28.1
75	46.5
209	53.3
248	38.7
74	37.0
208	30.4
268	38.0
200	71.2
76	-0.8
189
Rk	Team	Conf	G	Rec	AdjOE	AdjDE	Barthag	Efg%	EfgD%	TOR	TORD	ORB	DRB	FTR	FTRD	2P%	2P%D	3P%	3P%D	3PR	3PRD	Adj T.	WAB
276	Saint Joseph's	A10	3	1–2
1–1	88.8
319	99.7
109	.2091
276	41.1
312	47.5
103	16.9
147	19.3
91	27.7
176	23.2
52	34.3
163	41.1
234	40.0
304	62.2
323	29.5
251	21.1
5	26.0
318	48.1
319	65.8
255	-1.2
269
277	Manhattan	MAAC	1	0–1
0–0	95.3
272	107.1
208	.2080
277	47.2
221	46.9
82	11.6
15	24.7
14	13.3
334	31.0
224	41.5
81	62.5
326	50.0
129	47.4
131	26.7
290	30.0
72	28.3
289	20.8
3	65.1
274	-0.9
223
278	Radford	BSth	2	1–1
0–0	90.4
312	101.6
140	.2071
278	43.6
287	44.9
52	16.9
147	11.0
320	23.2
274	23.1
48	25.5
265	25.0
50	41.7
289	47.5
136	31.0
227	27.7
45	41.2
89	43.5
286	62.9
315	-0.8
205
279	Green Bay	Horz	2	0–2
0–0	93.3
293	105.1
187	.2013
279	41.9
306	54.3
250	14.8
71	18.5
127	29.2
138	21.4
32	29.1
226	52.6
310	47.6
187	46.5
108	18.6
331	44.4
303	29.1
279	38.8
227	77.6
7	-0.9
228
280	UC Riverside	BW	2	0–2
0–1	96.5
261	109.1
232	.1962
280	44.5
277	47.5
103	16.4
123	20.1
74	20.8
298	41.3
326	30.9
209	34.2
162	37.9
314	52.7
236	36.4
110	26.1
32	40.0
106	38.3
212	68.7
150	-1.6
300
281	New Hampshire	AE	2	1–1
0–0	93.1
295	105.3
191	.1956
281	46.5
241	54.9
262	23.4
318	15.3
237	33.3
78	27.1
128	33.3
178	18.8
12	47.0
197	54.5
269	30.3
240	37.1
214	33.3
220	31.3
63	62.3
321	-0.34
103
282	North Carolina A&T	MEAC	2	1–1
1–0	107.7
123	121.8
322	.1947
282	47.7
205	46.4
75	12.5
23	6.7
336	34.3
65	32.9
261	36.0
144	45.5
268	50.7
119	43.8
55	27.8
281	33.3
117	32.4
241	42.9
278	60.5
331	-0.9
217
283	Rider	MAAC	2	1–1
0–0	93.9
287	106.3
199	.1939
283	45.1
264	49.1
140	23.9
322	14.4
273	37.3
27	20.9
28	47.8
34	41.0
231	42.4
280	44.9
75	35.7
126	38.5
245	24.8
325	33.3
99	71.3
72	-0.7
168
284	Memphis	Amer	3	1–2
1–1	103.0
181	116.5
302	.1939
284	42.3
301	61.2
324	13.7
41	16.6
188	29.6
132	33.3
268	35.1
153	33.1
144	44.9
242	58.0
302	24.6
307	43.6
298	32.4
241	43.8
293	72.0
51	-0.6
151
285	Chattanooga	SC	1	0–1
0–0	98.0
240	111.1
257	.1918
285	57.1
27	59.6
312	20.9
283	14.9
254	11.1
336	21.4
32	38.8
108	36.5
188	50.0
129	55.2
282	47.1
8	43.5
297	34.7
193	44.2
298	68.5
159	-0.8
200
286	Portland St.	BSky	4	1–3
0–2	101.5
198	115.1
292	.1905
286	52.1
104	58.0
298	18.0
188	24.3
16	23.0
276	32.8
259	33.5
177	39.6
222	56.7
29	60.4
320	28.2
272	35.5
176	32.2
246	33.8
108	72.9
34	-2.4
327
287	Southern Miss	CUSA	2	0–2
0–1	101.2
201	115.2
293	.1838
287	47.1
222	61.0
322	15.2
84	17.3
163	16.2
329	27.9
144	23.8
283	52.3
309	45.5
232	53.1
245	33.3
181	45.0
306	36.9
153	55.0
333	69.9
113	-1.4
281
288	San Jose St.	MWC	3	0–3
0–2	94.4
281	107.5
216	.1826
288	45.1
264	59.7
314	21.0
285	14.4
273	25.7
222	13.0
2	44.4
53	41.2
235	42.2
283	53.9
256	34.8
144	46.0
313	28.4
287	38.2
204	70.1
105	-2.1
324
289	Drexel	CAA	1	0–1
0–0	96.8
259	110.5
252	.1785
289	46.7
234	53.8
244	20.1
259	20.1
74	25.0
235	25.0
79	31.1
207	61.5
325	50.0
129	54.3
264	28.0
277	35.3
172	41.0
92	32.7
85	79.4
2	-0.9
224
290	Western Carolina	SC	1	0–1
0–0	87.7
323	100.4
124	.1729
290	45.1
264	53.6
241	23.8
319	23.8
20	42.6
7	23.3
57	13.9
334	35.7
182	42.2
283	48.4
153	33.3
181	40.0
266	37.5
143	44.6
300	64.1
297	-0.9
239
291	Southern Utah	BSky	4	1–3
0–2	105.4
148	121.6
319	.1621
291	49.2
173	59.5
311	12.9
27	16.2
208	23.3
270	28.7
172	38.7
109	48.7
289	43.8
254	56.1
294	37.5
92	41.8
285	43.8
51	51.7
329	69.9
113	-2.6
332
292	San Diego	WCC	1	0–1
0–0	92.3
301	106.7
203	.1596
292	46.2
251	51.2
192	23.8
319	18.7
118	32.4
92	25.9
104	17.0
328	51.2
301	40.0
304	45.7
93	33.3
181	50.0
326	62.3
1	18.6
1	61.0
326	-0.9
235
293	Columbia	Ivy	2	0–2
0–2	97.0
255	112.2
272	.1581
293	48.0
196	54.7
254	17.7
177	19.8
80	30.4
119	38.6
321	21.1
309	40.2
226	49.3
148	50.8
203	30.9
231	39.3
257	43.0
58	47.9
317	69.0
136	-1.6
299
294	McNeese St.	Slnd	2	0–2
0–2	103.4
170	119.7
315	.1572
294	55.5
48	58.6
303	20.8
280	16.8
180	20.6
303	31.3
229	42.7
69	49.1
291	56.8
27	57.7
301	34.5
157	40.0
266	26.4
313	38.8
227	73.4
27	-1.8
310
295	Bowling Green	MAC	2	0–2
0–1	92.2
302	107.2
211	.1510
295	43.9
284	52.0
203	15.4
94	17.5
156	23.8
259	27.0
122	43.0
66	30.1
99	43.7
257	50.7
197	29.6
250	36.0
191	23.7
326	40.7
255	70.7
89	-1.3
275
296	Army	Pat	1	0–1
0–0	85.1
326	99.6
108	.1412
296	40.3
318	55.4
270	19.8
249	14.6
267	23.8
259	17.5
11	29.0
231	21.5
29	38.1
313	51.4
209	30.0
243	40.0
266	32.3
244	46.2
311	73.6
26	-0.49
121
297	Drake	MVC	1	0–1
0–0	84.0
330	99.2
102	.1297
297	36.2
329	48.1
114	22.4
307	18.2
137	28.6
151	18.8
18	37.9
119	41.5
238	41.7
289	47.4
131	18.2
332	33.3
117	37.9
137	28.3
34	71.9
52	-0.9
226
298	Nicholls St.	Slnd	2	0–2
0–2	98.7
229	116.9
307	.1252
298	46.9
228	51.7
196	20.0
256	20.7
56	28.6
151	43.2
328	40.2
95	43.2
249	52.4
90	46.8
114	26.5
292	41.0
280	43.8
51	33.1
94	71.3
72	-1.7
308
299	Cal St. Northridge	BW	3	0–3
0–2	97.9
242	116.1
300	.1240
299	48.4
190	54.7
254	19.1
232	19.6
83	25.9
214	29.3
188	25.4
269	54.4
315	50.4
126	54.4
268	28.8
262	37.0
208	28.1
296	28.8
41	73.8
23	-2.7
334
300	Howard	MEAC	4	2–2
0–1	92.7
300	109.8
240	.1239
300	42.5
298	43.8
33	18.1
190	17.8
147	30.6
114	36.3
305	49.3
29	48.2
287	41.0
300	41.7
26	30.0
243	32.0
103	36.5
160	33.2
98	67.9
178	-1.8
311
Rk	Team	Conf	G	Rec	AdjOE	AdjDE	Barthag	Efg%	EfgD%	TOR	TORD	ORB	DRB	FTR	FTRD	2P%	2P%D	3P%	3P%D	3PR	3PRD	Adj T.	WAB
301	Mississippi Valley St.	SWAC	2	1–1
1–0	95.9
268	113.9
281	.1211
301	47.4
211	50.5
171	22.7
311	26.1
5	37.0
29	28.1
151	41.4
82	41.9
239	47.4
190	48.5
157	31.6
213	35.9
189	32.8
232	37.1
180	73.2
29	-0.9
244
302	Bethune Cookman	MEAC	3	2–1
1–0	95.0
275	113.0
275	.1195
302	47.0
224	44.8
46	19.9
254	14.4
273	31.2
107	38.5
319	33.9
168	34.0
158	44.0
253	46.3
105	33.3
181	27.3
42	49.1
15	28.8
41	67.7
190	-0.8
194
303	South Carolina St.	MEAC	3	1–2
0–1	105.0
152	125.3
327	.1162
303	50.9
129	54.8
259	16.9
147	17.7
150	36.7
31	33.0
264	25.0
271	48.9
290	48.0
178	55.6
287	36.8
102	35.5
176	41.0
92	33.3
99	66.2
241	-1.9
315
304	Jackson St.	SWAC	3	2–1
2–0	93.1
296	111.1
259	.1160
304	42.8
292	47.2
92	13.0
29	21.3
45	36.7
31	31.9
239	29.3
224	53.8
313	40.0
304	47.1
123	31.5
217	31.7
101	38.8
128	28.3
34	65.1
274	-1.0
249
305	Delaware St.	MEAC	2	1–1
1–0	90.5
310	108.1
223	.1147
305	41.6
308	44.8
46	18.4
208	19.2
99	40.5
11	28.6
168	28.8
233	37.1
199	38.6
310	38.5
13	32.4
199	34.0
139	29.6
274	50.5
327	65.4
268	-1.0
251
306	Abilene Christian	Slnd	2	0–2
0–2	103.6
167	123.8
325	.1145
306	56.6
34	66.8
333	16.9
147	16.2
208	25.4
226	23.2
52	12.3
336	38.3
207	60.0
11	58.8
308	33.3
181	53.8
333	34.4
199	36.4
165	65.1
274	-1.8
312
307	Georgia Southern	SB	3	0–3
0–1	96.1
265	115.3
295	.1099
307	45.1
264	60.6
318	13.8
42	20.3
67	17.4
323	32.6
254	28.3
241	29.7
91	50.0
129	51.6
213	27.0
288	48.6
325	51.4
9	42.4
273	65.9
251	-1.5
289
308	Savannah St.	MEAC	1	1–0
1–0	93.5
290	113.5
278	.0970
308	51.3
121	45.1
56	17.5
171	16.4
196	35.4
49	38.0
316	29.9
218	20.7
22	52.3
91	52.1
224	33.3
181	23.5
16	42.9
62	41.5
261	85.6
1	+0.01
68
309	Maryland Eastern Shore	MEAC	4	3–1
1–0	92.2
303	112.1
271	.0957
309	49.0
183	45.4
61	19.3
237	15.2
245	22.5
285	34.0
282	41.0
87	32.9
141	48.0
178	46.6
110	33.7
175	28.6
53	39.5
121	32.1
80	68.9
142	-0.8
178
310	Valparaiso	Horz	2	0–2
0–0	81.2
334	98.9
100	.0935
310	38.0
326	47.3
97	20.9
283	18.5
127	29.7
129	32.4
249	28.8
233	25.0
50	43.3
268	45.1
79	18.9
329	34.1
142	35.6
184	36.6
171	65.3
272	-0.9
232
311	Hampton	MEAC	3	1–2
1–0	90.4
311	110.1
244	.0935
311	46.6
237	55.2
269	14.4
59	22.8
28	20.2
308	28.3
159	28.4
240	39.0
213	46.6
204	54.6
270	31.1
223	37.5
224	31.4
258	37.2
185	75.7
12	-0.9
240
312	Southern	SWAC	4	1–3
0–2	92.7
298	113.4
277	.0900
312	43.1
290	50.6
173	19.9
254	18.8
114	34.6
59	31.9
239	44.4
53	35.2
177	46.3
217	47.1
123	23.0
316	38.5
245	27.1
306	33.5
103	70.0
109	-2.7
333
313	Indiana St.	MVC	1	0–1
0–0	91.1
308	111.7
267	.0882
313	40.4
317	50.9
180	14.4
59	13.1
300	25.0
235	28.6
168	29.4
223	80.0
335	35.0
328	50.0
181	32.1
203	36.4
198	41.2
89	20.0
2	77.9
6	-0.8
184
314	Cleveland St.	Horz	1	0–1
0–0	99.0
226	121.4
317	.0881
314	42.6
294	59.6
312	8.8
2	14.7
261	28.6
151	25.0
79	16.2
332	35.1
175	45.5
232	54.3
264	25.0
300	45.5
308	35.3
188	38.6
221	64.4
288	-0.9
242
315	Morgan St.	MEAC	2	0–2
0–1	95.3
271	117.0
308	.0865
315	43.4
289	51.5
194	17.1
156	20.2
70	35.6
44	31.1
225	33.6
175	49.5
293	43.6
259	50.7
197	28.6
267	35.3
172	31.0
264	33.0
90	64.4
288	-1.9
317
316	Denver	Sum	1	0–1
0–0	93.5
291	115.1
291	.0839
316	49.2
173	53.5
239	18.2
197	12.6
308	25.0
235	29.0
184	33.9
168	49.1
291	45.5
232	51.3
207	40.0
55	38.9
253	25.4
323	31.6
67	72.5
41	-0.9
215
317	Cal Poly	BW	3	1–2
1–1	82.9
331	102.8
154	.0776
317	42.1
302	43.1
24	19.4
243	15.9
218	22.1
290	30.5
214	24.1
281	33.9
156	41.2
298	38.6
14	28.8
262	38.1
241	42.9
62	24.1
5	66.2
241	-1.8
314
318	Idaho St.	BSky	3	0–3
0–2	103.6
168	129.1
331	.0742
318	49.7
158	60.0
315	14.6
66	14.6
267	26.7
197	37.5
310	44.3
56	31.9
125	49.6
141	54.1
260	33.3
181	47.6
322	32.3
244	34.1
110	69.5
127	-2.8
336
319	Florida Atlantic	CUSA	3	0–3
0–2	91.2
306	113.7
280	.0736
319	39.2
323	58.0
298	14.3
54	16.1
212	22.7
281	34.4
286	32.8
188	42.0
242	39.6
308	59.0
310	25.5
298	37.0
208	29.1
279	30.7
58	71.1
80	-1.9
319
320	Lipscomb	ASun	1	0–1
0–0	99.8
218	124.6
326	.0728
320	52.9
85	73.5
336	19.2
234	29.4
2	35.9
43	23.1
48	23.2
287	55.1
317	57.5
20	48.0
150	31.0
227	66.7
336	42.0
72	49.0
323	76.4
10	-1.0
248
321	North Dakota St.	Sum	1	0–1
0–0	89.1
317	111.6
264	.0702
321	44.1
283	57.8
297	18.6
215	14.0
282	20.0
311	28.1
151	33.3
178	24.1
43	37.5
317	60.6
321	36.8
102	36.0
191	37.3
148	43.1
280	63.1
310	-0.9
220
322	Quinnipiac	MAAC	1	0–1
0–0	91.2
305	115.8
299	.0601
322	49.2
173	47.7
108	25.0
329	14.5
272	26.3
207	42.1
327	21.0
310	47.7
282	34.4
330	50.0
181	43.3
29	28.6
53	48.4
21	32.3
82	75.0
16	-0.9
236
323	VMI	SC	1	0–1
0–0	84.5
329	108.1
224	.0555
323	33.1
334	59.4
310	12.7
24	22.6
29	38.9
16	33.3
268	24.3
278	43.4
253	33.3
331	56.3
296	21.9
319	42.9
292	43.2
56	39.6
238	70.4
100	-0.8
202
324	Coppin St.	MEAC	2	0–2
0–1	94.8
278	121.8
321	.0532
324	48.6
186	51.9
201	20.4
272	17.2
167	25.3
229	24.6
75	81.7
1	82.9
336	45.5
232	52.2
226	34.7
148	34.2
146	47.1
25	36.2
156	78.8
4	-2.0
322
325	Bryant	NEC	1	0–1
0–0	99.3
222	128.0
329	.0516
325	43.8
286	68.9
334	9.0
4	18.0
142	32.7
86	23.1
48	16.3
331	34.4
169	46.9
198	65.9
332	25.8
297	50.0
326	38.8
128	32.8
87	75.4
15	-0.9
213
Rk	Team	Conf	G	Rec	AdjOE	AdjDE	Barthag	Efg%	EfgD%	TOR	TORD	ORB	DRB	FTR	FTRD	2P%	2P%D	3P%	3P%D	3PR	3PRD	Adj T.	WAB
326	Central Arkansas	Slnd	2	0–2
0–1	100.0
216	129.0
330	.0505
326	48.0
196	55.9
277	14.6
66	13.9
286	29.6
132	27.3
133	36.8
131	43.2
249	46.4
212	49.3
171	34.1
163	44.4
303	32.8
232	38.1
203	69.5
127	-1.8
313
327	Binghamton	AE	1	0–1
0–0	89.5
315	116.3
301	.0467
327	34.5
333	50.0
156	14.0
45	15.6
227	34.1
69	27.0
122	60.0
7	48.1
286	33.3
331	44.0
58	25.0
300	37.0
208	29.1
279	51.9
331	66.5
232	-0.8
204
328	Alabama St.	SWAC	3	0–3
0–2	98.7
230	129.5
332	.0421
328	46.8
232	50.9
180	22.2
304	9.8
331	39.6
14	33.0
264	32.0
194	58.0
323	42.6
278	50.0
181	38.0
84	35.2
170	29.1
279	33.3
99	66.0
247	-2.8
335
329	Northeastern	CAA	1	0–1
0–0	88.6
320	121.1
316	.0269
329	32.4
335	60.6
318	22.9
315	21.4
41	31.0
109	48.3
333	54.9
11	51.9
305	34.6
329	56.8
299	20.0
327	46.7
318	49.0
16	28.8
41	65.7
261	-0.8
182
330	Florida A&M	MEAC	2	0–2
0–1	88.0
322	121.5
318	.0239
330	42.7
293	57.1
292	17.7
177	21.4
41	34.6
59	32.4
249	46.6
37	24.8
46	46.4
212	46.6
110	21.9
319	45.5
308	27.6
303	48.7
322	63.7
302	-1.9
320
331	Hartford	AE	1	0–1
0–0	96.5
262	135.5
336	.0198
331	46.1
252	72.8
335	15.2
84	15.2
245	21.1
297	28.0
147	21.9
299	36.8
196	50.0
129	68.8
335	25.0
300	52.0
329	31.3
260	43.9
297	76.8
9	-0.6
148
332	Alabama A&M	SWAC	2	0–2
0–2	94.0
286	133.7
335	.0171
332	46.4
244	53.2
235	22.8
312	13.0
303	38.2
22	37.8
315	41.8
78	22.4
32	43.8
254	53.0
243	36.0
121	35.7
183	25.5
321	33.6
104	63.7
302	-1.9
316
333	Arkansas Pine Bluff	SWAC	1	0–1
0–1	91.5
304	130.3
333	.0169
333	56.0
42	54.4
252	27.1
333	24.4
15	27.6
177	51.6
335	52.0
18	52.6
310	44.8
244	52.4
229	47.6
6	40.0
266	42.0
72	26.3
19	70.7
89	-1.0
252
334	Detroit Mercy	Horz	1	0–1
0–0	81.9
333	121.7
320	.0105
334	39.3
321	64.8
331	18.0
188	24.9
12	23.3
270	30.4
213	31.1
207	79.5
334	36.6
322	69.2
336	30.0
243	38.9
253	32.8
232	40.9
257	79.0
3	-1.0
250
335	High Point	BSth	1	0–1
0–0	82.7
332	123.0
324	.0104
335	28.2
336	59.0
307	16.6
130	16.6
188	28.6
151	37.1
308	41.9
77	42.6
245	35.6
326	47.4
131	5.9
336	52.2
330	27.4
305	37.7
197	69.5
127	-0.8
209
336	Maine	AE	1	0–1
0–0	73.1
335	117.7
309	.0042
336	35.0
332	64.1
330	24.5
326	10.7
324	20.0
311	32.3
246	24.0
282	15.6
7	37.1
318	68.1
334	20.0
327	35.3
172	30.0
270	26.6
24	68.9
142	-0.41
112