Rk	Team	Conf	G	Rec	AdjOE	AdjDE	Barthag	EFG%	EFGD%	TOR	TORD	ORB	DRB	FTR	FTRD	2P%	2P%D	3P%	3P%D	3PR	3PRD	Adj T.	WAB
1	Duke	ACC	4	4–0
3–0	140.5
1	83.2
1	.9976
1	58.0
38	41.2
6	13.5
78	14.3
253	37.3
27	23.1
36	42.7
63	29.5
111	57.0
65	47.3
71	39.4
66	23.5
11	46.2
73	50.7
352	64.2
316	+2.6
2
2	Michigan	B10	4	3–1
3–0	134.6
7	92.6
12	.9866
2	57.9
40	49.8
112	17.1
245	13.3
297	34.4
71	29.0
171	27.5
287	22.7
25	56.3
80	50.7
130	39.8
58	32.4
137	45.0
88	44.6
294	68.2
135	+2.0
5
3	Arizona	B12	5	5–0
5–0	129.3
14	89.9
3	.9849
3	51.6
191	43.6
18	14.2
103	13.8
274	36.4
39	28.1
148	44.4
45	27.4
76	51.0
207	43.5
18	35.2
159	29.1
71	31.0
312	38.6
174	66.8
203	+3.1
1
4	Michigan St.	B10	4	4–0
4–0	128.7
17	90.8
6	.9822
4	56.9
50	50.0
118	15.3
153	12.9
313	33.3
86	22.3
30	32.9
199	23.0
27	52.7
171	52.2
181	42.4
26	31.8
121	39.4
170	48.2
333	63.9
325	+2.4
3
5	Florida
   (H) 99 Mississippi St.	SEC	4	4–0
4–0	128.9
16	91.7
10	.9805
5	61.4
13	43.5
17	18.7
288	14.9
217	41.9
4	28.7
161	36.1
147	36.1
219	61.3
19	45.5
41	41.0
43	24.6
15	32.4
295	24.2
5	72.2
17	+1.8
6
6	Illinois
   (H) 87 Oregon	B10	3	1–2
1–2	139.8
3	103.3
92	.9701
6	53.4
133	53.7
233	13.3
67	13.8
274	43.3
3	31.7
246	35.6
153	29.8
118	54.3
133	51.7
163	35.0
164	38.2
277	51.5
19	36.2
117	65.9
244	+0.05
74
7	Cincinnati
   (H) 36 BYU	B12	3	2–1
2–1	132.3
10	98.0
43	.9693
7	54.1
107	51.8
170	10.5
11	18.0
92	34.2
74	27.7
133	21.9
347	31.7
160	51.4
195	53.4
210	38.2
84	32.8
144	45.4
82	38.3
169	65.4
268	+0.9
18
8	Missouri
   (A) 50 Oklahoma	SEC	4	3–1
3–1	132.6
9	98.8
46	.9670
8	56.1
64	52.9
208	16.1
193	18.0
92	32.5
108	37.6
342	45.5
33	28.9
99	56.3
80	53.2
201	37.2
107	34.9
182	35.1
251	35.5
100	66.8
203	+1.4
8
9	Texas Tech
   (H) 56 TCU	B12	4	3–1
3–1	138.4
4	103.4
93	.9662
9	62.9
7	47.7
70	19.2
300	9.6
361	38.2
23	28.8
162	30.3
241	30.3
130	59.8
30	46.2
57	44.2
8	33.7
155	47.1
58	35.2
90	63.5
337	+1.0
16
10	Connecticut	BE	4	3–1
3–1	125.2
31	96.1
26	.9542
10	54.8
88	45.7
47	15.0
135	15.8
177	30.5
148	27.8
140	31.3
227	32.3
166	56.8
72	40.7
6	34.7
175	36.1
227	41.9
130	37.2
140	65.6
260	+0.7
23
11	Alabama
   (A) 39 Georgia	SEC	4	4–0
4–0	134.2
8	103.3
91	.9528
11	58.6
32	49.0
89	14.5
117	11.8
337	35.8
45	38.7
351	37.9
127	20.0
12	60.0
27	44.0
25	38.2
84	39.0
297	53.1
10	34.4
74	69.3
91	+2.0
4
12	Tennessee
   (A) 103 South Carolina	SEC	4	2–2
2–2	121.2
50	93.5
16	.9520
12	47.7
298	52.1
183	14.4
112	16.7
138	48.3
1	25.8
88	26.0
305	35.2
205	50.0
234	51.6
160	27.8
330	35.2
195	27.5
351	41.9
244	63.2
345	+0.37
44
13	Virginia
   (H) 71 Wake Forest	ACC	4	3–1
3–1	125.5
28	96.8
34	.9518
13	55.6
72	47.2
64	16.0
189	15.6
193	30.3
154	30.4
213	25.6
311	26.4
63	55.8
91	42.8
14	36.9
113	36.2
230	50.4
28	38.2
167	67.5
170	+1.0
15
14	Houston	B12	3	1–2
1–2	122.8
45	94.8
21	.9513
14	48.3
288	49.0
89	13.6
82	16.1
159	32.4
111	25.3
72	34.6
169	44.2
316	46.4
321	50.4
125	34.3
180	30.2
90	37.4
215	27.6
13	64.9
290	-0.18
83
15	Dayton
   (A) 165 Richmond	A10	4	4–0
4–0	120.8
55	93.6
17	.9496
15	58.7
31	48.0
75	16.3
205	21.6
21	21.9
328	30.1
197	52.0
12	44.6
320	52.7
171	45.4
40	44.2
8	35.1
190	43.9
101	36.3
119	64.7
296	+1.3
9
16	South Florida	Amer	3	3–0
3–0	116.7
80	90.8
5	.9470
16	46.2
327	43.4
16	13.6
82	25.4
2	40.9
10	28.4
155	39.7
93	40.0
274	46.9
311	34.9
1	30.2
283	35.1
190	43.2
111	48.1
331	70.8
43	+0.35
45
17	Saint Mary's	WCC	4	4–0
4–0	123.9
38	96.5
30	.9463
17	53.9
113	47.6
68	17.0
240	15.4
202	41.4
6	19.9
12	26.3
300	26.3
62	46.7
313	48.3
90	44.0
10	30.9
99	37.4
215	35.5
100	65.0
284	+1.7
7
18	Ohio St.	B10	4	2–2
2–2	126.1
25	98.5
44	.9446
18	56.0
67	52.5
196	14.8
127	13.6
287	25.4
279	30.2
205	44.7
43	30.4
132	55.1
110	56.6
281	38.3
80	30.7
96	40.7
149	39.3
192	63.9
325	+0.7
21
19	Georgia
   (H) 17 Alabama	SEC	4	3–1
3–1	140.4
2	110.1
183	.9426
19	61.2
14	53.7
233	10.0
6	13.1
308	28.2
207	36.4
335	32.2
213	39.9
271	56.3
80	55.9
267	44.8
6	33.7
155	45.1
86	40.4
227	64.5
307	+1.1
10
20	Minnesota	B10	4	3–1
3–1	127.3
21	100.4
55	.9389
20	61.9
11	53.4
220	14.3
107	16.3
151	19.4
345	27.1
118	15.2
364	9.5
1	59.2
34	54.3
228	42.9
21	34.7
178	53.3
9	42.8
259	59.9
365	+0.9
19
21	St. John's
   (H) 83 Georgetown	BE	4	3–1
3–1	109.8
166	86.6
2	.9389
21	46.2
327	45.8
48	14.2
103	17.9
95	31.8
123	20.1
14	37.0
142	26.9
67	45.1
338	47.8
80	32.4
231	28.6
64	31.1
306	40.1
219	69.5
81	+0.9
17
22	Purdue	B10	4	1–3
1–3	137.2
5	108.7
163	.9360
22	56.9
50	60.7
355	10.9
12	14.8
224	30.9
142	27.5
130	26.7
294	42.0
305	52.8
168	60.5
341	41.8
34	40.7
322	40.8
148	42.0
245	64.2
316	-0.41
101
23	UCF
   (H) 89 Oklahoma St.	B12	4	3–1
3–1	129.0
15	103.0
88	.9306
23	60.3
22	50.4
133	15.5
164	14.4
246	28.8
194	34.2
300	26.1
302	30.2
128	55.0
114	51.9
170	47.4
1	31.9
126	32.8
290	37.3
143	68.6
113	+0.6
25
24	Kentucky
   (A) 35 Texas A&M	SEC	4	2–2
2–2	120.9
53	96.6
31	.9301
24	53.1
141	50.0
118	19.1
296	14.8
224	41.2
7	27.7
133	33.2
195	29.1
106	52.5
175	51.8
166	36.0
139	31.8
121	41.5
134	43.9
282	68.2
135	+0.02
78
25	Gonzaga	WCC	4	3–1
3–1	116.1
82	92.8
13	.9291
25	53.8
116	44.5
29	12.3
34	21.6
21	27.5
232	32.2
261	25.3
313	27.7
82	56.8
72	40.8
7	32.6
219	33.3
151	37.6
213	40.9
230	66.3
226	+0.28
50
Rk	Team	Conf	G	Rec	AdjOE	AdjDE	Barthag	Efg%	EfgD%	TOR	TORD	ORB	DRB	FTR	FTRD	2P%	2P%D	3P%	3P%D	3PR	3PRD	Adj T.	WAB
26	Nebraska
   (A) 41 UCLA	B10	4	3–1
3–1	114.3
103	91.7
9	.9264
26	53.5
130	45.6
45	15.7
178	19.9
40	28.0
215	25.6
83	28.6
267	28.4
90	56.9
69	51.3
152	33.3
199	26.0
24	48.9
42	46.5
316	65.9
244	+0.5
33
27	Miami FL	ACC	4	3–1
3–1	126.0
26	101.2
63	.9256
27	54.6
95	56.0
288	18.2
276	19.0
61	40.9
10	23.9
45	28.0
279	22.8
26	53.0
158	58.7
320	38.7
76	35.1
190	31.4
304	43.7
281	65.9
244	+0.7
22
28	Virginia Tech
   (H) 139 Boston College	ACC	3	1–2
1–2	127.2
22	102.7
83	.9218
28	58.1
36	50.6
139	13.0
58	15.6
193	30.2
157	37.9
345	16.8
362	33.9
185	57.4
60	56.5
278	39.4
66	27.3
44	39.7
166	37.9
157	63.5
337	-0.33
92
29	Kansas
   (A) 63 Arizona St.	B12	4	2–2
2–2	118.8
69	96.2
28	.9190
29	47.9
294	45.4
39	15.8
183	14.0
265	25.4
279	36.1
328	25.3
313	31.5
155	44.3
346	47.4
73	36.7
121	28.3
61	33.3
275	39.4
198	67.0
193	+0.5
31
30	Iowa	B10	4	2–2
2–2	119.9
61	97.1
36	.9181
30	52.1
178	58.7
333	14.8
127	19.0
61	28.9
192	14.4
3	25.7
308	39.9
271	59.7
31	57.4
302	28.4
321	40.3
316	44.4
93	43.3
268	60.5
364	+0.10
72
31	Arkansas	SEC	4	2–2
2–2	135.1
6	110.3
186	.9111
31	53.0
148	61.9
360	9.6
3	15.9
170	33.1
92	33.6
286	35.1
158	44.3
318	50.9
211	67.3
365	39.2
70	35.1
190	25.7
358	37.2
140	71.1
37	+0.5
32
32	VCU
   (H) 135 George Mason	A10	3	2–1
2–1	121.1
52	100.7
59	.8925
32	52.0
182	50.5
137	15.9
187	16.8
133	32.7
100	31.9
252	51.7
13	29.8
118	50.5
224	48.5
94	35.8
142	35.3
200	46.6
67	45.2
303	70.3
51	+0.02
77
33	Tulsa	Amer	3	3–0
3–0	123.9
37	103.4
94	.8890
33	60.5
19	52.7
202	13.3
67	17.7
103	35.0
54	19.8
10	31.4
224	20.7
15	55.4
103	50.5
129	43.1
20	36.8
247	55.1
4	45.0
301	69.0
100	+0.29
49
34	Providence	BE	3	3–0
3–0	125.8
27	105.2
114	.8869
34	59.2
26	49.0
89	14.2
103	10.8
350	27.8
224	30.8
227	31.2
228	28.9
99	54.2
135	54.6
238	47.2
2	26.7
31	30.6
321	38.7
179	67.8
158	+1.0
12
35	Oklahoma
   (H) 44 Missouri	SEC	4	2–2
2–2	127.1
23	106.8
139	.8813
35	53.8
116	50.4
133	15.4
160	13.8
274	34.3
73	42.4
362	39.5
94	37.8
237	44.9
340	50.0
114	43.8
14	34.1
166	43.0
115	35.3
93	64.9
290	+0.11
71
36	Pittsburgh	ACC	3	2–1
2–1	117.3
74	98.7
45	.8801
36	55.5
75	50.0
118	18.8
290	17.3
115	30.0
165	32.0
256	37.7
134	17.5
3	52.3
177	58.8
324	39.7
60	26.3
26	44.2
98	45.2
303	64.2
316	+0.22
55
37	Wisconsin	B10	4	2–2
2–2	124.6
32	105.2
116	.8748
37	53.8
116	56.4
296	13.9
95	14.7
231	30.1
162	27.2
123	22.7
338	30.5
136	53.4
146	57.0
291	36.1
135	36.9
251	53.0
11	36.1
114	70.2
56	+0.21
59
38	Butler	BE	3	2–1
2–1	128.2
18	108.4
158	.8738
38	53.6
128	57.0
308	12.6
44	11.6
341	30.0
165	25.3
72	51.5
14	23.7
34	56.0
85	67.0
364	31.0
268	30.2
90	25.1
360	46.2
313	69.2
94	+0.31
47
39	Texas	SEC	4	2–2
2–2	130.6
11	110.6
191	.8712
39	55.0
84	58.2
322	15.2
146	9.9
360	33.1
92	26.3
105	43.0
60	30.5
136	51.9
186	56.1
272	42.4
26	42.0
340	26.7
354	29.6
23	63.6
330	+0.40
42
40	Santa Clara	WCC	3	2–1
2–1	125.4
29	106.6
135	.8668
40	53.6
128	54.8
257	13.9
95	19.7
45	34.6
65	34.4
302	26.0
305	40.6
283	51.4
195	55.6
260	37.4
102	36.0
223	46.4
71	45.5
306	71.6
29	+0.14
66
41	DePaul	BE	4	3–1
3–1	108.5
186	92.4
11	.8638
41	48.5
280	51.8
170	18.1
273	22.3
13	33.8
81	25.6
83	34.1
178	36.0
218	48.2
276	50.8
137	32.6
219	35.6
210	39.4
170	37.1
134	64.3
312	+0.7
24
42	Utah St.
   (A) 121 UNLV	MWC	4	2–2
2–2	125.3
30	106.8
140	.8626
42	54.9
86	54.4
248	13.4
71	20.3
36	26.5
257	36.6
336	33.2
195	38.3
249	50.4
228	51.9
170	40.0
53	38.8
291	46.5
69	39.7
214	65.7
255	-0.28
88
43	Western Kentucky	CUSA	4	4–0
4–0	123.0
43	104.9
112	.8608
43	60.9
15	49.5
103	12.4
38	16.2
155	23.1
315	19.3
9	49.3
16	60.3
363	58.3
48	58.3
313	43.3
17	26.7
31	39.3
172	48.3
335	73.5
7	+0.6
27
44	Navy	Pat	4	4–0
4–0	113.8
108	97.2
37	.8604
44	56.9
50	42.9
13	15.6
174	18.8
70	35.8
45	28.1
148	43.5
55	23.6
33	52.9
162	43.9
23	42.5
24	27.9
54	37.0
221	49.3
343	64.1
320	+0.17
63
45	Saint Joseph's	A10	4	4–0
4–0	106.4
218	90.9
7	.8589
45	50.0
238	41.1
4	12.2
33	17.4
112	25.5
277	29.7
188	23.1
333	22.4
22	56.5
76	40.3
5	28.4
321	28.0
57	47.0
63	43.5
274	69.1
99	+0.6
26
46	Hofstra
   (H) 198 Drexel	CAA	3	3–0
3–0	110.6
157	94.5
20	.8582
46	58.4
34	37.9
1	14.4
112	14.9
217	22.2
321	31.9
252	35.0
161	20.0
12	58.8
42	38.9
3	38.7
76	24.4
13	46.9
64	43.2
267	65.3
270	+0.17
64
47	Arizona St.
   (H) 13 Kansas	B12	4	2–2
2–2	117.0
76	100.3
54	.8555
47	51.7
188	52.6
200	14.3
107	17.0
128	27.2
241	33.3
279	29.4
255	32.9
173	50.6
221	49.3
109	36.0
139	38.6
287	32.5
291	38.6
174	66.3
226	-0.05
80
48	Louisville
   (H) 70 Syracuse	ACC	4	1–3
1–3	120.2
58	103.2
90	.8524
48	55.0
84	58.0
319	19.5
311	15.7
185	32.6
105	21.4
23	23.2
332	33.3
178	55.5
102	60.9
343	36.4
128	35.0
187	56.0
3	34.6
80	71.0
40	-0.8
159
49	Grand Canyon
   (A) 339 Air Force	MWC	4	2–2
2–2	110.6
156	95.0
22	.8522
49	52.4
165	47.0
61	20.2
326	13.6
287	27.8
224	24.7
61	41.0
77	36.1
219	50.8
213	44.6
30	36.6
123	34.1
166	39.0
177	36.5
125	67.2
184	-0.32
91
50	North Carolina
   (H) 27 Clemson	ACC	4	3–1
3–1	119.3
66	102.5
80	.8513
50	53.8
116	51.8
170	16.4
211	12.3
330	32.4
111	30.1
197	44.1
48	21.4
16	60.3
25	51.0
144	29.7
292	35.4
201	41.0
141	39.3
192	65.9
244	+1.1
11
Rk	Team	Conf	G	Rec	AdjOE	AdjDE	Barthag	Efg%	EfgD%	TOR	TORD	ORB	DRB	FTR	FTRD	2P%	2P%D	3P%	3P%D	3PR	3PRD	Adj T.	WAB
51	UCLA
   (H) 12 Nebraska	B10	4	2–2
2–2	129.5
12	111.3
209	.8511
51	54.5
97	55.8
282	10.4
9	15.4
202	27.1
245	37.0
338	20.9
352	28.6
92	53.7
144	51.7
163	37.1
110	39.8
307	39.8
164	50.4
351	64.1
320	+0.45
38
52	Mississippi
   (H) 16 Vanderbilt	SEC	4	1–3
1–3	123.1
41	106.3
132	.8437
52	52.8
152	58.8
334	12.5
43	19.2
57	24.8
290	36.3
331	34.5
170	41.0
290	57.1
63	57.9
307	29.3
301	40.2
313	32.5
291	36.4
121	68.5
120	-0.6
132
53	Stanford	ACC	3	2–1
2–1	122.8
44	106.1
128	.8436
53	53.0
148	50.6
139	13.3
67	16.4
149	33.0
95	33.7
291	42.0
66	34.3
191	48.9
260	47.1
66	38.7
76	37.3
261	44.4
93	39.6
209	65.6
260	+0.06
73
54	St. Thomas	Sum	3	2–1
2–1	111.6
136	96.4
29	.8432
54	60.9
15	44.6
31	13.6
82	11.1
348	23.7
305	19.8
10	23.0
334	28.2
89	66.7
1	46.5
59	36.8
115	28.2
60	50.0
30	44.1
286	66.5
219	-0.7
136
55	Akron
   (A) 236 Central Michigan	MAC	4	4–0
4–0	121.1
51	104.8
104	.8414
55	60.2
23	50.4
133	16.8
231	17.9
95	34.6
65	26.8
115	31.7
219	27.0
71	58.6
44	43.5
18	41.5
37	38.3
280	43.1
113	49.2
341	71.8
23	+0.47
36
56	Iowa St.	B12	4	1–3
1–3	112.2
128	97.6
38	.8329
56	45.6
333	58.3
324	13.9
95	22.2
15	28.1
211	30.1
197	32.5
206	35.6
210	46.3
323	60.9
343	29.7
292	36.7
244	42.6
122	43.9
282	65.6
260	-0.34
93
57	Vanderbilt
   (A) 81 Mississippi	SEC	4	1–3
1–3	124.4
33	108.3
154	.8320
57	53.4
133	56.1
291	13.8
93	15.7
185	30.6
145	31.1
234	30.0
245	50.2
351	57.0
65	49.6
111	32.4
231	44.9
353	43.0
115	36.6
126	66.3
226	-0.6
131
58	Baylor	B12	4	2–2
2–2	124.4
34	108.3
156	.8317
58	53.3
137	57.2
309	16.2
199	15.5
199	35.0
54	30.6
218	31.6
222	31.6
157	57.1
63	55.3
255	31.1
265	40.8
326	36.9
224	32.1
42	66.7
212	+0.02
76
59	Tennessee St.	OVC	4	4–0
4–0	110.9
151	96.7
33	.8285
59	50.6
219	46.5
56	17.3
251	23.0
10	37.3
27	21.2
22	40.7
81	35.4
207	51.2
205	45.9
51	32.8
216	31.6
115	27.1
353	37.3
143	70.3
51	+0.33
46
60	Colorado St.	MWC	4	4–0
4–0	129.3
13	113.3
239	.8212
60	62.1
9	52.4
190	16.0
189	14.4
246	30.6
145	30.6
218	47.1
25	36.2
221	65.1
7	50.7
130	39.2
70	36.8
247	47.1
58	38.0
160	65.3
270	+1.0
14
61	Belmont	MVC	3	2–1
2–1	126.8
24	111.2
203	.8195
61	63.9
1	53.2
218	13.4
71	16.8
133	27.0
246	24.0
49	22.2
345	23.8
35	64.0
10	57.3
296	42.6
23	32.5
140	52.2
13	48.3
335	67.4
175	-0.5
119
62	N.C. State	ACC	4	1–3
1–3	124.3
35	109.0
168	.8190
62	46.4
324	56.6
302	9.6
3	15.9
170	32.7
100	37.6
342	26.5
298	40.0
274	47.3
299	59.3
329	30.2
283	35.7
214	43.9
101	47.7
327	66.8
203	-0.47
113
63	Boise St.
   (H) 42 San Diego St.	MWC	4	3–1
3–1	113.4
112	99.5
52	.8187
63	51.3
200	49.8
112	16.4
211	12.0
333	37.4
26	23.4
39	23.0
334	16.5
2	55.6
96	57.3
296	30.8
276	25.0
17	45.2
84	38.1
164	63.1
347	+0.24
54
64	Sam Houston St.	CUSA	4	4–0
4–0	123.2
40	108.4
157	.8135
64	56.3
60	49.2
98	15.5
164	12.6
322	38.8
19	24.6
59	40.5
82	34.4
194	52.6
174	53.8
216	43.9
13	27.1
37	27.8
349	35.3
93	70.0
68	+0.30
48
65	TCU
   (A) 9 Texas Tech	B12	4	3–1
3–1	110.0
162	97.1
35	.8078
65	45.6
333	52.5
196	14.0
99	21.2
29	38.2
23	24.8
63	48.8
18	28.7
94	47.1
305	56.1
272	28.7
317	31.0
101	36.3
234	37.7
149	68.7
109	+0.48
35
66	San Diego St.
   (A) 57 Boise St.	MWC	4	1–3
1–3	115.9
83	102.4
78	.8067
66	48.7
276	50.2
124	15.8
183	15.8
177	32.2
115	30.8
227	40.9
79	50.2
351	49.0
258	47.2
69	32.1
240	36.0
223	35.4
245	44.8
297	70.2
56	-1.2
193
67	Texas A&M
   (H) 30 Kentucky	SEC	4	2–2
2–2	115.9
84	102.8
86	.7983
67	51.5
196	50.8
145	14.8
127	14.1
261	31.7
124	34.1
298	35.7
152	36.2
221	53.9
140	53.3
205	31.5
253	31.2
106	36.9
224	38.3
169	69.2
94	-0.01
79
68	Florida St.	ACC	4	3–1
3–1	123.4
39	109.5
174	.7976
68	53.7
123	51.9
174	15.3
153	16.0
165	31.7
124	33.6
286	43.1
59	27.5
77	58.6
44	48.4
92	32.4
231	37.1
255	48.6
45	48.3
335	65.7
255	+0.44
39
69	BYU
   (A) 32 Cincinnati	B12	4	1–3
1–3	121.8
49	108.3
155	.7947
69	51.3
200	55.1
266	15.0
135	15.3
205	28.7
196	32.1
257	31.5
223	27.5
77	53.8
142	50.7
130	31.6
249	41.5
333	39.9
162	38.5
172	68.6
113	-0.6
124
70	Colorado
   (A) 104 Utah	B12	3	2–1
2–1	111.0
149	98.8
47	.7911
70	52.4
165	50.3
130	19.8
320	16.2
155	23.2
312	29.7
188	37.9
127	40.0
274	52.4
176	51.6
160	34.8
171	31.7
119	39.1
175	34.1
66	71.9
20	+0.25
52
71	SMU	ACC	4	2–2
2–2	127.9
19	113.9
252	.7900
71	58.8
30	51.0
149	13.4
71	14.8
224	32.0
119	34.4
302	34.9
164	32.5
169	59.0
37	46.8
62	39.0
74	36.7
244	34.5
259	50.8
353	68.6
113	-0.27
87
72	Oregon
   (A) 6 Illinois	B10	4	2–2
2–2	105.3
239	93.8
19	.7894
72	48.4
285	45.8
48	19.4
307	18.3
86	27.8
224	35.1
317	30.4
239	26.2
58	50.3
229	46.1
55	29.7
292	30.3
94	34.1
265	46.0
312	65.9
244	-0.16
82
73	High Point	BSth	3	3–0
3–0	114.6
100	102.4
79	.7850
73	52.5
161	43.7
20	14.0
99	17.9
95	32.7
100	38.1
348	39.2
100	35.2
205	55.8
91	44.6
30	32.6
219	27.9
54	47.5
57	33.5
56	70.2
56	+0.22
56
74	UC San Diego	BW	3	3–0
3–0	116.2
81	103.9
100	.7846
74	53.9
113	48.0
75	13.2
62	17.6
108	29.9
167	23.8
44	34.8
167	27.0
71	53.3
150	51.0
144	36.6
123	29.5
77	39.9
162	44.8
297	65.1
278	+0.42
40
75	Northwestern	B10	3	3–0
3–0	114.9
96	102.8
85	.7820
75	53.7
123	50.6
139	15.2
146	21.5
23	31.1
134	35.4
321	34.0
182	28.8
95	48.2
276	48.9
99	44.0
10	35.2
195	30.9
316	43.6
278	64.7
296	+1.0
13
Rk	Team	Conf	G	Rec	AdjOE	AdjDE	Barthag	Efg%	EfgD%	TOR	TORD	ORB	DRB	FTR	FTRD	2P%	2P%D	3P%	3P%D	3PR	3PRD	Adj T.	WAB
76	Toledo
   (A) 78 Miami OH	MAC	3	3–0
3–0	123.1
42	110.1
184	.7818
76	57.8
41	48.9
86	10.3
8	15.2
208	30.5
148	27.3
126	27.0
291	24.5
38	58.4
46	52.5
186	37.5
94	28.1
58	25.9
356	34.8
82	67.9
151	+0.22
57
77	Seton Hall
   (A) 91 Xavier	BE	3	1–2
1–2	102.0
285	91.5
8	.7788
77	45.4
336	43.8
21	22.5
358	21.5
23	31.9
120	39.0
353	32.7
201	50.6
354	46.7
313	43.8
22	28.3
323	29.2
72	30.1
328	42.2
249	65.1
278	-0.8
154
78	Charleston	CAA	4	4–0
4–0	117.5
73	105.4
119	.7763
78	52.8
152	49.8
112	11.8
27	19.0
61	30.5
148	31.5
241	39.9
88	25.8
49	51.0
207	47.1
66	37.5
94	35.2
195	34.3
263	47.2
319	67.0
193	+0.6
29
79	Miami OH
   (H) 143 Toledo	MAC	4	4–0
4–0	112.8
123	101.3
64	.7743
79	54.1
107	49.2
98	10.9
12	16.5
144	19.1
348	25.3
72	45.0
39	31.0
143	57.0
65	44.7
35	33.3
199	38.8
291	41.6
133	33.5
56	70.4
48	+0.6
30
80	Southern Illinois	MVC	4	4–0
4–0	103.2
265	92.9
14	.7711
80	48.0
292	46.8
60	16.5
215	20.6
33	31.1
134	24.5
56	20.0
358	22.5
23	47.5
294	50.8
137	32.5
224	27.7
51	33.9
269	42.3
252	67.8
158	+0.8
20
81	Clemson
   (A) 24 North Carolina	ACC	3	1–2
1–2	119.4
64	107.7
150	.7669
81	52.2
175	59.0
337	13.2
62	15.8
177	26.3
263	25.3
72	46.0
30	32.3
166	55.6
96	63.3
359	32.5
224	36.6
242	49.7
32	50.9
354	63.2
345	-0.7
134
82	Utah Valley	WAC	4	4–0
4–0	106.1
226	95.7
25	.7666
82	50.2
235	41.2
6	18.5
282	24.4
5	36.7
37	33.8
294	40.4
83	36.7
223	53.9
140	35.3
2	26.7
343	36.9
251	26.7
354	29.4
22	68.4
124	+0.45
37
83	Creighton	BE	4	1–3
1–3	113.2
117	102.2
75	.7645
83	50.0
238	53.8
235	17.0
240	12.7
319	21.6
335	22.0
26	35.6
153	22.5
23	46.2
326	51.5
159	36.8
115	39.0
297	42.2
126	32.4
44	70.1
63	-0.9
174
84	George Washington	A10	3	1–2
1–2	122.5
46	110.6
192	.7640
84	60.5
19	57.3
310	21.2
349	18.8
70	36.2
42	23.3
37	39.5
94	53.0
359	64.8
8	51.3
152	36.8
115	42.5
343	45.5
80	48.3
335	69.3
91	-1.0
185
85	McNeese St.	Slnd	4	4–0
4–0	106.5
217	96.2
27	.7629
85	46.7
315	48.0
75	13.5
78	27.0
1	29.9
167	36.3
331	45.6
32	40.4
281	55.6
96	52.9
196	20.7
364	28.7
67	36.3
234	49.8
347	66.2
232	+0.5
34
86	UAB	Amer	3	2–1
2–1	109.7
169	99.4
50	.7562
86	50.0
238	47.0
61	14.9
131	13.9
268	24.7
294	29.0
171	38.6
109	23.4
30	53.2
153	52.2
181	29.1
308	22.0
5	33.1
284	27.2
11	68.2
135	-0.35
94
87	Seattle	WCC	4	3–1
3–1	111.4
142	101.0
62	.7558
87	51.5
196	51.5
164	12.7
49	23.3
8	23.9
304	28.8
162	41.9
68	39.3
261	52.9
162	50.0
114	33.0
208	36.1
227	40.1
159	35.0
86	68.6
113	-0.08
81
88	New Mexico	MWC	4	3–1
3–1	115.7
90	104.9
111	.7541
88	53.8
116	49.8
112	14.0
99	15.4
202	30.1
162	23.9
45	39.5
94	30.4
132	51.4
195	56.3
276	38.3
80	27.5
47	39.5
168	43.0
262	70.0
68	+0.21
60
89	Utah
   (H) 82 Colorado	B12	4	1–3
1–3	110.8
153	100.6
57	.7517
89	49.8
250	54.3
246	19.6
314	12.4
325	29.9
167	24.2
51	24.8
317	24.2
37	48.9
260	54.9
243	34.2
181	35.4
201	36.9
224	35.4
99	63.1
347	-1.0
179
90	Eastern Washington	BSky	5	4–1
4–1	120.9
54	109.9
181	.7500
90	61.6
12	52.2
187	16.7
221	16.1
159	34.8
60	29.2
175	40.9
79	28.9
99	63.0
12	51.9
170	39.1
73	35.2
195	33.3
275	37.1
134	66.9
199	-0.41
103
91	Wake Forest
   (A) 18 Virginia	ACC	4	2–2
2–2	127.5
20	115.9
274	.7491
91	53.5
130	56.6
302	13.7
87	11.7
339	34.6
65	30.6
218	31.2
228	31.0
143	53.4
146	58.7
320	35.7
143	36.1
227	42.4
124	47.2
319	65.2
274	-0.46
112
92	California	ACC	3	2–1
2–1	102.2
283	93.0
15	.7460
92	45.3
338	48.2
79	16.5
215	18.0
92	27.4
235	31.9
252	24.7
318	41.5
296	47.1
305	47.5
76	28.8
314	32.9
145	44.0
99	40.9
230	69.4
87	-0.21
85
93	Marquette	BE	3	1–2
1–2	107.0
208	97.9
42	.7365
93	49.7
253	45.9
50	16.2
199	20.8
31	25.0
286	39.3
355	29.0
261	32.7
172	55.9
89	51.0
144	26.9
339	26.0
24	39.6
167	42.7
258	65.6
260	-0.8
163
94	Green Bay
   (H) 260 Purdue Fort Wayne	Horz	3	2–1
2–1	112.5
124	103.0
89	.7341
94	56.4
58	44.4
27	13.7
87	13.2
300	21.2
338	28.2
151	29.9
248	30.3
130	54.0
137	46.2
57	41.2
38	27.1
37	31.1
306	33.1
50	64.5
307	-0.5
121
95	Rutgers	B10	4	2–2
2–2	113.0
119	103.8
98	.7251
95	49.1
267	58.0
319	12.0
31	20.2
38	19.2
346	30.4
213	38.6
109	31.0
143	51.3
202	62.6
355	29.2
306	34.4
171	29.1
337	42.3
252	68.3
131	-0.47
114
96	Robert Morris	Horz	3	3–0
3–0	110.9
152	102.2
74	.7199
96	55.8
70	48.5
83	14.4
112	17.9
95	34.0
76	27.5
130	32.6
205	20.3
14	53.8
142	48.7
97	39.4
66	32.2
131	38.4
190	34.3
72	64.1
320	+0.38
43
97	Syracuse
   (A) 19 Louisville	ACC	2	0–2
0–2	119.9
60	110.5
189	.7181
97	54.0
111	61.7
359	13.5
78	15.8
177	22.2
321	33.3
279	29.2
258	38.7
255	52.9
162	58.2
312	37.2
107	46.9
360	38.1
202	28.8
19	65.9
244	-1.0
184
98	Northern Iowa	MVC	4	2–2
2–2	111.0
150	102.3
77	.7173
98	58.1
36	50.2
124	13.9
95	24.7
3	19.5
344	34.1
298	21.2
351	17.5
3	54.5
121	52.6
188	42.4
26	31.7
119	39.2
174	46.5
316	62.4
353	-1.4
210
99	Wichita St.	Amer	4	4–0
4–0	113.3
114	104.9
110	.7084
99	47.9
294	45.5
42	15.1
141	10.7
351	40.9
10	27.2
123	38.2
117	35.8
212	50.0
234	45.0
37	28.9
310	31.6
115	31.1
306	22.2
1	67.7
161	+0.6
28
100	LSU
   (A) 45 Auburn	SEC	4	1–3
1–3	120.4
57	111.5
213	.7065
100	50.6
219	54.3
246	12.4
38	10.4
356	33.6
83	33.3
279	33.7
187	47.8
339	46.3
323	53.1
199	40.8
44	37.6
267	28.8
341	34.4
74	67.5
170	-1.0
178
Rk	Team	Conf	G	Rec	AdjOE	AdjDE	Barthag	Efg%	EfgD%	TOR	TORD	ORB	DRB	FTR	FTRD	2P%	2P%D	3P%	3P%D	3PR	3PRD	Adj T.	WAB
101	Illinois St.	MVC	4	3–1
3–1	115.8
87	107.4
145	.7032
101	57.4
47	54.6
252	20.9
344	13.8
274	33.3
86	27.8
140	25.3
313	29.8
118	55.0
114	55.8
264	40.2
50	35.0
187	44.7
91	36.7
129	63.3
339	+0.12
70
102	Villanova	BE	4	2–2
2–2	111.6
135	103.7
96	.7009
102	50.0
238	56.7
305	14.4
112	18.3
86	23.7
305	33.0
278	26.3
300	33.2
177	52.9
162	56.2
274	31.0
268	38.6
287	45.0
88	30.2
28	67.8
158	+0.13
69
103	South Carolina
   (H) 15 Tennessee	SEC	4	1–3
1–3	114.8
99	106.6
136	.6995
103	48.3
288	53.1
210	13.1
60	14.9
217	25.0
286	37.9
345	37.8
130	31.1
146	49.3
255	57.1
294	31.3
260	31.8
121	41.7
131	42.1
246	66.3
226	-0.8
160
104	Kennesaw St.	CUSA	4	4–0
4–0	113.2
116	105.4
120	.6947
104	57.1
49	50.0
118	16.9
237	18.7
75	31.5
128	25.4
79	43.4
56	52.5
356	50.8
213	47.4
73	43.3
17	35.6
210	44.3
95	44.1
286	71.7
24	+0.42
41
105	Davidson	A10	4	3–1
3–1	104.7
244	97.7
39	.6891
105	50.0
238	44.3
23	18.7
288	13.2
300	31.9
120	20.6
18	38.1
120	39.2
259	49.6
245	44.2
27	33.7
193	29.7
80	42.8
120	34.9
84	64.9
290	-0.30
90
106	Harvard	Ivy	3	2–1
2–1	96.9
338	90.7
4	.6827
106	46.8
314	47.2
64	18.3
278	18.8
70	31.4
129	23.7
42	22.4
343	18.0
6	54.9
119	50.0
114	25.3
349	27.5
47	47.7
55	31.7
35	63.3
339	-0.40
99
107	West Virginia
   (A) 106 Kansas St.	B12	4	1–3
1–3	109.5
174	102.5
81	.6810
107	50.6
219	49.8
112	16.7
221	17.9
95	32.9
96	38.8
352	26.4
299	42.9
310	55.0
114	45.7
46	30.0
286	38.0
274	43.3
109	36.1
114	60.7
363	-1.5
218
108	Maryland	B10	4	1–3
1–3	111.1
147	104.2
101	.6770
108	48.5
280	51.4
158	20.7
336	10.1
358	36.8
36	17.2
4	24.7
318	36.7
223	48.3
272	50.8
137	32.4
231	34.8
180	48.9
42	41.4
238	65.1
278	-1.2
192
109	Kansas St.
   (H) 62 West Virginia	B12	4	1–3
1–3	106.3
224	99.8
53	.6723
109	52.4
165	51.4
158	18.5
282	16.5
144	19.9
342	32.4
264	24.7
318	37.5
232	54.3
133	55.0
246	32.5
224	30.8
97	33.6
272	41.1
233	75.1
3	-1.1
189
110	Wyoming
   (H) 74 Nevada	MWC	4	3–1
3–1	115.8
86	108.9
166	.6680
110	50.4
227	53.6
230	13.8
93	19.5
50	31.7
124	31.0
232	22.4
343	39.5
267	53.1
155	52.9
196	31.6
249	36.5
239	47.8
53	35.2
90	66.0
241	+0.24
53
111	Washington	B10	3	1–2
1–2	112.3
127	105.8
123	.6657
111	52.0
182	50.3
130	12.6
44	10.6
353	22.2
321	32.1
257	25.7
308	25.4
42	58.0
51	43.9
23	27.1
336	40.0
309	34.5
259	39.7
214	65.9
244	-0.9
176
112	Bradley	MVC	4	2–2
2–2	117.7
72	111.0
199	.6619
112	54.5
97	54.5
249	15.2
146	15.2
208	31.6
127	26.7
114	39.9
88	45.7
328	55.2
108	48.5
94	35.6
149	42.5
343	38.6
183	39.4
198	65.1
278	-1.1
188
113	UC Irvine	BW	4	3–1
3–1	99.2
316	93.7
18	.6593
113	48.5
280	45.3
38	19.9
321	21.7
20	30.3
154	31.8
249	31.0
231	24.7
40	48.0
284	44.6
30	33.3
199	31.0
101	23.6
363	37.0
132	68.1
143	-0.38
96
114	Cal Baptist	WAC	3	2–1
2–1	104.6
245	99.0
48	.6523
114	45.1
339	42.3
10	19.5
311	19.5
50	35.8
45	40.2
357	28.2
276	31.4
152	41.2
360	43.7
21	35.0
164	25.0
17	34.5
259	22.9
3	64.6
304	-0.43
106
115	Loyola Marymount	WCC	3	2–1
2–1	111.4
141	105.9
125	.6418
115	52.9
151	53.1
210	15.5
164	17.1
122	22.1
326	26.3
105	35.0
161	28.4
90	50.0
234	47.5
76	39.2
70	41.3
329	32.5
291	38.9
183	63.3
339	-0.6
122
116	UT Rio Grande Valley	Slnd	4	3–1
3–1	116.9
77	111.2
204	.6415
116	60.5
19	46.0
51	18.0
269	12.9
313	23.2
312	31.5
241	29.0
261	49.1
346	60.4
24	51.8
166	40.4
49	23.3
10	47.1
58	34.1
66	65.0
284	-0.40
97
117	Howard	MEAC	3	3–0
3–0	111.8
133	106.3
131	.6403
117	60.6
18	42.6
11	19.2
300	18.7
75	46.4
2	32.5
265	39.1
102	34.4
194	59.2
34	48.9
99	42.2
29	16.7
1	34.8
254	26.2
8	70.2
56	+0.05
75
118	Charlotte	Amer	4	2–2
2–2	114.5
101	109.1
169	.6371
118	54.7
92	50.6
139	16.1
193	13.9
268	26.2
265	30.4
213	31.1
230	31.3
150	60.0
27	48.5
94	32.4
231	35.5
208	45.9
76	45.8
309	64.3
312	-1.0
180
119	UNC Wilmington
   (A) 244 Elon	CAA	4	3–1
3–1	113.8
109	108.5
161	.6338
119	49.8
250	48.2
79	13.4
71	14.8
224	39.4
16	23.5
40	39.5
94	38.1
243	42.8
356	47.4
73	39.8
58	33.0
147	41.5
134	39.5
206	66.6
216	-0.6
129
120	Monmouth
   (A) 289 Northeastern	CAA	4	2–2
2–2	106.7
215	101.8
72	.6320
120	53.1
141	48.5
83	20.4
333	15.6
193	30.5
148	24.5
56	25.8
307	35.0
203	52.8
168	50.7
130	35.7
143	29.8
82	43.6
107	37.2
140	68.6
113	-1.4
204
121	Xavier
   (H) 60 Seton Hall	BE	4	1–3
1–3	119.5
63	114.0
253	.6317
121	55.9
69	56.5
299	13.2
62	10.1
358	26.9
251	25.4
79	25.5
312	40.7
285	57.0
65	54.5
233	36.1
135	40.0
309	38.0
204	36.6
126	69.5
81	-1.4
207
122	Boston College
   (A) 53 Virginia Tech	ACC	4	1–3
1–3	110.8
154	105.9
124	.6270
122	47.5
305	53.4
220	16.1
193	11.5
343	30.3
154	35.6
323	24.2
326	40.9
287	48.1
281	55.7
263	31.2
263	33.7
155	45.4
82	43.5
274	63.6
330	-0.9
171
123	Central Arkansas	ASun	4	3–1
3–1	118.6
70	113.5
246	.6241
123	56.5
57	58.5
328	14.5
117	18.1
91	29.9
167	26.0
94	34.5
170	26.1
55	58.3
48	58.3
313	36.4
128	39.1
300	49.6
34	50.0
348	66.2
232	-0.5
117
124	San Francisco	WCC	3	1–2
1–2	108.5
188	103.8
99	.6233
124	52.5
161	53.1
210	18.9
291	14.1
261	19.2
346	33.7
291	38.9
104	21.4
16	51.9
186	56.7
284	35.5
153	30.8
97	48.4
46	33.9
60	68.1
143	-0.6
127
125	Northern Colorado	BSky	4	3–1
3–1	109.7
168	105.2
115	.6193
125	56.3
60	47.1
63	14.2
103	12.4
325	21.8
330	25.0
67	27.6
285	33.6
181	59.2
34	52.6
188	34.1
184	24.4
13	36.6
228	34.5
77	68.8
107	-0.41
100
Rk	Team	Conf	G	Rec	AdjOE	AdjDE	Barthag	Efg%	EfgD%	TOR	TORD	ORB	DRB	FTR	FTRD	2P%	2P%D	3P%	3P%D	3PR	3PRD	Adj T.	WAB
126	Fresno St.
   (H) 219 San Jose St.	MWC	4	0–4
0–4	115.7
89	111.2
205	.6104
126	53.5
130	56.1
291	15.4
160	14.7
231	28.5
198	35.8
325	22.9
337	19.9
10	55.8
91	58.6
318	32.5
224	35.6
210	33.3
275	48.0
328	66.2
232	-2.6
318
127	Auburn
   (H) 73 LSU	SEC	4	1–3
1–3	122.1
47	117.4
295	.6092
127	51.1
207	58.5
328	17.3
251	14.0
265	40.1
14	34.4
302	47.8
22	31.4
152	47.9
285	51.0
144	37.5
94	46.4
356	38.6
183	40.1
219	67.9
151	-1.4
208
128	Illinois Chicago	MVC	4	2–2
2–2	109.5
173	105.4
118	.6082
128	54.8
88	50.9
147	19.7
317	18.9
65	34.8
60	28.2
151	35.4
156	30.1
125	51.7
188	48.2
88	40.2
50	35.7
214	35.8
239	50.2
350	65.2
274	-1.5
235
129	Nevada
   (A) 108 Wyoming	MWC	4	2–2
2–2	106.4
220	102.8
84	.5978
129	48.9
271	54.5
249	19.7
317	19.0
61	33.1
92	30.1
197	53.2
8	37.8
237	46.7
313	46.9
64	35.7
143	42.7
345	31.8
302	44.2
290	68.4
124	-0.7
151
130	Mount St. Mary's	MAAC	4	3–1
3–1	98.7
320	95.4
24	.5968
130	52.8
152	40.6
3	21.1
346	21.1
30	37.0
31	29.1
174	22.0
346	38.7
255	57.5
58	39.6
4	30.0
286	27.7
51	38.1
202	47.6
325	68.4
124	-0.8
156
131	Indiana	B10	3	0–3
0–3	118.9
67	115.0
259	.5954
131	54.3
106	62.8
361	15.2
146	13.5
291	16.3
358	34.6
311	27.6
285	39.7
268	60.9
20	55.4
256	32.5
224	50.9
365	54.6
5	35.3
93	63.3
339	-1.3
195
132	Drexel
   (A) 98 Hofstra	CAA	3	3–0
3–0	99.9
311	96.6
32	.5950
132	51.3
200	42.0
8	18.3
278	13.7
282	26.1
269	25.4
79	44.2
46	26.9
67	55.6
96	41.8
10	29.1
308	28.3
61	35.7
242	30.3
29	65.5
265	+0.22
58
133	Montana St.	BSky	5	3–2
3–2	111.9
131	108.4
160	.5892
133	58.9
28	51.3
153	14.9
131	14.3
253	24.8
290	27.4
127	29.6
251	24.5
38	60.3
25	50.0
114	38.3
80	36.0
223	49.1
37	32.7
49	67.2
184	-1.5
226
134	Washington St.	WCC	4	1–3
1–3	115.2
94	111.7
215	.5872
134	54.5
97	50.2
124	17.7
262	14.3
253	31.1
134	35.6
323	17.6
360	25.1
41	50.7
218	48.9
99	40.0
53	35.4
201	41.0
141	31.0
32	69.0
100	-2.0
293
135	Western Carolina	SC	4	4–0
4–0	115.2
93	111.9
219	.5829
135	56.1
64	55.0
260	10.9
12	15.0
212	32.1
117	18.5
7	37.1
139	29.8
118	56.4
79	57.4
302	37.1
110	33.8
161	40.9
144	35.3
93	66.5
219	+0.18
62
136	Valparaiso	MVC	4	3–1
3–1	115.1
95	111.9
220	.5817
136	52.8
152	54.6
252	13.0
58	17.9
95	28.5
198	27.7
133	48.1
20	32.3
166	46.1
327	50.7
130	41.9
33	40.7
322	40.2
157	37.3
143	66.0
241	-0.41
104
137	Arkansas St.	SB	4	4–0
4–0	110.5
158	107.4
146	.5798
137	55.2
82	46.1
53	19.9
321	13.3
297	35.5
51	29.0
171	55.4
6	31.5
155	59.0
37	45.9
51	33.3
199	31.0
101	42.5
123	31.5
34	76.7
1	+0.20
61
138	Stephen F. Austin	Slnd	4	3–1
3–1	114.3
104	111.3
207	.5762
138	52.3
171	53.6
230	12.4
38	16.3
151	37.9
25	25.6
83	29.2
258	26.2
58	50.3
229	59.1
327	36.7
121	29.8
82	40.3
155	38.0
160	64.7
296	-0.7
141
139	Southern Miss	SB	3	2–1
2–1	104.5
248	101.8
70	.5745
139	56.4
58	44.2
22	23.6
362	19.1
58	35.8
45	30.0
195	40.4
83	56.6
362	55.1
110	43.6
20	39.6
63	30.2
90	31.0
312	36.4
121	73.3
8	-0.49
115
140	San Jose St.
   (A) 130 Fresno St.	MWC	4	2–2
2–2	120.0
59	117.0
288	.5735
140	55.5
75	58.3
324	13.1
60	16.5
144	29.0
189	29.5
181	29.8
249	44.8
321	52.2
184	62.0
351	40.2
50	34.9
182	41.3
136	39.2
188	69.2
94	-1.0
182
141	New Orleans	Slnd	4	2–2
2–2	109.6
170	106.9
142	.5727
141	48.9
271	44.3
23	21.7
354	11.6
341	40.5
13	34.5
307	45.3
36	37.9
240	55.0
114	47.2
69	24.3
355	26.3
26	33.2
280	37.1
134	71.1
37	-1.2
190
142	Fordham	A10	3	2–1
2–1	100.3
305	97.9
41	.5700
142	45.1
339	53.5
225	17.9
266	19.5
50	26.4
261	26.2
102	48.7
19	39.4
264	45.8
329	52.6
188	29.3
301	36.4
236	37.7
212	49.7
346	65.9
244	-0.22
86
143	Northern Kentucky	Horz	4	2–2
2–2	105.9
228	103.5
95	.5678
143	53.3
137	51.5
164	17.7
262	18.8
70	31.3
132	26.1
98	34.2
175	39.4
264	56.9
69	53.3
205	32.7
218	32.6
141	46.5
69	39.4
198	71.4
32	-1.6
239
144	Middle Tennessee	CUSA	4	3–1
3–1	110.8
155	108.2
152	.5678
144	51.2
205	51.5
164	14.5
117	15.3
205	32.6
105	25.8
88	34.3
174	29.6
113	57.7
54	52.0
174	28.0
327	33.7
155	41.3
136	35.6
105	68.0
148	-0.45
109
145	Saint Louis	A10	4	2–2
2–2	111.9
130	109.4
171	.5653
145	56.2
63	49.6
106	20.2
326	17.4
112	28.6
197	28.9
169	37.8
130	48.5
342	52.3
177	45.6
42	41.1
40	36.3
234	42.2
126	44.9
300	70.9
42	-0.8
164
146	Cal Poly	BW	3	2–1
2–1	111.4
143	109.1
170	.5584
146	52.1
178	49.0
89	15.5
164	13.3
297	20.5
339	26.0
94	29.5
252	35.5
209	57.3
61	54.0
222	31.7
247	27.0
35	53.9
6	37.0
132	76.4
2	-0.29
89
147	James Madison	SB	4	3–1
3–1	109.1
179	107.0
143	.5581
147	53.4
133	45.5
42	16.1
193	12.4
325	30.1
162	22.1
27	36.5
145	31.6
157	54.4
127	50.0
114	34.2
181	26.3
26	32.9
287	42.9
260	65.8
254	-0.7
135
148	UMBC
   (A) 315 NJIT	AE	4	4–0
4–0	105.8
229	103.8
97	.5567
148	53.1
141	45.5
42	12.1
32	13.7
282	28.2
207	20.4
16	32.7
201	19.5
8	53.1
155	42.9
15	35.5
153	33.0
147	34.1
265	39.4
198	65.2
274	+0.13
68
149	North Dakota St.	Sum	4	3–1
3–1	106.9
213	104.8
107	.5557
149	56.8
53	49.6
106	14.6
122	14.9
217	27.4
235	17.7
5	28.3
272	25.4
42	54.6
120	57.3
296	39.5
64	28.6
64	46.7
66	53.4
363	69.4
87	-0.44
107
150	Oral Roberts	Sum	4	3–1
3–1	109.5
175	107.7
149	.5470
150	57.2
48	52.0
178	15.5
164	15.9
170	28.3
204	22.3
30	41.7
71	38.7
255	60.0
27	53.0
198	35.2
159	33.7
155	38.6
183	42.6
255	69.5
81	-0.8
153
Rk	Team	Conf	G	Rec	AdjOE	AdjDE	Barthag	Efg%	EfgD%	TOR	TORD	ORB	DRB	FTR	FTRD	2P%	2P%D	3P%	3P%D	3PR	3PRD	Adj T.	WAB
151	Weber St.	BSky	4	3–1
3–1	114.9
97	113.0
236	.5456
151	53.4
133	53.1
210	15.5
164	12.6
322	32.8
98	25.2
71	28.3
272	27.0
71	54.4
127	56.2
274	34.2
181	31.9
126	30.8
317	37.3
143	67.9
151	-0.44
108
152	Yale	Ivy	3	2–1
2–1	102.6
278	101.0
61	.5452
152	53.1
141	50.3
130	16.7
221	18.3
86	25.8
275	30.3
209	28.0
279	19.3
7	58.8
42	45.8
49	28.8
314	37.3
261	36.6
228	43.9
282	62.2
356	-0.50
116
153	Boston University	Pat	3	2–1
2–1	111.5
140	109.8
179	.5438
153	60.1
25	49.1
93	17.1
245	13.4
295	20.5
339	25.0
67	23.5
330	25.9
50	65.6
5	47.8
80	34.9
169	33.8
161	41.2
139	44.6
294	63.3
339	-0.8
157
154	Incarnate Word	Slnd	4	2–2
2–2	114.2
105	112.4
224	.5434
154	54.4
102	52.0
178	15.8
183	15.8
177	27.0
246	33.3
279	31.7
219	23.2
29	53.0
158	51.8
166	37.5
94	34.9
182	42.9
117	37.7
149	61.5
360	-1.6
240
155	UC Riverside	BW	4	2–2
2–2	102.9
271	101.4
65	.5428
155	48.4
285	43.3
15	15.0
135	16.1
159	29.2
183	26.3
105	40.3
85	48.8
344	49.0
258	46.6
60	31.6
249	22.6
6	38.3
194	25.8
7	73.0
11	-1.5
225
156	UC Santa Barbara	BW	4	1–3
1–3	103.0
269	101.6
66	.5403
156	48.7
276	42.1
9	20.2
326	11.3
346	24.7
294	26.1
98	41.1
74	45.2
323	45.5
334	47.1
66	35.0
164	18.0
2	46.0
75	24.6
6	65.9
244	-2.2
297
157	North Texas	Amer	4	2–2
2–2	112.1
129	110.8
194	.5355
157	49.6
255	54.8
257	13.6
82	15.9
170	34.0
76	24.8
63	34.1
178	40.6
283	47.5
294	54.3
228	36.1
135	37.2
259	31.0
312	37.7
149	64.4
311	-1.3
197
158	Bethune Cookman	SWAC	4	4–0
4–0	110.2
161	108.9
165	.5335
158	57.8
41	47.2
64	19.7
317	14.5
241	32.8
98	31.9
252	42.9
61	28.8
95	59.0
37	46.9
64	36.5
126	31.8
121	28.1
347	32.2
43	71.6
29	+0.26
51
159	Pepperdine	WCC	4	2–2
2–2	119.7
62	118.8
310	.5220
159	54.4
102	55.4
275	16.7
221	15.7
185	36.4
39	35.0
315	32.1
216	28.8
95	49.7
243	57.0
291	41.2
38	35.4
201	38.5
187	38.5
172	71.9
20	-1.3
199
160	Idaho	BSky	5	3–2
3–2	111.6
137	110.7
193	.5215
160	51.8
187	52.0
178	15.8
183	14.6
236	36.9
34	22.4
32	27.9
281	43.3
311	44.2
347	48.3
90	40.7
45	39.4
304	44.9
90	34.8
82	66.8
203	-1.2
194
161	USC	B10	4	0–4
0–4	107.5
201	106.7
138	.5206
161	44.0
349	54.1
240	19.2
300	14.9
217	32.7
100	36.2
329	33.5
191	33.6
181	43.6
351	53.8
216	29.8
290	36.4
236	36.1
237	36.1
114	70.7
45	-1.8
276
162	Portland St.	BSky	5	2–3
2–3	101.4
293	100.7
58	.5200
162	49.5
258	51.8
170	15.6
174	18.5
82	28.1
211	24.2
51	26.1
302	28.9
99	48.9
260	47.9
83	33.6
197	38.3
280	37.3
219	40.5
228	68.8
107	-2.2
300
163	UNLV
   (H) 26 Utah St.	MWC	4	2–2
2–2	117.3
75	116.7
284	.5138
163	57.7
44	54.7
254	12.9
54	17.2
117	25.8
275	30.8
227	39.9
88	46.8
336	54.5
121	51.7
163	42.9
21	40.8
326	33.0
286	32.0
39	69.7
76	-1.0
181
164	La Salle	A10	4	1–3
1–3	99.9
312	99.5
51	.5115
164	43.1
354	53.5
225	20.7
336	19.6
47	32.9
96	27.2
123	46.3
28	39.2
259	36.9
365	59.8
334	36.4
128	28.8
68	35.3
248	37.7
149	67.9
151	-1.9
290
165	Princeton	Ivy	3	1–2
1–2	111.3
145	110.9
197	.5103
165	56.6
55	49.4
100	20.7
336	15.9
170	29.6
175	26.5
110	40.3
85	35.6
210	50.0
234	59.8
334	44.6
7	25.6
22	38.9
180	48.8
340	64.0
323	-1.8
271
166	Detroit Mercy	Horz	4	3–1
3–1	113.1
118	112.7
230	.5101
166	54.4
102	55.1
266	14.6
122	15.6
193	28.5
198	30.7
224	38.0
124	34.5
198	53.4
146	51.4
155	37.9
88	40.2
313	28.8
341	41.3
236	69.8
75	-0.42
105
167	Georgetown
   (A) 20 St. John's	BE	4	0–4
0–4	110.0
163	109.7
177	.5074
167	49.4
259	52.8
205	18.3
278	14.2
258	34.5
68	33.6
286	32.5
206	38.4
253	56.0
85	55.9
267	26.8
342	31.3
110	42.0
129	34.5
77	66.0
241	-2.6
320
168	Oklahoma St.
   (A) 47 UCF	B12	4	1–3
1–3	113.7
110	113.4
243	.5072
168	46.5
320	56.5
299	16.7
221	15.0
212	31.0
138	31.3
238	38.1
120	23.5
31	47.0
308	52.1
178	30.5
279	41.4
330	38.9
180	44.6
294	70.6
46	-1.0
183
169	UC Davis	BW	3	1–2
1–2	118.8
68	118.5
307	.5068
169	52.5
161	58.6
331	16.2
199	19.1
58	28.0
215	30.2
205	60.6
2	39.3
261	55.8
91	59.8
334	32.4
231	38.0
274	46.3
72	43.6
278	67.2
184	-1.6
236
170	Penn	Ivy	3	2–1
2–1	101.0
299	100.8
60	.5064
170	49.2
264	49.7
111	14.5
117	18.8
70	29.1
186	23.6
41	34.1
178	30.2
128	42.6
357	55.1
250	42.1
31	28.4
63	31.8
302	43.0
262	71.0
40	-0.46
111
171	Notre Dame	ACC	3	1–2
1–2	115.9
85	115.7
270	.5033
171	51.1
207	55.1
266	17.0
240	12.2
331	29.6
175	33.6
286	34.7
168	49.7
348	55.2
108	56.0
271	31.5
253	36.3
234	50.6
25	52.0
357	67.1
191	-0.37
95
172	Southern Utah	WAC	3	1–2
1–2	115.3
92	115.2
263	.5019
172	56.1
64	55.3
274	23.0
360	15.8
177	41.1
9	24.7
61	43.6
53	36.7
223	48.6
269	56.5
278	46.6
3	34.2
169	35.2
250	22.5
2	69.4
87	-1.6
245
173	Duquesne	A10	4	1–3
1–3	106.9
209	107.0
144	.4983
173	47.2
312	52.8
205	18.9
291	17.4
112	28.4
202	32.6
267	38.8
105	45.3
324	51.2
205	48.4
92	27.6
333	39.1
300	40.7
149	43.0
262	66.8
203	-1.6
238
174	Louisiana Tech	CUSA	4	2–2
2–2	102.8
275	102.9
87	.4968
174	51.6
191	49.1
93	24.1
364	19.3
54	36.5
38	31.2
237	41.3
72	41.2
292	52.3
177	41.7
9	33.7
193	39.4
304	39.0
177	42.5
254	67.6
166	-1.5
234
175	Jacksonville	ASun	4	2–2
2–2	114.8
98	115.0
261	.4959
175	53.7
123	51.6
168	13.3
67	11.8
337	38.7
20	28.8
162	39.2
100	45.5
326	54.1
136	57.3
296	35.0
164	26.4
29	25.9
356	32.4
44	64.5
307	-1.7
258
Rk	Team	Conf	G	Rec	AdjOE	AdjDE	Barthag	Efg%	EfgD%	TOR	TORD	ORB	DRB	FTR	FTRD	2P%	2P%D	3P%	3P%D	3PR	3PRD	Adj T.	WAB
176	UT Arlington	WAC	3	1–2
1–2	94.8
348	95.0
23	.4943
176	40.8
363	44.5
29	19.9
321	16.8
133	35.1
53	34.5
307	33.7
187	26.2
58	45.0
339	48.2
88	20.4
365	25.0
17	29.0
339	34.9
84	64.0
323	-1.4
211
177	Florida A&M	SWAC	4	3–1
3–1	101.5
291	101.8
71	.4907
177	51.3
200	46.1
53	19.6
314	15.9
170	34.1
75	21.7
25	30.9
232	35.9
215	55.4
103	41.1
8	29.3
301	36.7
244	35.7
242	35.9
111	67.0
193	-0.7
147
178	Milwaukee	Horz	3	1–2
1–2	113.0
121	113.3
241	.4905
178	55.6
72	58.0
319	18.1
273	15.7
185	35.6
50	26.3
105	22.6
341	32.5
169	54.5
121	57.7
306	38.2
84	38.9
295	40.9
144	42.6
255	66.7
212	-1.5
231
179	Oregon St.	WCC	3	2–1
2–1	113.0
120	113.5
245	.4866
179	53.7
123	54.2
243	16.3
205	14.4
246	35.0
54	27.4
127	46.6
27	29.8
118	56.6
74	51.1
149	33.3
199	37.9
271	43.1
113	53.9
364	67.3
179	-0.20
84
180	St. Bonaventure	A10	4	1–3
1–3	116.8
79	117.4
293	.4864
180	52.7
157	56.6
302	14.3
107	14.3
253	33.8
81	25.9
91	20.9
352	28.9
99	47.3
299	52.5
186	41.8
34	40.7
322	35.3
248	48.1
331	68.9
103	-2.2
299
181	Central Michigan
   (H) 67 Akron	MAC	4	2–2
2–2	105.8
231	106.4
134	.4823
181	52.1
178	51.3
153	19.5
311	19.9
40	33.3
86	33.3
279	44.9
41	34.4
194	52.9
162	52.3
184	33.8
190	32.9
145	37.0
221	32.6
47	67.4
175	-1.4
216
182	Ball St.
   (A) 276 Western Michigan	MAC	4	2–2
2–2	101.5
292	102.2
76	.4791
182	48.6
278	45.0
35	15.2
146	16.7
138	29.8
172	29.5
181	22.7
338	32.9
173	45.5
334	44.0
25	35.4
156	30.9
99	40.9
144	41.2
234	62.1
358	-1.5
221
183	South Alabama	SB	4	2–2
2–2	105.1
240	106.0
126	.4748
183	55.1
83	45.4
39	12.9
54	15.6
193	18.5
351	26.5
110	35.9
150	41.3
293	59.3
33	45.7
46	33.7
193	30.2
90	47.9
51	57.8
365	63.6
330	-1.8
278
184	East Carolina	Amer	4	2–2
2–2	105.7
232	106.7
137	.4742
184	50.6
219	50.4
133	17.3
251	17.7
103	34.0
76	31.8
249	39.8
91	26.6
65	51.4
195	52.0
174	32.4
231	31.4
113	29.1
337	33.2
53	69.6
77	-1.4
213
185	Florida Atlantic	Amer	4	3–1
3–1	104.1
254	105.2
117	.4692
185	50.0
238	46.4
55	13.4
71	14.5
241	27.0
246	27.9
144	30.7
235	33.5
179	50.3
229	49.6
111	32.9
212	27.7
51	33.2
280	40.3
226	67.0
193	-0.5
118
186	Texas A&M Corpus Chris	Slnd	4	3–1
3–1	108.5
190	109.7
178	.4667
186	56.0
67	51.5
164	21.7
354	18.6
77	33.3
86	27.4
127	32.1
216	45.3
324	53.3
150	53.5
211	40.5
48	31.9
126	35.4
245	35.8
107	65.7
255	-0.40
97
187	Coastal Carolina	SB	4	3–1
3–1	103.5
260	104.8
108	.4636
187	46.1
330	45.2
37	11.4
21	11.0
349	29.2
183	26.0
94	35.1
158	28.0
84	48.6
269	44.3
28	28.6
318	31.6
115	42.9
117	30.4
30	68.2
135	-0.6
128
188	Pacific	WCC	3	0–3
0–3	108.9
182	110.4
187	.4632
188	47.4
309	59.2
340	19.4
307	10.5
355	33.9
79	24.5
56	26.7
294	38.0
242	48.8
265	57.0
291	29.4
299	41.4
330	29.7
332	42.9
260	63.6
330	-1.7
262
189	Hawaii	BW	4	3–1
3–1	105.5
237	106.9
141	.4625
189	51.7
188	51.9
174	17.5
257	16.5
144	26.4
261	22.5
33	45.3
36	44.2
316	55.4
103	52.7
192	31.4
257	34.0
165	44.0
99	43.3
268	69.6
77	-0.41
102
190	Appalachian St.	SB	3	1–2
1–2	114.0
107	115.7
269	.4582
190	52.8
152	55.9
285	16.1
193	13.1
308	41.2
7	23.9
45	61.5
1	30.6
138	62.0
15	54.9
243	29.3
301	38.2
277	50.9
22	40.0
218	64.7
296	-1.7
267
191	Cal St. Northridge	BW	4	2–2
2–2	104.8
241	106.4
133	.4564
191	45.1
339	49.4
100	14.0
99	17.2
117	34.5
68	28.8
162	32.5
206	34.0
187	48.9
260	48.9
99	21.0
363	33.3
151	21.9
364	45.7
308	74.7
4	-1.3
200
192	William & Mary
   (H) 297 Hampton	CAA	3	2–1
2–1	107.5
200	109.6
176	.4453
192	53.8
116	59.0
337	11.8
27	22.7
12	15.3
360	27.7
133	57.6
4	30.9
141	65.3
6	58.3
313	24.6
352	40.0
309	40.6
153	42.1
246	74.4
5	-0.7
137
193	Mississippi St.
   (A) 4 Florida	SEC	4	1–3
1–3	115.7
88	118.0
302	.4447
193	54.1
107	58.9
336	14.8
127	13.7
282	28.8
194	36.0
327	28.2
276	38.3
249	52.3
177	50.8
137	37.4
102	45.0
354	48.2
49	48.4
339	70.2
56	-1.1
187
194	Iona	MAAC	4	3–1
3–1	97.4
330	99.3
49	.4447
194	52.3
171	41.1
4	23.6
362	15.5
199	34.5
68	25.7
86	33.9
184	29.8
118	49.6
245	41.8
10	36.8
115	26.8
34	47.7
55	43.4
272	70.1
63	-0.7
133
195	Campbell
   (H) 287 North Carolina A&T	CAA	4	1–3
1–3	108.7
184	111.2
206	.4337
195	45.0
343	49.6
106	12.4
38	15.8
177	32.5
108	34.3
301	27.0
291	40.5
282	40.6
362	47.9
83	35.6
149	34.9
182	34.5
259	36.6
126	67.3
179	-2.4
309
196	Penn St.	B10	3	1–2
1–2	112.9
122	115.8
272	.4287
196	58.0
38	59.3
342	22.8
359	15.7
185	23.1
315	29.2
175	38.5
113	25.6
44	64.8
8	64.5
362	30.8
276	35.4
201	36.4
231	45.9
311	67.7
161	-0.6
126
197	Wagner	NEC	4	4–0
4–0	101.8
287	104.8
105	.4187
197	51.1
207	43.6
18	20.3
331	12.9
313	33.6
83	25.3
72	37.6
136	33.9
185	47.3
299	45.2
38	37.8
91	27.2
41	40.7
149	34.3
72	67.2
184	+0.16
65
198	East Tennessee St.	SC	4	2–2
2–2	110.4
160	113.6
247	.4184
198	57.5
46	51.6
168	16.2
199	13.9
268	29.8
172	29.6
183	30.5
237	43.5
312	56.6
74	54.2
226	39.5
64	32.4
137	35.8
239	47.1
318	66.1
239	-1.5
227
199	Indiana St.	MVC	4	1–3
1–3	102.9
270	106.0
127	.4154
199	52.5
161	51.4
158	23.5
361	14.1
261	26.1
269	24.8
63	20.1
357	26.0
51	53.0
158	58.0
308	34.6
176	27.2
41	47.8
53	38.0
160	69.9
72	-1.8
283
200	Charleston Southern	BSth	4	3–1
3–1	108.5
187	111.8
217	.4142
200	59.1
27	45.0
35	19.3
305	12.9
313	27.5
232	33.7
291	35.1
158	40.1
280	55.9
89	45.6
42	42.0
32	29.3
74	45.2
84	35.5
100	72.5
15	-0.8
155
Rk	Team	Conf	G	Rec	AdjOE	AdjDE	Barthag	Efg%	EfgD%	TOR	TORD	ORB	DRB	FTR	FTRD	2P%	2P%D	3P%	3P%D	3PR	3PRD	Adj T.	WAB
201	Longwood	BSth	3	2–1
2–1	109.9
164	113.3
240	.4134
201	50.8
215	59.6
345	19.1
296	20.4
34	38.6
22	25.3
72	45.5
33	41.3
293	48.1
281	63.3
359	37.9
88	36.2
230	30.7
318	41.3
236	68.2
135	-0.7
145
202	Nicholls St.	Slnd	4	2–2
2–2	101.0
298	104.3
103	.4078
202	48.5
280	48.4
81	20.8
342	18.2
89	35.2
52	28.4
155	30.0
245	29.6
113	50.9
211	55.0
246	30.6
278	27.2
41	48.9
42	46.2
313	67.7
161	-1.2
190
203	Oakland	Horz	4	2–2
2–2	111.7
134	115.5
268	.4033
203	55.5
75	55.0
260	15.4
160	15.7
185	33.9
79	32.6
267	34.2
175	26.1
55	56.1
84	52.7
192	36.3
131	38.9
295	33.8
271	39.4
198	67.3
179	-1.7
263
204	Abilene Christian	WAC	3	1–2
1–2	109.0
180	112.9
234	.4006
204	53.1
141	66.7
365	17.3
251	24.7
3	24.7
294	24.0
49	47.9
21	41.3
293	56.0
85	62.7
356	31.5
253	50.0
364	33.1
284	32.0
39	70.3
51	-1.3
203
205	Jacksonville St.	CUSA	4	1–3
1–3	112.5
125	116.6
282	.3985
205	54.4
102	58.5
328	12.7
49	17.2
117	24.6
298	23.3
37	34.2
175	39.8
270	47.5
294	58.1
310	43.7
16	39.4
304	38.2
200	44.5
293	67.3
179	-2.3
301
206	Morehead St.	OVC	4	4–0
4–0	109.8
167	113.8
249	.3975
206	53.2
140	47.8
73	15.7
178	14.5
241	37.2
29	29.8
193	38.8
105	27.2
74	56.3
80	51.0
144	30.9
271	27.4
45	31.1
306	32.0
39	64.6
304	+0.13
67
207	Cal St. Fullerton	BW	3	2–1
2–1	124.0
36	128.9
361	.3917
207	63.5
3	55.6
279	13.7
87	13.7
282	23.3
311	28.0
146	38.6
109	41.9
302	60.9
20	58.1
310	44.0
10	35.5
208	49.1
37	52.0
357	68.7
109	-0.7
142
208	Temple	Amer	4	0–4
0–4	111.1
148	115.4
265	.3916
208	49.3
263	55.0
260	11.7
25	14.4
246	27.5
232	31.3
238	37.1
139	39.0
258	52.2
184	55.1
250	28.1
325	36.6
242	29.0
339	32.6
47	63.9
325	-3.1
346
209	Brown	Ivy	3	1–2
1–2	106.9
211	111.2
202	.3899
209	54.8
88	55.8
282	21.0
345	19.6
47	29.8
172	38.5
350	33.5
191	42.7
309	58.9
41	54.5
233	30.9
271	37.9
271	32.9
287	53.0
362	68.3
131	-1.5
232
210	Western Michigan
   (H) 292 Ball St.	MAC	4	1–3
1–3	106.3
221	110.6
190	.3897
210	48.9
271	53.5
225	15.5
164	12.0
333	23.7
305	24.6
59	38.4
115	48.7
343	46.9
311	54.1
223	35.7
143	35.0
187	30.2
326	35.1
87	69.3
91	-2.2
296
211	FIU	CUSA	4	2–2
2–2	108.1
192	112.7
231	.3821
211	50.6
219	58.4
327	19.0
293	21.4
27	30.4
152	35.4
321	42.9
61	41.6
299	48.1
281	51.4
155	37.3
104	46.5
357	32.5
291	38.1
164	71.7
24	-1.0
186
212	Chattanooga	SC	4	3–1
3–1	118.1
71	123.3
339	.3779
212	63.0
5	52.0
178	12.3
34	9.4
363	26.5
257	29.6
183	24.7
318	41.7
300	65.9
2	52.1
178	40.0
53	34.6
175	49.4
35	52.8
359	69.9
72	-0.7
148
213	West Georgia	ASun	4	2–2
2–2	104.3
250	109.0
167	.3774
213	55.4
78	47.6
68	15.1
141	13.8
274	28.1
211	28.8
162	28.7
265	41.1
291	60.6
23	55.5
258	29.6
297	21.4
3	32.3
297	33.9
60	70.1
63	-1.7
249
214	Ohio
   (A) 178 Massachusetts	MAC	3	2–1
2–1	107.7
196	112.6
226	.3762
214	49.1
267	50.9
147	11.5
22	14.7
231	27.8
224	31.1
234	32.8
200	23.1
28	47.0
308	50.4
125	35.6
149	34.6
175	33.9
269	30.1
27	64.5
307	-0.8
162
215	Mercer	SC	4	2–2
2–2	120.7
56	126.4
355	.3710
215	63.0
5	55.9
285	14.9
131	12.7
319	27.2
241	32.8
273	52.9
9	34.3
191	61.5
17	55.8
264	43.8
14	37.5
264	35.1
251	33.9
60	67.3
179	-1.7
256
216	Cornell	Ivy	3	2–1
2–1	109.2
178	114.4
257	.3702
216	52.4
165	52.5
196	16.3
205	13.7
282	28.0
215	30.1
197	30.5
237	23.5
31	56.9
69	53.6
214	32.6
219	33.8
161	56.1
2	38.8
181	68.1
143	-0.7
139
217	Saint Peter's	MAAC	4	2–2
2–2	100.1
309	104.9
109	.3695
217	49.6
255	42.9
13	21.2
349	18.9
65	35.8
45	36.8
337	23.5
330	41.5
296	48.3
272	46.8
62	34.5
177	22.9
8	37.8
211	31.3
33	64.3
312	-1.5
222
218	George Mason
   (A) 52 VCU	A10	3	1–2
1–2	111.5
138	117.0
286	.3665
218	51.6
191	55.9
285	15.0
135	10.2
357	26.0
273	28.3
153	29.4
255	21.9
21	47.9
285	51.9
170	37.9
88	41.4
330	41.3
136	39.3
192	62.0
359	-1.3
202
219	Southeast Missouri St.	OVC	4	3–1
3–1	97.5
328	102.6
82	.3579
219	46.7
315	40.1
2	17.4
255	14.6
236	30.2
157	26.4
109	43.2
58	49.8
349	47.7
290	42.4
12	30.0
286	23.1
9	34.9
253	29.1
21	68.7
109	-0.7
152
220	Northwestern St.	Slnd	4	2–2
2–2	97.0
335	102.1
73	.3574
220	47.5
305	47.9
74	16.5
215	15.7
185	23.4
309	24.8
63	41.1
74	25.6
44	46.3
323	46.0
54	34.0
187	34.1
166	25.4
359	37.4
147	63.9
325	-1.4
215
221	Youngstown St.	Horz	4	2–2
2–2	102.1
284	107.6
147	.3557
221	54.6
95	52.6
200	16.2
199	15.5
199	21.5
336	26.8
115	38.4
115	23.9
36	56.0
85	55.1
250	35.1
163	33.0
147	42.9
117	44.1
286	69.4
87	-1.6
237
222	Winthrop	BSth	4	2–2
2–2	104.2
253	109.8
180	.3531
222	46.5
320	50.2
124	15.1
141	17.2
117	37.0
31	26.2
102	43.9
50	42.4
307	45.4
337	55.6
260	32.0
243	29.5
77	40.4
154	47.5
324	71.9
20	-1.4
212
223	Wright St.	Horz	4	3–1
3–1	109.6
171	115.5
267	.3526
223	54.7
92	54.1
240	18.6
285	13.9
268	34.9
58	26.2
102	34.0
182	34.6
200	51.5
192	58.9
325	42.2
29	30.1
89	27.2
352	35.5
100	68.4
124	-0.6
123
224	Fairfield	MAAC	4	3–1
3–1	100.3
306	105.7
122	.3524
224	49.4
259	49.6
106	18.6
285	17.5
110	34.8
60	27.1
118	32.5
206	25.7
46	49.4
252	53.5
211	32.9
212	29.0
70	29.9
330	39.2
188	68.2
135	-0.7
140
225	Rhode Island	A10	4	1–3
1–3	96.4
342	101.7
69	.3517
225	42.2
357	48.9
86	17.7
262	19.9
40	27.6
230	33.3
279	36.5
145	43.6
313	40.3
363	49.3
109	29.7
292	32.2
131	43.9
101	38.7
179	68.5
120	-2.0
294
Rk	Team	Conf	G	Rec	AdjOE	AdjDE	Barthag	Efg%	EfgD%	TOR	TORD	ORB	DRB	FTR	FTRD	2P%	2P%D	3P%	3P%D	3PR	3PRD	Adj T.	WAB
226	Massachusetts
   (H) 225 Ohio	MAC	4	0–4
0–4	107.5
202	113.4
244	.3493
226	52.3
171	52.8
205	18.1
273	13.1
308	31.4
129	25.4
79	27.9
281	45.7
328	51.4
195	50.0
114	35.9
141	37.8
269	38.3
194	42.2
249	66.8
203	-3.4
353
227	Merrimack	MAAC	4	3–1
3–1	113.6
111	119.9
318	.3491
227	50.9
212	53.5
225	11.6
24	20.1
39	25.2
283	34.5
307	41.9
68	35.8
212	49.5
250	50.4
125	34.8
171	38.8
291	51.6
16	40.1
219	61.5
360	-0.8
161
228	Furman	SC	4	2–2
2–2	105.8
230	111.8
218	.3456
228	51.6
191	52.4
190	15.3
153	11.3
346	32.1
117	26.5
110	37.1
139	29.3
110	57.3
61	52.7
192	28.9
310	34.7
178	40.7
149	43.5
274	64.7
296	-1.6
247
229	Missouri St.	CUSA	4	0–4
0–4	111.4
144	117.8
300	.3435
229	50.7
217	56.0
288	16.1
193	14.6
236	33.6
83	28.3
153	46.3
28	50.7
355	49.6
245	52.2
181	34.9
169	41.8
338	37.9
207	36.4
121	66.5
219	-3.2
349
230	Queens	ASun	4	3–1
3–1	115.7
91	122.5
334	.3414
230	57.8
41	53.1
210	11.7
25	14.6
236	23.4
309	32.6
267	54.8
7	38.3
249	63.1
11	55.8
264	34.0
187	32.2
131	44.3
95	35.8
107	70.4
48	-0.6
125
231	Richmond
   (H) 76 Dayton	A10	3	1–2
1–2	104.3
251	110.4
188	.3413
231	50.9
212	55.2
271	8.6
1	17.7
103	14.6
363	28.1
148	43.6
53	41.8
301	47.1
305	57.3
296	36.5
126	34.8
180	49.4
35	41.8
242	71.5
31	-1.4
214
232	Rice	Amer	3	1–2
1–2	104.8
242	111.0
201	.3401
232	53.1
141	52.1
183	20.7
336	15.2
208	24.2
301	30.0
195	35.2
157	46.3
331	50.6
221	53.3
205	37.2
107	33.8
161	49.1
37	45.1
302	67.5
170	-1.3
196
233	Sacred Heart	MAAC	3	1–2
1–2	104.7
243	111.0
200	.3388
233	48.3
288	48.5
83	16.3
205	11.4
344	28.3
204	28.8
162	26.1
302	17.7
5	47.2
302	46.6
60	33.0
208	33.7
155	50.6
25	48.0
328	67.9
151	-1.7
248
234	Troy	SB	4	3–1
3–1	108.5
189	115.0
260	.3387
234	50.4
227	47.2
64	15.3
153	12.1
332	39.8
15	30.1
197	38.1
120	29.1
106	57.7
54	53.8
216	29.4
299	25.5
21	53.4
8	42.6
255	62.4
353	-0.7
143
235	Purdue Fort Wayne
   (A) 176 Green Bay	Horz	4	2–2
2–2	106.3
223	112.7
229	.3385
235	54.1
107	57.5
312	15.6
174	17.7
103	26.3
263	29.6
183	43.3
57	26.0
51	54.0
137	55.0
246	36.2
134	40.2
313	45.5
80	47.6
325	69.5
81	-1.5
230
236	Samford	SC	4	3–1
3–1	107.6
198	114.0
255	.3382
236	58.9
28	52.7
202	15.0
135	13.2
300	26.1
269	21.0
20	30.0
245	29.0
105	55.0
114	50.7
130	42.5
24	37.1
255	44.7
91	40.2
225	70.4
48	-0.7
148
237	Georgia Southern	SB	4	1–3
1–3	106.9
212	113.4
242	.3367
237	49.6
255	54.1
240	12.4
38	18.5
82	25.3
282	28.9
169	29.4
255	48.4
341	50.0
234	53.8
216	32.8
216	36.5
239	51.6
16	39.2
188	71.7
24	-2.3
307
238	Kent St.
   (A) 337 Northern Illinois	MAC	3	2–1
2–1	109.6
172	116.4
279	.3332
238	52.7
157	57.9
318	17.6
258	19.1
58	31.1
134	29.6
183	47.3
24	46.3
331	47.6
292	54.3
228	38.6
79	41.7
336	49.7
32	43.9
282	68.7
109	-0.46
110
239	Drake	MVC	3	0–3
0–3	103.4
263	109.9
182	.3317
239	46.6
318	50.8
145	20.3
331	14.7
231	32.4
111	28.6
159	21.3
350	25.7
46	50.0
234	43.0
16	28.6
318	40.5
317	48.3
48	44.1
286	67.6
166	-2.4
310
240	Loyola Chicago	A10	3	1–2
1–2	95.3
345	101.6
68	.3247
240	49.0
269	44.6
31	20.5
335	13.2
300	18.8
349	21.5
24	44.6
44	46.4
333	51.3
202	45.6
42	30.9
271	28.9
69	45.9
76	45.8
309	69.2
94	-1.3
201
241	Old Dominion
   vs. 349 Louisiana Monroe	SB	3	1–2
1–2	108.8
183	115.9
273	.3246
241	51.9
184	55.7
281	17.6
258	17.2
117	29.0
189	34.7
313	42.5
64	40.0
274	52.3
177	60.8
342	34.0
187	30.0
87	29.3
335	32.4
44	74.3
6	-1.6
243
242	Murray St.	MVC	3	1–2
1–2	111.5
139	118.8
309	.3244
242	50.0
238	60.0
349	13.2
62	18.6
77	30.2
157	30.3
209	37.5
137	31.2
148	45.7
331	60.0
338	36.6
123	40.0
309	46.6
67	38.2
167	68.5
120	-1.3
198
243	Idaho St.	BSky	4	2–2
2–2	106.1
227	113.1
237	.3234
243	50.4
227	55.5
277	15.5
164	14.4
246	30.4
152	20.3
15	29.5
252	41.9
302	54.0
137	54.8
242	29.8
290	37.8
269	38.5
187	37.8
155	68.1
143	-1.6
246
244	Columbia	Ivy	3	1–2
1–2	95.1
347	101.6
67	.3191
244	47.5
305	47.7
70	19.9
321	20.4
34	37.0
31	22.8
35	17.5
361	37.6
233	47.8
288	54.9
243	31.4
257	24.1
12	38.3
194	38.9
183	65.7
255	-1.8
268
245	Marshall	SB	4	2–2
2–2	121.9
48	130.2
362	.3183
245	58.4
34	54.7
254	12.6
44	12.6
322	27.3
237	36.3
331	28.7
265	48.0
340	61.4
18	54.3
228	35.5
153	36.8
247	37.1
220	38.6
174	71.4
32	-1.5
233
246	Bowling Green	MAC	4	1–3
1–3	104.4
249	111.6
214	.3183
246	50.2
235	53.4
220	14.4
112	14.0
265	25.2
283	22.1
27	44.8
42	49.8
349	48.6
269	50.0
114	35.2
159	38.7
290	37.9
207	41.7
241	68.9
103	-2.3
306
247	Prairie View A&M	SWAC	4	3–1
3–1	101.6
290	108.6
162	.3175
247	49.0
269	46.5
56	17.1
245	18.2
89	39.3
17	23.9
45	38.8
105	32.9
173	48.2
276	47.3
71	33.8
190	30.0
87	30.6
321	35.1
87	66.9
199	-0.9
169
248	Tulane	Amer	4	2–2
2–2	105.7
233	113.0
235	.3170
248	50.5
226	52.9
208	19.0
293	15.0
212	24.8
290	34.5
307	47.6
23	36.8
226	50.5
224	49.7
113	33.7
193	38.4
283	49.0
40	40.9
230	68.3
131	-0.8
165
249	Liberty	CUSA	4	2–2
2–2	114.0
106	121.9
329	.3166
249	62.0
10	57.3
310	17.1
245	16.0
165	9.7
365	34.6
311	46.9
26	30.8
140	63.0
12	50.0
114	40.6
46	48.7
362	49.0
40	31.7
35	64.6
304	-1.4
209
250	Tarleton St.	WAC	4	1–3
1–3	109.8
165	117.5
296	.3143
250	48.4
285	52.2
187	16.8
231	16.4
149	37.2
29	37.6
342	29.0
261	46.4
333	46.4
321	48.9
99	37.3
104	38.2
277	20.8
365	39.7
214	66.7
212	-2.1
295
Rk	Team	Conf	G	Rec	AdjOE	AdjDE	Barthag	Efg%	EfgD%	TOR	TORD	ORB	DRB	FTR	FTRD	2P%	2P%D	3P%	3P%D	3PR	3PRD	Adj T.	WAB
251	Albany
   (A) 267 Vermont	AE	4	2–2
2–2	111.2
146	119.1
311	.3125
251	58.5
33	49.5
103	20.7
336	14.2
258	38.7
20	30.7
224	20.7
354	29.7
116	57.7
54	50.0
114	40.0
53	32.6
141	34.6
256	41.4
238	62.4
353	-1.7
265
252	South Dakota St.	Sum	4	2–2
2–2	107.6
197	115.2
264	.3123
252	53.0
148	52.5
196	15.5
164	9.1
365	33.3
86	13.4
2	28.3
272	38.2
246	47.6
292	53.2
201	41.1
40	34.4
171	38.0
204	43.6
278	65.2
274	-1.7
259
253	Siena	MAAC	4	2–2
2–2	103.5
259	110.9
198	.3118
253	47.6
303	49.1
93	15.3
153	16.5
144	26.0
273	30.1
197	45.5
33	28.1
87	50.7
218	47.6
79	27.0
337	34.6
175	30.1
328	35.5
100	65.4
268	-1.6
242
254	Towson
   (A) 216 Stony Brook	CAA	3	2–1
2–1	98.5
322	105.7
121	.3076
254	43.3
352	44.3
23	11.2
19	10.7
351	29.1
186	31.5
241	32.7
201	31.4
152	44.5
345	44.4
29	26.9
339	29.3
74	30.4
323	33.1
50	62.9
351	-0.7
138
255	South Dakota	Sum	4	2–2
2–2	100.2
307	107.7
151	.3037
255	51.2
205	47.7
70	14.3
107	13.5
291	14.8
362	30.6
218	59.8
3	36.9
227	55.7
95	44.6
30	28.8
314	37.5
264	35.8
239	26.6
9	70.1
63	-1.7
253
256	Montana	BSky	5	2–3
2–3	101.1
297	108.8
164	.3002
256	53.3
137	52.7
202	18.2
276	14.8
224	16.4
357	27.8
140	33.3
194	26.0
51	53.3
150	54.5
233	35.6
149	33.3
151	43.7
106	39.4
198	69.6
77	-2.3
303
257	Marist	MAAC	3	2–1
2–1	97.3
331	104.8
106	.2998
257	47.9
294	49.1
93	12.8
52	19.9
40	29.5
178	32.3
262	18.1
359	34.0
187	47.0
308	52.0
174	32.9
212	29.7
80	38.8
182	39.5
206	65.3
270	-0.9
167
258	USC Upstate	BSth	4	2–2
2–2	97.4
329	105.0
113	.2967
258	46.5
320	51.3
153	16.7
221	17.1
122	30.6
145	25.9
91	21.5
349	31.3
150	52.9
162	47.5
76	23.6
357	38.6
287	36.2
236	37.1
134	66.2
232	-1.6
244
259	American	Pat	4	2–2
2–2	104.5
247	112.8
232	.2943
259	50.0
238	54.7
254	10.2
7	18.5
82	26.6
254	20.0
13	36.1
147	37.8
237	48.2
276	61.6
349	34.5
177	27.9
54	49.8
31	35.2
90	65.0
284	-1.8
282
260	Eastern Kentucky	ASun	4	2–2
2–2	113.3
115	122.4
332	.2923
260	55.4
78	59.6
345	15.7
178	12.9
313	32.6
105	28.8
162	36.1
147	37.7
235	48.7
268	62.3
353	41.1
40	37.6
267	51.5
19	45.6
307	66.9
199	-1.8
272
261	Lipscomb	ASun	4	3–1
3–1	104.1
255	112.5
225	.2914
261	57.6
45	51.2
152	13.7
87	14.5
241	26.5
257	29.7
188	20.3
355	21.6
18	62.7
14	53.9
221	35.4
156	31.2
106	53.6
7	38.0
160	66.6
216	-0.7
144
262	Southern
   (A) 306 Alabama St.	SWAC	3	1–2
1–2	109.0
181	117.8
299	.2910
262	54.0
111	52.1
183	16.0
189	19.6
47	24.7
294	36.3
331	39.8
91	47.1
337	48.3
272	56.6
281	43.3
17	27.1
37	34.1
265	28.2
15	72.3
16	-1.9
289
263	Austin Peay	ASun	4	2–2
2–2	107.1
207	115.8
271	.2904
263	51.9
184	56.4
296	14.9
131	14.9
217	31.9
120	27.7
133	42.4
65	47.1
337	51.5
192	58.9
325	35.0
164	34.9
182	32.9
287	37.9
157	73.1
10	-1.7
252
264	Utah Tech	WAC	4	2–2
2–2	109.3
177	118.4
305	.2843
264	54.9
86	50.6
139	17.2
250	13.4
295	21.8
330	33.6
286	27.7
283	28.0
84	54.5
121	54.7
240	37.0
112	28.6
64	43.2
111	34.6
80	65.0
284	-1.5
220
265	Stonehill	NEC	4	2–2
2–2	100.0
310	108.4
159	.2839
265	50.4
227	45.4
39	12.6
44	14.4
246	26.2
265	27.8
140	31.7
219	32.9
173	49.7
243	45.7
46	34.4
179	29.9
85	38.6
183	30.6
31	69.9
72	-1.9
288
266	Texas St.	SB	3	2–1
2–1	103.5
261	112.2
223	.2820
266	48.8
274	53.2
218	17.6
258	18.6
77	32.7
100	30.2
205	41.0
77	38.2
246	48.3
272	52.1
178	33.3
199	36.5
239	28.0
348	40.1
219	65.6
260	-0.6
130
267	LIU	NEC	4	3–1
3–1	107.4
205	116.6
283	.2805
267	60.7
17	53.4
220	18.6
285	21.5
23	28.3
204	35.1
317	40.2
87	26.1
55	60.7
22	51.6
160	40.6
46	38.0
274	29.9
330	33.8
58	70.1
63	-0.8
166
268	Radford	BSth	4	2–2
2–2	102.8
273	111.7
216	.2773
268	51.3
200	50.2
124	17.4
255	18.9
65	27.3
237	32.9
277	44.2
46	28.9
99	47.2
302	51.2
150	37.6
93	31.9
126	45.1
86	29.8
25	68.0
148	-1.7
264
269	Buffalo
   (H) 230 Eastern Michigan	MAC	4	1–3
1–3	108.1
191	117.7
298	.2747
269	52.4
165	59.7
347	15.2
146	22.3
13	25.4
279	35.3
320	38.0
124	37.6
233	50.8
213	57.6
305	36.3
131	41.7
336	43.6
107	43.4
272	67.2
184	-2.2
298
270	New Haven	NEC	5	3–2
3–2	101.3
295	110.2
185	.2736
270	52.3
171	49.4
100	12.7
49	15.9
170	17.3
353	20.9
19	37.0
142	27.6
79	54.4
127	53.1
199	33.0
208	29.2
72	43.9
101	39.6
209	64.7
296	-1.8
284
271	Tennessee Tech	OVC	4	2–2
2–2	97.3
332	106.1
129	.2697
271	42.3
355	46.5
56	16.8
231	12.7
319	24.4
300	21.1
21	45.0
39	21.7
19	46.5
319	49.0
105	23.8
356	28.1
58	38.3
194	37.1
134	66.9
199	-1.7
250
272	North Carolina A&T
   (A) 195 Campbell	CAA	4	1–3
1–3	113.4
113	123.6
343	.2695
272	60.2
23	53.8
235	18.5
282	9.2
364	29.1
186	32.7
271	31.4
224	29.2
109	65.7
3	54.4
232	33.8
190	35.4
201	36.4
231	43.5
274	67.0
193	-2.4
308
273	Sacramento St.	BSky	5	1–4
1–4	107.5
203	117.4
294	.2648
273	50.0
238	57.7
315	9.9
5	18.6
77	19.7
343	35.1
317	41.1
74	35.9
215	50.5
224	58.6
318	32.6
219	37.9
271	32.0
300	51.3
355	71.3
34	-3.3
351
274	Louisiana
   vs. 309 Georgia St.	SB	4	1–3
1–3	99.0
319	108.2
153	.2637
274	43.5
351	53.1
210	13.4
71	20.7
32	26.1
269	38.4
349	25.7
308	44.3
318	39.4
364	57.4
302	34.1
184	30.3
94	34.6
256	35.8
107	63.6
330	-2.3
305
275	Georgia Tech	ACC	3	0–3
0–3	102.5
279	112.1
222	.2635
275	44.9
345	56.3
294	19.3
305	19.3
54	30.2
157	41.5
360	26.7
294	30.9
141	48.2
276	56.7
284	26.7
343	37.2
259	40.1
159	49.2
341	71.1
37	-1.4
205
Rk	Team	Conf	G	Rec	AdjOE	AdjDE	Barthag	Efg%	EfgD%	TOR	TORD	ORB	DRB	FTR	FTRD	2P%	2P%D	3P%	3P%D	3PR	3PRD	Adj T.	WAB
276	Delaware	CUSA	4	0–4
0–4	114.5
102	125.5
354	.2578
276	55.3
81	56.4
296	15.7
178	13.1
308	16.7
355	33.9
296	50.3
15	43.8
314	54.4
127	57.1
294	37.5
94	37.0
253	48.2
49	44.2
290	62.7
352	-3.2
350
277	Texas Southern	SWAC	4	3–1
3–1	102.2
282	112.1
221	.2577
277	55.4
78	44.3
23	16.7
221	16.7
138	31.0
138	30.5
217	32.2
213	37.4
230	58.0
51	47.9
83	32.9
212	26.4
29	30.2
326	43.1
265	68.4
124	-0.9
169
278	Portland	WCC	4	1–3
1–3	107.9
194	118.4
306	.2557
278	53.9
113	58.8
334	21.8
356	16.0
165	23.7
305	30.9
230	38.0
124	26.4
63	57.5
58	53.2
201	32.1
240	43.4
348	38.0
204	47.3
322	67.6
166	-1.7
255
279	Denver	Sum	3	2–1
2–1	116.9
78	128.4
360	.2534
279	53.8
116	59.7
347	9.3
2	16.1
159	26.6
254	31.8
249	37.9
127	60.6
364	50.5
224	62.2
352	39.4
66	36.8
247	39.0
177	36.8
130	67.1
191	-0.7
150
280	Presbyterian	BSth	4	1–3
1–3	103.6
257	113.8
250	.2534
280	51.7
188	52.4
190	16.7
221	16.7
138	28.2
207	29.3
178	46.0
30	37.9
240	53.1
155	51.3
152	31.4
257	36.4
236	24.2
362	33.9
60	65.9
244	-2.5
311
281	Stony Brook
   (H) 202 Towson	CAA	3	1–2
1–2	100.9
300	110.9
196	.2532
281	49.7
253	53.9
238	19.0
293	19.4
53	26.2
265	28.0
146	27.7
283	33.7
183	53.0
158	50.0
114	31.1
265	38.8
291	52.0
14	48.2
333	70.2
56	-1.4
206
282	New Mexico St.	CUSA	3	1–2
1–2	105.7
235	116.2
276	.2505
282	44.8
346	55.0
260	11.8
27	14.1
261	30.2
157	24.2
51	28.4
270	41.5
296	50.0
234	56.7
284	24.7
350	35.1
190	40.3
155	43.3
268	68.5
120	-1.4
217
283	San Diego	WCC	3	0–3
0–3	111.8
132	123.0
337	.2497
283	56.7
54	61.2
356	17.0
240	14.6
236	22.0
327	25.0
67	15.1
365	40.0
274	51.6
190	61.4
348	41.7
36	40.6
320	46.9
64	38.8
181	66.2
232	-2.5
313
284	Lehigh	Pat	4	3–1
3–1	106.9
214	117.6
297	.2489
284	54.8
88	53.1
210	17.9
266	13.2
300	26.5
257	30.3
209	33.7
187	19.9
10	54.5
121	53.3
205	36.8
115	35.2
195	36.5
230	37.8
155	66.1
239	-0.5
120
285	SIU Edwardsville	OVC	4	2–2
2–2	91.4
355	100.6
56	.2484
285	50.4
227	44.4
27	17.8
265	17.8
102	22.7
318	27.5
130	15.4
363	35.0
203	55.1
110	47.8
80	28.9
310	25.6
22	39.5
168	36.4
121	64.7
296	-1.8
275
286	Eastern Michigan
   (A) 217 Buffalo	MAC	3	1–2
1–2	94.3
349	104.3
102	.2406
286	47.7
298	51.1
150	20.1
325	12.9
313	26.9
251	26.1
98	32.2
213	33.7
183	47.5
294	60.3
340	32.1
240	21.7
4	31.0
312	33.1
50	68.6
113	-1.5
223
287	North Dakota	Sum	3	1–2
1–2	108.7
185	120.3
321	.2376
287	49.4
259	57.8
317	15.3
153	16.7
138	25.2
283	30.3
209	37.0
142	34.6
200	48.9
260	49.0
105	33.3
199	45.7
355	51.4
21	45.3
305	71.7
24	-1.5
228
288	Little Rock	OVC	4	2–2
2–2	107.9
195	119.6
316	.2349
288	53.1
141	44.7
33	14.6
122	15.0
212	29.5
178	42.9
363	30.8
233	30.4
132	50.0
234	49.0
105	39.7
60	25.0
17	32.2
298	37.9
157	65.5
265	-1.9
286
289	Bellarmine	ASun	4	1–3
1–3	119.3
65	132.4
364	.2328
289	62.3
8	60.6
354	13.7
87	16.3
151	27.9
222	32.8
273	38.6
109	41.9
302	65.7
3	54.2
226	37.5
94	44.3
352	36.4
231	51.8
356	66.8
203	-2.8
332
290	Canisius	MAAC	4	2–2
2–2	96.9
339	107.6
148	.2302
290	46.6
318	44.9
34	20.2
326	12.4
325	27.0
246	27.9
144	33.5
191	38.1
243	46.5
319	47.9
83	31.2
263	26.7
31	37.4
215	38.1
164	65.0
284	-1.7
261
291	UMass Lowell
   (A) 348 Maine	AE	4	2–2
2–2	104.2
252	116.2
277	.2224
291	50.4
227	52.1
183	10.9
12	12.4
325	29.9
167	23.7
42	32.5
206	19.8
9	53.2
153	54.5
233	29.2
306	31.2
106	29.6
333	31.8
38	67.9
151	-1.8
281
292	UTSA	Amer	4	0–4
0–4	101.3
294	112.9
233	.2222
292	47.3
311	51.4
158	16.6
220	14.5
241	27.6
230	38.0
347	25.1
316	34.0
187	44.1
350	52.6
188	35.2
159	33.0
147	37.4
215	38.3
169	68.4
124	-3.1
347
293	UNC Greensboro	SC	4	1–3
1–3	107.5
199	120.1
320	.2190
293	54.5
97	61.5
357	15.0
135	16.0
165	22.6
319	24.4
55	34.9
164	26.7
66	51.0
207	58.7
320	40.0
53	42.9
346	38.3
194	49.6
345	72.0
19	-2.5
315
294	Nebraska Omaha	Sum	3	1–2
1–2	99.6
314	111.3
208	.2183
294	48.8
274	56.5
299	14.7
125	14.2
258	24.1
302	17.9
6	30.1
244	31.2
148	46.7
313	59.3
329	34.8
171	35.7
214	38.2
200	49.4
344	66.7
212	-1.5
229
295	Dartmouth	Ivy	3	1–2
1–2	99.6
313	111.4
212	.2167
295	45.1
339	51.1
150	12.9
54	14.4
246	17.1
354	31.5
241	42.0
66	39.7
268	47.4
298	44.6
30	28.6
318	41.9
339	51.9
15	35.6
105	68.0
148	-1.5
219
296	Houston Christian	Slnd	4	2–2
2–2	97.7
326	109.4
172	.2140
296	47.5
305	48.9
86	19.1
296	17.5
110	30.7
144	33.8
294	29.7
250	27.6
79	53.7
144	51.4
155	22.9
361	29.8
82	32.0
300	36.8
130	65.5
265	-1.6
240
297	Mercyhurst	NEC	4	2–2
2–2	107.4
204	120.8
323	.2068
297	50.0
238	53.1
210	10.4
9	17.3
115	28.0
215	28.6
159	33.6
190	46.7
335	50.8
213	52.8
195	31.9
244	35.9
220	27.8
349	28.2
15	69.2
94	-1.8
280
298	Florida Gulf Coast	ASun	4	2–2
2–2	102.4
280	115.2
262	.2047
298	48.0
292	56.3
294	10.9
12	16.8
133	28.1
211	25.8
88	30.4
239	37.7
235	54.4
127	56.9
289	24.4
353	37.0
253	36.0
238	44.8
297	67.0
193	-1.8
269
299	Air Force
   (H) 55 Grand Canyon	MWC	4	0–4
0–4	103.1
267	116.1
275	.2041
299	50.9
212	58.6
331	19.2
300	11.4
344	24.8
290	31.1
234	32.3
211	29.5
111	51.5
192	53.8
216	33.3
199	43.6
349	41.7
131	41.4
238	67.4
175	-2.8
341
300	Long Beach St.	BW	4	1–3
1–3	103.0
268	116.4
278	.1978
300	51.4
199	54.2
243	18.0
269	16.0
165	27.2
241	28.5
158	29.1
260	46.0
330	49.4
252	55.2
254	36.8
115	34.3
170	34.7
255	28.0
14	70.8
43	-2.6
316
Rk	Team	Conf	G	Rec	AdjOE	AdjDE	Barthag	Efg%	EfgD%	TOR	TORD	ORB	DRB	FTR	FTRD	2P%	2P%D	3P%	3P%D	3PR	3PRD	Adj T.	WAB
301	Southeastern Louisiana	Slnd	4	1–3
1–3	106.2
225	120.1
319	.1948
301	50.0
238	58.2
322	15.3
153	18.6
77	29.6
175	32.8
273	43.8
52	37.3
228	55.6
96	56.7
284	27.4
334	40.5
317	38.4
190	35.9
111	66.6
216	-2.5
312
302	Lafayette
   (H) 336 Holy Cross	Pat	4	3–1
3–1	106.6
216	120.8
324	.1921
302	54.5
97	57.6
313	13.2
62	13.9
268	24.6
298	20.4
16	35.9
150	26.9
67	58.4
46	55.5
258	31.1
265	40.7
322	33.2
280	38.6
174	67.2
184	-0.8
158
303	Memphis	Amer	4	0–4
0–4	102.6
277	116.4
280	.1897
303	46.2
327	50.0
118	16.4
211	15.7
185	29.4
180	42.0
361	28.2
276	45.6
327	45.6
332	50.9
142	31.9
244	32.2
131	28.6
344	35.1
87	70.3
51	-3.0
345
304	Maine
   (H) 321 UMass Lowell	AE	3	2–1
2–1	96.3
344	109.5
173	.1858
304	56.3
60	53.6
230	14.7
125	21.5
23	10.5
364	25.3
72	38.2
117	28.6
92	56.5
76	59.3
329	37.3
104	31.5
114	41.0
141	47.4
323	64.9
290	-0.9
168
305	Alabama A&M
   (H) 298 Grambling St.	SWAC	3	1–2
1–2	112.4
126	128.1
359	.1819
305	55.6
72	59.4
343	15.7
178	16.2
155	28.4
202	29.7
188	39.5
94	27.6
79	55.3
107	58.4
317	37.5
94	40.6
320	29.6
333	40.6
229	64.7
296	-1.7
260
306	Stetson	ASun	4	2–2
2–2	109.3
176	124.6
349	.1818
306	63.1
4	51.9
174	19.6
314	13.2
300	28.9
192	33.3
279	28.6
267	34.3
191	58.1
50	50.7
130	46.0
4	35.9
220	46.1
74	39.0
185	66.4
224	-1.8
270
307	Northeastern
   (H) 180 Monmouth	CAA	4	0–4
0–4	100.5
303	114.5
258	.1816
307	47.7
298	56.9
307	16.2
199	11.9
335	24.0
303	10.8
1	23.0
334	52.9
357	51.0
207	63.0
357	28.3
323	31.2
106	37.9
207	37.7
149	69.6
77	-3.4
354
308	East Texas A&M	Slnd	4	0–4
0–4	108.0
193	123.4
341	.1771
308	52.6
160	55.2
271	15.4
160	17.1
122	31.0
138	39.5
356	30.2
242	29.7
116	55.4
103	54.5
233	33.0
208	37.5
264	47.9
51	39.6
209	63.3
339	-3.4
356
309	Lindenwood	OVC	4	1–3
1–3	99.0
318	113.2
238	.1765
309	49.8
250	49.1
93	17.9
266	16.8
133	32.2
115	29.8
193	24.5
323	43.9
315	47.9
285	45.2
38	35.7
143	38.4
283	33.2
280	31.7
35	71.3
34	-2.8
331
310	Quinnipiac	MAAC	3	1–2
1–2	103.9
256	119.2
313	.1709
310	46.5
320	51.4
158	11.3
20	13.8
274	35.0
54	31.0
232	44.0
49	28.0
84	49.1
256	56.7
284	27.9
329	27.4
45	37.0
221	34.1
66	68.3
131	-1.9
287
311	Vermont
   (H) 318 Albany	AE	3	2–1
2–1	96.6
340	111.3
211	.1632
311	47.4
309	45.6
45	12.8
52	11.7
339	23.2
312	26.1
98	26.9
293	37.4
230	49.5
250	42.5
13	29.7
292	34.5
174	42.3
125	33.9
60	65.0
284	-0.7
146
312	Binghamton	AE	4	3–1
3–1	110.5
159	127.4
357	.1624
312	63.8
2	52.4
190	16.9
237	13.8
274	16.5
356	31.7
246	30.7
235	32.2
164	62.0
15	50.8
137	45.6
5	36.2
230	28.6
344	46.3
315	64.3
312	-0.9
173
313	IU Indy	Horz	4	0–4
0–3	102.8
274	119.1
312	.1549
313	55.7
71	60.1
351	16.5
215	16.2
155	25.0
286	30.7
224	20.3
355	40.9
287	56.5
76	59.3
329	36.3
131	41.5
333	39.8
164	27.4
12	72.9
14	-3.5
359
314	Wofford	SC	4	2–2
2–2	106.4
219	123.4
340	.1544
314	54.7
92	56.1
291	13.5
78	16.1
159	29.0
189	24.2
51	33.1
198	39.4
264	59.0
37	57.3
296	33.6
197	35.9
220	50.4
28	35.3
93	67.9
151	-1.7
257
315	Evansville	MVC	5	1–4
1–4	105.3
238	122.1
330	.1542
315	51.1
207	60.2
352	16.7
221	13.1
308	15.0
361	29.7
188	22.5
342	27.2
74	53.4
146	49.0
105	32.3
239	48.3
361	47.1
58	48.0
328	66.5
219	-2.8
339
316	Georgia St.
   vs. 285 Louisiana	SB	4	1–3
1–3	97.2
333	112.7
228	.1541
316	42.3
355	49.8
112	12.3
34	13.8
274	27.0
246	30.9
230	37.3
138	34.0
187	43.1
354	55.9
267	27.0
337	27.1
37	30.7
318	39.8
217	68.4
124	-2.8
335
317	Colgate	Pat	3	1–2
1–2	106.9
210	124.1
346	.1528
317	52.2
175	52.0
178	13.4
71	10.6
353	21.8
330	29.4
180	34.1
178	31.8
161	51.4
195	50.9
142	35.7
143	35.6
210	39.1
175	43.3
268	69.5
81	-1.7
254
318	Morgan St.	MEAC	4	3–1
3–1	104.5
246	121.5
326	.1511
318	50.4
227	46.0
51	16.3
205	13.6
287	29.3
182	39.0
353	48.9
17	39.3
261	44.9
340	48.8
98	38.9
75	24.6
15	41.1
140	23.9
4	73.0
11	-0.9
172
319	North Alabama	ASun	4	1–3
1–3	97.9
325	113.8
251	.1496
319	45.8
331	59.0
337	18.3
278	16.3
151	36.1
44	25.7
86	38.2
117	34.5
198	47.8
288	62.4
354	27.3
335	35.8
218	29.3
335	39.3
192	63.6
330	-2.7
322
320	Niagara	MAAC	4	1–3
1–3	101.1
296	118.0
303	.1448
320	52.2
175	52.2
187	22.3
357	16.7
138	28.0
215	34.4
302	33.8
185	31.1
146	55.6
96	53.3
205	31.3
260	33.3
151	40.1
159	34.2
69	64.8
295	-2.7
326
321	Alabama St.
   (H) 252 Southern	SWAC	3	1–2
1–2	106.3
222	124.1
347	.1444
321	50.8
215	59.2
340	11.5
22	14.9
217	21.9
328	26.9
117	35.0
161	50.3
353	50.0
234	59.6
333	34.8
171	39.0
297	36.7
227	36.2
117	69.5
81	-1.7
251
322	Norfolk St.	MEAC	3	2–1
2–1	105.5
236	123.3
338	.1437
322	52.4
165	50.6
139	13.6
82	19.3
54	34.7
63	32.7
271	41.3
72	49.1
346	50.8
213	47.9
83	37.5
94	36.2
230	30.4
323	41.8
242	69.0
100	-0.9
177
323	Central Connecticut	NEC	4	3–1
3–1	99.5
315	116.5
281	.1393
323	51.5
196	51.3
153	16.9
237	13.9
268	26.2
265	25.9
91	24.1
327	26.0
51	54.4
127	53.5
211	30.9
271	31.3
110	35.5
244	34.0
65	66.5
219	-0.9
175
324	Le Moyne	NEC	4	1–3
1–3	97.0
334	114.0
254	.1353
324	52.1
178	48.1
78	16.8
231	13.5
291	18.4
352	22.1
27	34.4
172	32.2
164	55.1
110	48.9
99	31.8
246	31.3
110	40.9
144	41.2
234	71.3
34	-2.8
337
325	UTEP	CUSA	3	0–3
0–3	100.8
301	118.6
308	.1344
325	49.4
259	54.8
257	17.1
245	13.6
287	21.8
330	31.3
238	38.1
120	32.0
163	48.8
265	55.6
260	33.3
199	35.7
214	48.4
46	39.3
192	66.2
232	-2.3
302
Rk	Team	Conf	G	Rec	AdjOE	AdjDE	Barthag	Efg%	EfgD%	TOR	TORD	ORB	DRB	FTR	FTRD	2P%	2P%D	3P%	3P%D	3PR	3PRD	Adj T.	WAB
326	Cleveland St.	Horz	5	1–4
0–4	107.3
206	126.9
356	.1263
326	56.6
55	63.7
362	16.4
211	17.0
128	22.8
317	27.7
133	27.3
288	40.9
287	57.8
53	61.7
350	36.9
113	44.2
351	51.6
16	44.3
292	71.7
24	-3.4
355
327	Cal St. Bakersfield	BW	4	0–4
0–4	103.1
266	122.5
335	.1215
327	45.8
331	61.5
357	15.2
146	17.6
108	21.8
330	27.1
118	55.8
5	42.6
308	50.3
229	53.2
201	23.1
360	49.5
363	28.8
341	39.6
209	72.1
18	-3.5
357
328	UNC Asheville	BSth	4	2–2
2–2	99.1
317	117.9
301	.1199
328	48.5
280	55.1
266	16.0
189	15.3
205	33.3
86	29.2
175	35.6
153	40.0
274	50.6
221	52.3
184	29.3
301	39.2
303	32.2
298	43.1
265	62.2
356	-1.5
224
329	Army
   (A) 330 Bucknell	Pat	4	1–3
1–3	103.2
264	122.9
336	.1188
329	52.7
157	54.5
249	18.0
269	16.9
132	28.2
207	27.1
118	24.6
322	52.9
357	59.6
32	55.0
246	31.6
249	35.8
218	56.7
1	38.6
174	70.0
68	-2.8
329
330	Loyola MD	Pat	4	1–3
1–3	102.8
276	122.3
331	.1188
330	47.7
298	53.8
235	11.1
17	13.2
300	26.8
253	27.1
118	27.3
288	38.6
254	49.6
245	56.9
289	30.3
281	32.6
141	45.8
78	39.0
185	68.9
103	-2.7
323
331	Hampton
   (A) 140 William & Mary	CAA	4	1–3
1–3	98.6
321	117.4
292	.1186
331	45.4
336	55.6
279	15.5
164	14.8
224	27.3
237	30.1
197	31.4
224	38.1
243	46.1
327	59.1
327	29.5
298	32.4
137	38.4
190	33.2
53	66.3
226	-2.3
304
332	North Florida	ASun	4	1–3
1–3	97.0
336	115.5
266	.1180
332	47.1
313	49.6
106	16.8
231	15.0
212	26.6
254	37.0
338	41.9
68	27.8
83	51.7
188	50.3
124	28.0
327	32.3
135	47.1
58	37.1
134	70.6
46	-2.8
330
333	Louisiana Monroe
   vs. 234 Old Dominion	SB	4	0–4
0–4	103.6
258	123.7
344	.1147
333	46.3
326	60.0
349	12.6
44	15.1
211	27.3
237	32.8
273	37.8
130	38.3
249	51.4
195	64.9
363	26.2
346	37.1
255	42.7
121	52.8
359	70.0
68	-3.4
352
334	Southern Indiana	OVC	4	2–2
2–2	101.7
288	121.6
327	.1134
334	44.5
347	52.4
190	14.3
107	14.7
231	39.2
18	32.6
267	39.1
102	29.1
106	44.2
347	45.8
49	30.1
285	46.8
358	30.7
318	27.0
10	66.2
232	-1.8
274
335	Bucknell
   (H) 341 Army	Pat	4	1–3
1–3	98.4
323	118.1
304	.1094
335	50.4
227	56.0
288	19.2
300	17.7
103	29.4
180	26.0
94	24.5
323	35.8
212	52.7
171	54.1
223	30.9
271	38.5
285	35.4
245	50.0
348	68.6
113	-2.8
338
336	Chicago St.	NEC	4	1–3
1–3	93.6
352	112.6
227	.1063
336	45.6
333	50.2
124	12.9
54	22.1
17	25.5
277	36.2
329	23.7
328	35.9
215	45.6
332	45.6
42	30.4
280	38.3
280	34.6
256	39.3
192	63.8
329	-2.7
328
337	Bryant
   (A) 347 New Hampshire	AE	3	1–2
1–2	97.0
337	116.9
285	.1042
337	47.6
303	50.0
118	19.1
296	17.0
128	31.4
129	30.6
218	28.3
272	40.7
285	48.8
265	51.4
155	31.0
268	31.1
104	50.6
25	30.0
26	63.6
330	-1.8
279
338	Alcorn St.
   (H) 365 Mississippi Valley St.	SWAC	3	1–2
1–2	92.3
353	111.3
210	.1032
338	44.4
348	48.4
81	16.7
221	17.1
122	28.0
215	32.1
257	43.9
50	34.6
200	44.2
347	54.1
223	30.0
286	22.6
6	33.3
275	28.2
15	68.2
135	-1.8
285
339	Tennessee Martin	OVC	4	1–3
1–3	81.0
365	97.7
40	.1028
339	39.1
365	42.7
12	19.4
307	23.2
9	32.5
108	31.7
246	22.7
338	37.3
228	42.2
359	43.4
17	23.3
359	27.6
50	43.3
109	35.8
107	63.0
349	-2.8
340
340	Grambling St.
   (A) 310 Alabama A&M	SWAC	4	1–3
1–3	90.7
357	109.6
175	.1027
340	47.7
298	52.4
190	21.5
353	24.2
6	30.8
143	30.2
205	34.9
164	28.8
95	47.2
302	55.4
256	32.5
224	29.9
85	32.4
295	28.8
19	73.0
11	-2.8
334
341	VMI	SC	4	0–4
0–4	102.9
272	125.0
352	.0963
341	48.3
288	58.3
324	11.1
17	9.6
361	22.6
319	27.7
133	28.4
270	30.6
138	49.1
256	61.3
347	31.7
247	37.1
255	50.8
23	52.8
359	65.1
278	-3.6
360
342	Elon
   (H) 124 UNC Wilmington	CAA	3	0–3
0–3	101.6
289	123.5
342	.0962
342	46.7
315	55.0
260	14.5
117	16.1
159	27.8
224	37.5
341	29.0
261	31.6
157	45.5
334	58.7
320	32.4
231	32.3
135	40.2
157	36.3
119	65.1
278	-2.6
317
343	Saint Francis	NEC	5	1–4
1–4	102.3
281	124.6
350	.0941
343	51.9
184	57.6
313	20.4
333	15.8
177	31.2
133	28.4
155	33.2
195	30.4
132	52.3
177	60.0
338	34.1
184	36.0
223	31.1
306	39.4
198	70.3
51	-3.8
363
344	Northern Arizona	BSky	4	0–4
0–4	101.9
286	124.5
348	.0914
344	50.7
217	64.0
363	16.3
205	14.3
253	22.2
321	30.4
213	27.1
290	25.7
46	46.6
318	63.0
357	38.3
80	43.7
350	37.9
207	39.2
188	63.0
349	-3.1
348
345	Mississippi Valley St.
   (A) 343 Alcorn St.	SWAC	4	2–2
2–2	90.7
358	110.8
195	.0905
345	46.4
324	50.5
137	21.1
346	19.7
45	28.0
215	30.6
218	29.5
252	54.5
361	51.3
202	54.7
240	24.4
353	27.0
35	33.3
275	29.6
23	68.9
103	-1.8
277
346	The Citadel	SC	4	1–3
1–3	100.2
308	122.4
333	.0904
346	49.2
264	60.3
353	11.9
30	18.4
85	24.9
289	37.2
340	30.2
242	31.8
161	51.6
190	64.2
361	31.3
260	37.3
261	50.8
23	47.2
319	67.5
170	-2.6
319
347	Gardner Webb	BSth	4	0–4
0–4	95.2
346	117.1
289	.0844
347	50.2
235	51.3
153	15.6
174	15.6
193	18.8
349	32.1
257	21.7
348	32.5
169	54.5
121	55.9
267	28.9
310	29.5
77	38.3
194	39.6
209	67.6
166	-3.6
361
348	Manhattan	MAAC	3	0–3
0–3	100.6
302	123.8
345	.0838
348	42.2
357	55.8
282	15.9
187	21.8
18	31.0
138	41.2
359	38.7
108	30.1
125	46.7
313	54.6
238	23.5
358	38.5
285	39.3
172	37.6
148	67.7
161	-2.7
327
349	Lamar	Slnd	4	0–4
0–4	85.7
363	106.1
130	.0793
349	41.7
361	51.4
158	21.1
346	22.2
15	36.4
39	33.9
296	23.6
329	39.9
271	47.7
290	56.3
276	21.5
362	29.3
74	38.4
190	39.4
198	66.8
203	-3.7
362
350	Holy Cross
   (A) 322 Lafayette	Pat	4	1–3
1–3	98.3
324	121.6
328	.0793
350	51.6
191	53.4
220	15.1
141	13.2
300	21.5
336	29.6
183	34.4
172	26.2
58	50.3
229	56.6
281	36.1
135	31.8
121	33.5
273	35.9
111	67.2
184	-2.8
333
351	Eastern Illinois	OVC	4	1–3
1–3	96.4
343	119.7
317	.0765
351	43.9
350	54.0
239	16.8
231	20.3
36	32.4
111	34.7
313	37.8
130	26.9
67	44.6
343	50.4
125	27.8
330	39.8
307	24.3
361	39.5
206	65.3
270	-2.7
325
352	Coppin St.	MEAC	3	1–2
1–2	96.6
341	120.4
322	.0731
352	47.8
297	54.2
243	21.4
352	21.4
27	36.9
34	32.5
265	52.2
11	53.2
360	52.8
168	55.1
250	25.5
348	35.4
201	34.2
264	42.2
249	68.1
143	-1.8
273
353	Arkansas Pine Bluff
   (A) 335 Jackson St.	SWAC	3	1–2
1–2	100.3
304	125.3
353	.0719
353	50.6
219	55.2
271	16.5
215	18.9
65	27.9
222	31.5
241	45.1
38	30.1
125	57.6
57	59.8
334	27.8
330	31.1
104	43.9
101	35.3
93	66.3
226	-1.9
291
354	Rider	MAAC	4	1–3
1–3	91.2
356	114.1
256	.0710
354	42.0
359	55.1
266	13.7
87	21.8
18	27.2
241	26.5
110	26.6
297	38.2
246	43.5
352	51.2
150	25.7
347	41.0
328	30.3
325	37.7
149	70.2
56	-2.7
321
355	Northern Illinois
   (H) 168 Kent St.	MAC	4	1–3
1–3	93.8
351	117.3
290	.0707
355	51.0
211	55.0
260	20.8
342	11.9
335	22.2
321	25.0
67	32.7
201	28.1
87	49.6
245	52.0
174	35.3
158	40.5
317	42.1
128	34.2
69	65.7
255	-2.5
314
356	North Carolina Central	MEAC	4	2–2
2–2	105.7
234	133.3
365	.0652
356	53.7
123	59.4
343	17.6
258	22.8
11	28.5
198	44.1
364	39.5
94	21.7
19	50.7
218	56.5
278	39.7
60	43.2
347	34.0
268	34.5
77	67.7
161	-1.7
266
357	Fairleigh Dickinson	NEC	4	1–3
1–3	103.4
262	131.0
363	.0622
357	50.0
238	64.6
364	20.2
326	14.8
224	36.2
42	19.0
8	28.6
267	35.4
207	45.8
329	60.9
343	37.8
91	46.8
358	38.5
187	40.1
219	61.3
362	-2.7
324
358	Jackson St.
   (H) 305 Arkansas Pine Bluff	SWAC	3	0–3
0–3	91.8
354	117.3
291	.0562
358	40.4
364	49.5
103	20.7
336	18.9
65	34.4
71	44.1
364	37.7
134	42.2
306	43.1
354	44.7
35	24.7
350	39.1
300	44.3
95	34.2
69	67.5
170	-2.8
336
359	South Carolina St.	MEAC	5	2–3
2–3	97.6
327	124.8
351	.0557
359	49.2
264	55.4
275	21.3
351	19.8
44	34.7
63	35.0
315	52.3
10	49.0
345	49.4
252	51.8
166	32.5
224	41.6
335	31.3
305	34.4
74	68.2
135	-2.9
342
360	Maryland Eastern Shore	MEAC	3	1–2
1–2	88.4
361	113.7
248	.0525
360	50.6
219	46.5
56	28.3
365	24.0
7	41.7
5	32.3
262	38.5
113	69.7
365	52.3
177	45.9
51	31.5
253	31.6
115	33.5
273	40.1
219	66.4
224	-2.0
292
361	NJIT
   (H) 214 UMBC	AE	3	0–3
0–3	94.0
350	121.0
325	.0519
361	41.9
360	55.5
277	12.3
34	17.1
122	27.8
224	34.4
302	32.3
211	33.5
179	42.6
357	58.0
308	26.9
339	34.4
171	31.1
306	39.0
185	64.9
290	-2.9
343
362	Delaware St.	MEAC	3	0–3
0–3	88.8
360	119.3
314	.0324
362	43.3
352	51.9
174	19.4
307	17.9
95	34.9
58	29.3
178	30.8
233	44.8
321	44.7
342	46.1
55	26.5
345	42.3
342	28.5
346	33.8
58	64.2
316	-3.0
344
363	UMKC	Sum	4	0–4
0–4	87.7
362	119.5
315	.0277
363	45.0
343	57.7
315	15.1
141	17.1
122	16.0
359	35.8
325	31.8
218	29.9
124	44.6
343	53.7
215	30.3
281	42.1
341	45.6
79	42.1
246	73.3
8	-3.5
358
364	New Hampshire
   (H) 355 Bryant	AE	4	0–4
0–4	84.7
364	117.0
287	.0239
364	41.6
362	56.7
305	17.0
240	17.0
128	29.2
183	22.5
33	24.3
325	29.6
113	40.9
361	61.1
346	28.1
325	31.9
126	52.7
12	33.3
55	67.4
175	-3.8
365
365	Western Illinois	OVC	4	0–4
0–4	89.6
359	127.5
358	.0170
365	48.6
278	53.5
225	18.0
269	13.5
291	20.1
341	40.3
358	33.8
185	34.4
194	43.5
352	58.3
313	38.0
87	27.5
47	37.6
213	28.3
18	66.8
203	-3.8
364